May 26, 2009 13:54
529b02
H:\20090526-sws10-ls\LS_p35_d80_vp20_vd20.traj
cantilever = 529b02
lateral amplification = 100
normal amp = 100
pitch angle = 0
roll angle = 294
<data>
time	voltageForceLateral	voltageForceNormal	voltagePositionX	voltagePositionY
79.5781	-6.103516E-4	-6.225586E-2	1.464844E-2	1.220703E-2
79.5937	-7.019043E-3	-5.767822E-2	1.434326E-2	1.159668E-2
79.5937	-6.103516E-3	-5.432129E-2	1.403809E-2	1.190186E-2
79.6094	-7.324219E-3	-5.554199E-2	1.464844E-2	1.159668E-2
79.625	3.662109E-3	-5.432129E-2	1.464844E-2	1.190186E-2
79.625	-2.136230E-3	-5.737305E-2	1.464844E-2	1.129150E-2
79.6406	-9.155273E-4	-5.798340E-2	1.464844E-2	1.159668E-2
79.6562	5.798340E-3	-5.035400E-2	1.434326E-2	1.159668E-2
79.6562	-3.967285E-3	-5.493164E-2	1.464844E-2	1.190186E-2
79.6719	-3.051758E-3	-5.462646E-2	1.464844E-2	1.159668E-2
79.6875	-4.577637E-3	-5.340576E-2	1.403809E-2	1.159668E-2
79.6875	-7.934570E-3	-5.279541E-2	1.434326E-2	1.159668E-2
79.7031	-4.272461E-3	-5.371094E-2	1.434326E-2	1.190186E-2
79.7187	3.051758E-4	-6.195068E-2	1.464844E-2	1.129150E-2
79.7187	-1.007080E-2	-5.096436E-2	1.434326E-2	1.220703E-2
79.7344	1.525879E-3	-6.042480E-2	1.434326E-2	1.190186E-2
79.75	-3.356934E-3	-6.011963E-2	1.434326E-2	1.190186E-2
79.75	9.155273E-4	-5.432129E-2	1.434326E-2	1.159668E-2
79.7656	0.000000E+0	-5.889893E-2	1.434326E-2	1.190186E-2
79.7656	-3.967285E-3	-4.974365E-2	1.434326E-2	1.159668E-2
79.7812	2.441406E-3	-5.737305E-2	1.434326E-2	1.220703E-2
79.7969	1.220703E-3	-5.828857E-2	1.464844E-2	1.220703E-2
79.7969	6.103516E-4	-5.645752E-2	1.434326E-2	1.159668E-2
79.8125	-2.441406E-3	-5.981445E-2	1.434326E-2	1.159668E-2
79.8281	2.136230E-3	-6.072998E-2	1.434326E-2	1.190186E-2
79.8281	-9.155273E-4	-6.469727E-2	1.403809E-2	1.190186E-2
79.8437	-3.051758E-4	-5.950928E-2	1.403809E-2	1.159668E-2
79.8594	-3.051758E-3	-5.889893E-2	1.464844E-2	1.129150E-2
79.8594	-4.882812E-3	-5.371094E-2	1.434326E-2	1.159668E-2
79.875	-4.272461E-3	-5.798340E-2	1.403809E-2	1.220703E-2
79.875	-4.577637E-3	-5.157471E-2	1.434326E-2	1.190186E-2
79.8906	-3.051758E-4	-5.798340E-2	1.403809E-2	1.190186E-2
79.9062	3.662109E-3	-5.645752E-2	1.434326E-2	1.190186E-2
79.9062	-6.103516E-3	-6.164551E-2	1.464844E-2	1.220703E-2
79.9219	0.000000E+0	-5.462646E-2	1.434326E-2	1.159668E-2
79.9375	-2.136230E-3	-6.195068E-2	1.434326E-2	1.159668E-2
79.9375	-1.312256E-2	-6.256104E-2	1.495361E-2	1.159668E-2
79.9531	4.272461E-3	-5.889893E-2	1.403809E-2	1.190186E-2
79.9531	-6.103516E-3	-5.432129E-2	1.434326E-2	1.190186E-2
79.9687	-1.525879E-3	-6.072998E-2	1.464844E-2	1.159668E-2
79.9844	8.239746E-3	-5.798340E-2	1.464844E-2	1.159668E-2
79.9844	-8.239746E-3	-4.638672E-2	1.434326E-2	1.159668E-2
80.0	-4.272461E-3	-5.950928E-2	1.464844E-2	1.220703E-2
80.0156	-4.577637E-3	-5.981445E-2	1.434326E-2	1.159668E-2
80.0156	0.000000E+0	-5.767822E-2	1.434326E-2	1.159668E-2
80.0312	-1.037598E-2	-5.798340E-2	1.464844E-2	1.159668E-2
80.0469	-5.187988E-3	-5.340576E-2	1.464844E-2	1.159668E-2
80.0469	3.051758E-3	-5.523682E-2	1.434326E-2	1.220703E-2
80.0625	-5.187988E-3	-5.828857E-2	1.434326E-2	1.129150E-2
80.0781	-7.019043E-3	-5.401611E-2	1.464844E-2	1.190186E-2
80.0781	3.051758E-4	-6.042480E-2	1.495361E-2	1.159668E-2
80.0937	-8.239746E-3	-5.615234E-2	1.434326E-2	1.159668E-2
80.1094	5.187988E-3	-5.523682E-2	1.403809E-2	1.190186E-2
80.1094	-1.037598E-2	-5.859375E-2	1.434326E-2	1.251221E-2
80.125	-2.136230E-3	-5.950928E-2	1.434326E-2	1.129150E-2
80.125	-7.019043E-3	-5.767822E-2	1.434326E-2	1.159668E-2
80.1406	5.493164E-3	-5.645752E-2	1.464844E-2	1.159668E-2
80.1562	3.356934E-3	-5.554199E-2	1.464844E-2	1.129150E-2
80.1562	-1.525879E-3	-5.950928E-2	1.434326E-2	1.190186E-2
80.1719	-2.441406E-3	-6.195068E-2	1.403809E-2	1.159668E-2
80.1875	3.356934E-3	-5.828857E-2	1.434326E-2	1.159668E-2
80.1875	-6.408691E-3	-6.561279E-2	1.434326E-2	1.220703E-2
80.2031	-3.051758E-4	-5.737305E-2	1.373291E-2	1.190186E-2
80.2187	-3.662109E-3	-5.859375E-2	1.495361E-2	1.190186E-2
80.2187	-8.544922E-3	-5.279541E-2	1.434326E-2	1.159668E-2
80.2344	-4.882812E-3	-6.042480E-2	1.434326E-2	1.159668E-2
80.2344	-6.103516E-4	-5.767822E-2	1.434326E-2	1.220703E-2
80.25	4.577637E-3	-5.645752E-2	1.403809E-2	1.220703E-2
80.2656	0.000000E+0	-5.371094E-2	1.434326E-2	1.129150E-2
80.2656	-6.713867E-3	-5.523682E-2	1.464844E-2	1.159668E-2
80.2812	-3.051758E-3	-5.950928E-2	1.495361E-2	1.159668E-2
80.2969	5.798340E-3	-5.676270E-2	1.464844E-2	1.190186E-2
80.2969	-8.544922E-3	-5.523682E-2	1.373291E-2	1.159668E-2
80.3125	0.000000E+0	-5.493164E-2	1.373291E-2	1.129150E-2
80.3125	-6.408691E-3	-5.706787E-2	1.403809E-2	1.159668E-2
80.3281	-7.934570E-3	-5.187988E-2	1.464844E-2	1.190186E-2
80.3437	-1.831055E-3	-5.249023E-2	1.434326E-2	1.190186E-2
80.3437	4.272461E-3	-5.676270E-2	1.434326E-2	1.190186E-2
80.3594	1.220703E-3	-5.706787E-2	1.434326E-2	1.190186E-2
80.375	-6.103516E-3	-5.706787E-2	1.403809E-2	1.159668E-2
80.375	-1.220703E-3	-5.493164E-2	1.434326E-2	1.190186E-2
80.3906	0.000000E+0	-5.035400E-2	1.464844E-2	1.159668E-2
80.4062	-2.441406E-3	-5.401611E-2	1.495361E-2	1.159668E-2
80.4062	-4.272461E-3	-5.798340E-2	1.495361E-2	1.190186E-2
80.4219	-5.187988E-3	-5.462646E-2	1.434326E-2	1.220703E-2
80.4375	-4.882812E-3	-5.859375E-2	1.434326E-2	1.159668E-2
80.4375	-2.136230E-3	-5.157471E-2	1.373291E-2	1.220703E-2
80.4531	-7.629395E-3	-5.462646E-2	1.434326E-2	1.159668E-2
80.4687	0.000000E+0	-5.187988E-2	1.403809E-2	1.159668E-2
80.4687	-4.577637E-3	-5.828857E-2	1.403809E-2	1.159668E-2
80.4844	-1.525879E-3	-5.737305E-2	1.403809E-2	1.159668E-2
80.5	-2.746582E-3	-5.767822E-2	2.044678E-2	1.190186E-2
80.5	-9.155273E-4	-5.584717E-2	3.387451E-2	1.190186E-2
80.5156	-6.713867E-3	-6.103516E-2	5.859375E-2	1.159668E-2
80.5312	2.136230E-3	-5.676270E-2	7.995605E-2	1.220703E-2
80.5312	-8.544922E-3	-6.011963E-2	9.918213E-2	1.190186E-2
80.5469	0.000000E+0	-5.737305E-2	1.147461E-1	1.190186E-2
80.5469	-1.007080E-2	-6.103516E-2	1.397705E-1	1.190186E-2
80.5625	0.000000E+0	-5.889893E-2	1.599121E-1	1.098633E-2
80.5625	-8.239746E-3	-6.134033E-2	1.754761E-1	1.251221E-2
80.5781	-4.882812E-3	-6.256104E-2	1.980591E-1	1.129150E-2
80.5937	3.051758E-4	-6.042480E-2	2.224731E-1	1.220703E-2
80.5937	-2.746582E-3	-5.889893E-2	2.359009E-1	1.159668E-2
80.6094	4.577637E-3	-5.828857E-2	2.563477E-1	1.159668E-2
80.625	-3.051758E-3	-6.561279E-2	2.822876E-1	1.159668E-2
80.625	-1.281738E-2	-6.378174E-2	2.960205E-1	1.190186E-2
80.6406	-1.068115E-2	-5.920410E-2	3.201294E-1	1.220703E-2
80.6562	-6.408691E-3	-6.134033E-2	3.427124E-1	1.220703E-2
80.6562	3.967285E-3	-6.469727E-2	3.555298E-1	1.159668E-2
80.6719	1.220703E-3	-6.225586E-2	3.787231E-1	1.159668E-2
80.6875	-4.272461E-3	-6.195068E-2	4.000854E-1	1.129150E-2
80.6875	3.051758E-3	-6.134033E-2	4.150391E-1	1.190186E-2
80.7031	-1.220703E-3	-6.164551E-2	4.397583E-1	1.159668E-2
80.7187	-1.098633E-2	-6.744385E-2	4.623413E-1	1.129150E-2
80.7187	-6.408691E-3	-6.011963E-2	4.748535E-1	1.220703E-2
80.7344	-9.460449E-3	-6.134033E-2	5.001831E-1	1.190186E-2
80.75	-2.441406E-3	-6.256104E-2	5.224609E-1	1.159668E-2
80.75	-1.220703E-3	-6.347656E-2	5.352783E-1	1.220703E-2
80.7656	-4.577637E-3	-6.439209E-2	5.587769E-1	1.251221E-2
80.7656	-5.493164E-3	-6.561279E-2	5.731201E-1	1.159668E-2
80.7812	-4.882812E-3	-6.591797E-2	5.929565E-1	1.220703E-2
80.7969	-8.544922E-3	-6.835937E-2	6.143188E-1	1.159668E-2
80.7969	-5.798340E-3	-6.713867E-2	6.414795E-1	1.220703E-2
80.8125	-6.408691E-3	-7.385254E-2	6.539917E-1	1.190186E-2
80.8281	-7.629395E-3	-6.713867E-2	6.765747E-1	1.220703E-2
80.8281	-1.831055E-3	-6.774902E-2	7.019043E-1	1.220703E-2
80.8437	-1.159668E-2	-6.683350E-2	7.141113E-1	1.129150E-2
80.8594	-1.373291E-2	-6.164551E-2	7.385254E-1	1.251221E-2
80.8594	-1.220703E-2	-7.202148E-2	7.608032E-1	1.190186E-2
80.875	-8.239746E-3	-7.446289E-2	7.736206E-1	1.190186E-2
80.875	-5.493164E-3	-6.622314E-2	7.977295E-1	1.159668E-2
80.8906	-8.850098E-3	-6.774902E-2	8.178711E-1	1.159668E-2
80.9062	-1.281738E-2	-6.896973E-2	8.331299E-1	1.159668E-2
80.9062	-2.136230E-3	-7.354736E-2	8.575439E-1	1.220703E-2
80.9219	-9.765625E-3	-7.446289E-2	8.804321E-1	1.129150E-2
80.9375	-6.103516E-3	-8.178711E-2	8.932495E-1	1.251221E-2
80.9375	-1.678467E-2	-7.049561E-2	9.182739E-1	1.159668E-2
80.9531	-1.068115E-2	-7.080078E-2	9.402466E-1	1.220703E-2
80.9531	-1.098633E-2	-7.019043E-2	9.524536E-1	1.190186E-2
80.9687	-1.068115E-2	-7.598877E-2	9.744263E-1	1.190186E-2
80.9844	-9.155273E-3	-7.720947E-2	1.000061E+0	1.220703E-2
80.9844	-8.850098E-3	-8.026123E-2	1.012573E+0	1.190186E-2
81.0	-2.746582E-3	-7.263184E-2	1.037292E+0	1.220703E-2
81.0156	-1.281738E-2	-8.056641E-2	1.052856E+0	1.220703E-2
81.0156	-1.190186E-2	-7.751465E-2	1.072998E+0	1.159668E-2
81.0312	-1.342773E-2	-7.995605E-2	1.092529E+0	1.190186E-2
81.0469	-1.007080E-2	-8.392334E-2	1.110229E+0	1.251221E-2
81.0469	-7.324219E-3	-7.781982E-2	1.130371E+0	1.251221E-2
81.0625	-8.544922E-3	-7.751465E-2	1.153870E+0	1.190186E-2
81.0781	-3.051758E-3	-8.331299E-2	1.178894E+0	1.190186E-2
81.0781	-1.007080E-2	-7.934570E-2	1.192017E+0	1.220703E-2
81.0937	-7.019043E-3	-7.659912E-2	1.216431E+0	1.159668E-2
81.1094	-7.629395E-3	-7.781982E-2	1.235657E+0	1.190186E-2
81.1094	-5.493164E-3	-8.300781E-2	1.251526E+0	1.220703E-2
81.125	-7.019043E-3	-8.026123E-2	1.272583E+0	1.159668E-2
81.125	-3.967285E-3	-7.781982E-2	1.298523E+0	1.159668E-2
81.1406	-6.713867E-3	-8.148193E-2	1.311646E+0	1.159668E-2
81.1562	-7.934570E-3	-8.087158E-2	1.332703E+0	1.129150E-2
81.1562	-5.798340E-3	-8.148193E-2	1.358337E+0	1.190186E-2
81.1719	-9.155273E-3	-8.117676E-2	1.371155E+0	1.159668E-2
81.1875	-9.155273E-3	-8.728027E-2	1.393127E+0	1.251221E-2
81.1875	-1.525879E-2	-8.178711E-2	1.417847E+0	1.190186E-2
81.2031	-5.187988E-3	-8.941650E-2	1.430054E+0	1.220703E-2
81.2187	-1.220703E-2	-8.941650E-2	1.454468E+0	1.159668E-2
81.2187	-9.155273E-3	-8.422852E-2	1.474915E+0	1.190186E-2
81.2344	-8.850098E-3	-8.758545E-2	1.490479E+0	1.220703E-2
81.25	-1.342773E-2	-9.399414E-2	1.513977E+0	1.159668E-2
81.25	-8.544922E-3	-9.094238E-2	1.538086E+0	1.190186E-2
81.2656	-1.403809E-2	-8.697510E-2	1.549988E+0	1.190186E-2
81.2656	-1.190186E-2	-9.185791E-2	1.575317E+0	1.190186E-2
81.2812	-1.525879E-2	-8.911133E-2	1.597595E+0	1.190186E-2
81.2969	-5.798340E-3	-8.789062E-2	1.609497E+0	1.190186E-2
81.2969	-1.831055E-2	-8.575439E-2	1.634216E+0	1.129150E-2
81.3125	-1.739502E-2	-9.033203E-2	1.654358E+0	1.220703E-2
81.3125	-9.155273E-3	-9.490967E-2	1.669312E+0	1.251221E-2
81.3281	-1.708984E-2	-9.246826E-2	1.694031E+0	1.190186E-2
81.3437	-2.288818E-2	-9.124756E-2	1.717224E+0	1.159668E-2
81.3437	-1.617432E-2	-8.819580E-2	1.730652E+0	1.220703E-2
81.3594	-1.190186E-2	-1.025391E-1	1.751404E+0	1.159668E-2
81.375	-1.373291E-2	-9.765625E-2	1.776123E+0	1.159668E-2
81.375	-1.312256E-2	-9.521484E-2	1.789246E+0	1.190186E-2
81.3906	-9.155273E-3	-9.887695E-2	1.813660E+0	1.159668E-2
81.4062	-2.014160E-2	-9.613037E-2	1.837463E+0	1.190186E-2
81.4062	-1.678467E-2	-9.002686E-2	1.848755E+0	1.220703E-2
81.4219	-1.434326E-2	-1.040649E-1	1.872559E+0	1.159668E-2
81.4375	-1.647949E-2	-9.338379E-2	1.893311E+0	1.159668E-2
81.4375	-1.159668E-2	-1.019287E-1	1.908569E+0	1.220703E-2
81.4531	-1.861572E-2	-1.043701E-1	1.932678E+0	1.159668E-2
81.4687	-8.544922E-3	-1.004028E-1	1.955261E+0	1.159668E-2
81.4687	-2.410889E-2	-1.071167E-1	1.968689E+0	1.098633E-2
81.4844	-2.197266E-2	-1.007080E-1	1.993103E+0	1.190186E-2
81.5	-1.647949E-2	-9.918213E-2	2.015381E+0	1.129150E-2
81.5	-1.556396E-2	-1.049805E-1	2.027893E+0	1.220703E-2
81.5156	-2.166748E-2	-9.979248E-2	2.051697E+0	1.159668E-2
81.5156	-1.800537E-2	-1.037598E-1	2.066650E+0	1.190186E-2
81.5312	-2.532959E-2	-1.080322E-1	2.085266E+0	1.220703E-2
81.5469	-2.655029E-2	-1.074219E-1	2.107239E+0	1.190186E-2
81.5469	-2.014160E-2	-1.010132E-1	2.135315E+0	1.190186E-2
81.5625	-2.105713E-2	-1.068115E-1	2.147522E+0	1.190186E-2
81.5781	-1.800537E-2	-1.150513E-1	2.165833E+0	1.190186E-2
81.5781	-1.983643E-2	-1.116943E-1	2.189331E+0	1.190186E-2
81.5937	-1.770020E-2	-1.110840E-1	2.207947E+0	1.159668E-2
81.6094	-2.075195E-2	-1.092529E-1	2.231445E+0	1.220703E-2
81.6094	-2.410889E-2	-1.147461E-1	2.254333E+0	1.220703E-2
81.625	-2.410889E-2	-1.202393E-1	2.266846E+0	1.190186E-2
81.625	-2.655029E-2	-1.193237E-1	2.290955E+0	1.129150E-2
81.6406	-2.136230E-2	-1.199341E-1	2.310486E+0	1.190186E-2
81.6562	-2.288818E-2	-1.184082E-1	2.326050E+0	1.190186E-2
81.6562	-1.739502E-2	-1.214600E-1	2.347717E+0	1.220703E-2
81.6719	-1.983643E-2	-1.174927E-1	2.373352E+0	1.220703E-2
81.6875	-2.166748E-2	-1.181030E-1	2.386169E+0	1.190186E-2
81.6875	-2.624512E-2	-1.248169E-1	2.411194E+0	1.190186E-2
81.7031	-2.624512E-2	-1.245117E-1	2.433777E+0	1.159668E-2
81.7031	-2.777100E-2	-1.309204E-1	2.445374E+0	1.190186E-2
81.7187	-2.197266E-2	-1.266479E-1	2.467651E+0	1.190186E-2
81.7344	-1.892090E-2	-1.309204E-1	2.493591E+0	1.220703E-2
81.7344	-3.479004E-2	-1.373291E-1	2.505188E+0	1.220703E-2
81.75	-4.058838E-2	-1.321411E-1	2.529602E+0	1.190186E-2
81.7656	-4.058838E-2	-1.736450E-1	2.548523E+0	1.220703E-2
81.7656	-3.448486E-2	-1.571655E-1	2.564697E+0	1.190186E-2
81.7812	-2.624512E-2	-1.266479E-1	2.584534E+0	1.220703E-2
81.7969	-3.356934E-2	-8.026123E-2	2.613220E+0	1.129150E-2
81.7969	-1.647949E-2	-6.195068E-2	2.625122E+0	1.129150E-2
81.8125	-1.647949E-2	-2.624512E-2	2.649841E+0	1.190186E-2
81.8281	-8.850098E-3	1.434326E-2	2.672119E+0	1.129150E-2
81.8281	-1.312256E-2	3.143311E-2	2.684631E+0	1.190186E-2
81.8437	-7.629395E-3	7.110596E-2	2.709351E+0	1.220703E-2
81.8594	5.798340E-3	1.037598E-1	2.729492E+0	1.190186E-2
81.8594	4.882812E-3	1.358032E-1	2.745056E+0	1.220703E-2
81.875	2.227783E-2	1.577759E-1	2.768860E+0	1.190186E-2
81.875	2.105713E-2	2.078247E-1	2.792664E+0	1.190186E-2
81.8906	1.953125E-2	2.209473E-1	2.804565E+0	1.129150E-2
81.9062	2.777100E-2	2.606201E-1	2.827148E+0	1.190186E-2
81.9062	2.929687E-2	2.963257E-1	2.851562E+0	1.159668E-2
81.9219	3.204346E-2	3.256226E-1	2.864990E+0	1.190186E-2
81.9375	4.699707E-2	3.588867E-1	2.886963E+0	1.190186E-2
81.9375	5.035400E-2	3.955078E-1	2.911377E+0	1.251221E-2
81.9531	5.981445E-2	4.299927E-1	2.923279E+0	1.190186E-2
81.9687	5.401611E-2	4.550171E-1	2.947693E+0	1.190186E-2
81.9687	6.195068E-2	4.971313E-1	2.968140E+0	1.129150E-2
81.9844	6.561279E-2	5.142212E-1	2.983704E+0	1.159668E-2
82.0	6.530762E-2	5.630493E-1	3.007202E+0	1.190186E-2
82.0	8.758545E-2	6.039429E-1	3.031311E+0	1.159668E-2
82.0156	8.270264E-2	6.207275E-1	3.043213E+0	1.220703E-2
82.0156	9.246826E-2	6.655884E-1	3.068237E+0	1.220703E-2
82.0312	9.033203E-2	6.915283E-1	3.091736E+0	1.251221E-2
82.0469	9.826660E-2	7.220459E-1	3.103027E+0	1.190186E-2
82.0469	1.022339E-1	7.617187E-1	3.127136E+0	1.190186E-2
82.0625	1.074219E-1	7.934570E-1	3.146973E+0	1.129150E-2
82.0625	1.126099E-1	8.224487E-1	3.163147E+0	1.159668E-2
82.0781	1.156616E-1	8.575439E-1	3.184814E+0	1.190186E-2
82.0937	1.242065E-1	8.959961E-1	3.210144E+0	1.190186E-2
82.0937	1.266479E-1	9.262085E-1	3.223267E+0	1.190186E-2
82.1094	1.300049E-1	9.524536E-1	3.244934E+0	1.190186E-2
82.125	1.336670E-1	1.005859E+0	3.269958E+0	1.220703E-2
82.125	1.440430E-1	1.026001E+0	3.282776E+0	1.251221E-2
82.1406	1.440430E-1	1.059875E+0	3.307190E+0	1.190186E-2
82.1562	1.611328E-1	1.107483E+0	3.330078E+0	1.129150E-2
82.1562	1.559448E-1	1.123047E+0	3.342285E+0	1.190186E-2
82.1719	1.599121E-1	1.167297E+0	3.366089E+0	1.159668E-2
82.1875	1.666260E-1	1.211548E+0	3.386536E+0	1.220703E-2
82.1875	1.718140E-1	1.222229E+0	3.402405E+0	1.220703E-2
82.2031	1.760864E-1	1.268311E+0	3.426514E+0	1.159668E-2
82.2187	1.815796E-1	1.306458E+0	3.449402E+0	1.159668E-2
82.2187	1.864624E-1	1.338501E+0	3.461609E+0	1.159668E-2
82.2344	1.956177E-1	1.376038E+0	3.487244E+0	1.159668E-2
82.25	2.056885E-1	1.396484E+0	3.497620E+0	1.251221E-2
82.25	1.986694E-1	1.379395E+0	3.496094E+0	3.112793E-2
82.2656	1.815796E-1	1.372070E+0	3.491211E+0	5.126953E-2
82.2656	1.821899E-1	1.361084E+0	3.489380E+0	6.927490E-2
82.2812	1.803589E-1	1.349792E+0	3.485413E+0	8.850098E-2
82.2969	1.745605E-1	1.333923E+0	3.481750E+0	1.095581E-1
82.2969	1.684570E-1	1.310120E+0	3.477783E+0	1.306152E-1
82.3125	1.745605E-1	1.320801E+0	3.475952E+0	1.486206E-1
82.3281	1.651001E-1	1.291504E+0	3.472290E+0	1.693726E-1
82.3281	1.632690E-1	1.286926E+0	3.469238E+0	1.889038E-1
82.3437	1.553345E-1	1.264343E+0	3.466492E+0	2.087402E-1
82.3594	1.574707E-1	1.260986E+0	3.462219E+0	2.282715E-1
82.3594	1.525879E-1	1.252747E+0	3.458557E+0	2.484131E-1
82.375	1.477051E-1	1.239319E+0	3.456116E+0	2.670288E-1
82.375	1.397705E-1	1.222534E+0	3.452454E+0	2.886963E-1
82.3906	1.312256E-1	1.200867E+0	3.450012E+0	3.073120E-1
82.4062	1.330566E-1	1.192322E+0	3.447571E+0	3.259277E-1
82.4062	1.208496E-1	1.178284E+0	3.443604E+0	3.475952E-1
82.4219	1.156616E-1	1.163635E+0	3.440552E+0	3.671265E-1
82.4375	1.129150E-1	1.140747E+0	3.438416E+0	3.860474E-1
82.4375	1.138306E-1	1.128845E+0	3.434143E+0	4.067993E-1
82.4531	1.065063E-1	1.127014E+0	3.430176E+0	4.263306E-1
82.4531	1.062012E-1	1.109924E+0	3.428650E+0	4.446411E-1
82.4687	9.429932E-2	1.097717E+0	3.424988E+0	4.663086E-1
82.4844	8.300781E-2	1.074829E+0	3.421631E+0	4.846191E-1
82.4844	7.843018E-2	1.067505E+0	3.418884E+0	5.044556E-1
82.5	7.781982E-2	1.055603E+0	3.416138E+0	5.258179E-1
82.5156	6.469727E-2	1.031189E+0	3.412781E+0	5.432129E-1
82.5156	6.134033E-2	1.027222E+0	3.409424E+0	5.645752E-1
82.5312	5.126953E-2	1.007385E+0	3.406982E+0	5.841064E-1
82.5469	5.126953E-2	9.933472E-1	3.402405E+0	6.045532E-1
82.5469	4.089355E-2	9.683228E-1	3.400879E+0	6.225586E-1
82.5625	2.563477E-2	9.716797E-1	3.397217E+0	6.436157E-1
82.5781	3.265381E-2	9.448242E-1	3.393555E+0	6.625366E-1
82.5781	1.678467E-2	9.301758E-1	3.390808E+0	6.817627E-1
82.5937	1.800537E-2	9.207153E-1	3.386536E+0	7.025146E-1
82.6094	1.831055E-3	8.978271E-1	3.384399E+0	7.223511E-1
82.6094	3.051758E-4	8.889771E-1	3.381653E+0	7.409668E-1
82.625	-1.129150E-2	8.569336E-1	3.377686E+0	7.626343E-1
82.625	-2.441406E-2	8.563232E-1	3.374329E+0	7.806396E-1
82.6406	-3.051758E-2	8.312988E-1	3.372803E+0	8.001709E-1
82.6562	-2.899170E-2	8.190918E-1	3.369141E+0	8.212280E-1
82.6562	-4.760742E-2	7.958984E-1	3.365173E+0	8.413696E-1
82.6719	-4.852295E-2	7.888794E-1	3.362122E+0	8.587646E-1
82.6875	-6.805420E-2	7.638550E-1	3.359375E+0	8.807373E-1
82.6875	-6.958008E-2	7.443237E-1	3.355103E+0	8.999634E-1
82.7031	-9.124756E-2	7.366943E-1	3.353271E+0	9.188843E-1
82.7187	-9.613037E-2	7.141113E-1	3.349915E+0	9.399414E-1
82.7187	-1.019287E-1	6.909180E-1	3.346558E+0	9.588623E-1
82.7344	-1.074219E-1	6.817627E-1	3.344116E+0	9.790039E-1
82.75	-1.089478E-1	6.631470E-1	3.341064E+0	9.991455E-1
82.75	-1.208496E-1	6.439209E-1	3.337097E+0	1.018677E+0
82.7656	-1.367187E-1	6.265259E-1	3.334961E+0	1.036682E+0
82.7656	-1.416016E-1	6.112671E-1	3.330383E+0	1.059570E+0
82.7812	-1.473999E-1	5.871582E-1	3.327942E+0	1.076965E+0
82.7969	-1.599121E-1	5.822754E-1	3.325500E+0	1.096802E+0
82.7969	-1.705933E-1	5.566406E-1	3.321838E+0	1.117249E+0
82.8125	-1.943970E-1	5.343628E-1	3.319397E+0	1.136475E+0
82.8125	-1.977539E-1	5.175781E-1	3.316650E+0	1.156311E+0
82.8281	-2.188110E-1	4.937744E-1	3.311157E+0	1.176147E+0
82.8437	-2.212524E-1	4.922485E-1	3.308105E+0	1.195984E+0
82.8437	-2.438354E-1	4.504395E-1	3.307190E+0	1.215210E+0
82.8594	-2.532959E-1	4.510498E-1	3.303528E+0	1.236267E+0
82.875	-2.575684E-1	4.232788E-1	3.299255E+0	1.254883E+0
82.875	-2.658081E-1	4.113770E-1	3.297729E+0	1.273804E+0
82.8906	-2.926636E-1	3.833008E-1	3.293457E+0	1.295471E+0
82.9062	-3.012085E-1	3.717041E-1	3.289795E+0	1.314392E+0
82.9062	-3.186035E-1	3.509521E-1	3.287964E+0	1.333923E+0
82.9219	-3.216553E-1	3.295898E-1	3.283691E+0	1.354675E+0
82.9375	-3.411865E-1	3.128052E-1	3.280945E+0	1.373596E+0
82.9375	-3.491211E-1	2.911377E-1	3.278503E+0	1.393127E+0
82.9531	-3.781128E-1	2.749634E-1	3.274841E+0	1.414185E+0
82.9687	-3.976440E-1	2.496338E-1	3.271179E+0	1.433105E+0
82.9687	-4.037476E-1	2.340698E-1	3.269348E+0	1.451721E+0
82.9844	-4.248047E-1	2.053833E-1	3.265381E+0	1.473389E+0
83.0	-4.342651E-1	1.950073E-1	3.261108E+0	1.492615E+0
83.0	-4.483032E-1	1.757812E-1	3.259888E+0	1.510620E+0
83.0156	-4.611206E-1	1.556396E-1	3.255615E+0	1.532288E+0
83.0156	-4.818726E-1	1.379395E-1	3.253174E+0	1.552429E+0
83.0312	-4.965210E-1	1.123047E-1	3.250732E+0	1.569519E+0
83.0469	-5.130005E-1	9.582520E-2	3.247681E+0	1.590576E+0
83.0469	-5.273437E-1	6.896973E-2	3.243408E+0	1.611023E+0
83.0625	-5.593872E-1	5.584717E-2	3.240051E+0	1.629944E+0
83.0781	-5.529785E-1	4.760742E-2	3.237000E+0	1.651306E+0
83.0781	-5.889893E-1	1.678467E-2	3.233337E+0	1.669922E+0
83.0937	-5.975342E-1	2.746582E-3	3.231506E+0	1.688232E+0
83.1094	-6.210327E-1	-2.288818E-2	3.228149E+0	1.709595E+0
83.1094	-6.378174E-1	-4.364014E-2	3.224182E+0	1.729126E+0
83.125	-6.631470E-1	-6.896973E-2	3.222351E+0	1.747742E+0
83.125	-6.784058E-1	-9.552002E-2	3.217773E+0	1.769104E+0
83.1406	-6.985474E-1	-1.119995E-1	3.214417E+0	1.787720E+0
83.1562	-7.144165E-1	-1.284790E-1	3.212280E+0	1.808167E+0
83.1562	-7.315063E-1	-1.400757E-1	3.208618E+0	1.828003E+0
83.1719	-7.702637E-1	-1.745605E-1	3.204956E+0	1.847229E+0
83.1875	-7.739258E-1	-1.791382E-1	3.203125E+0	1.867065E+0
83.1875	-8.074951E-1	-2.093506E-1	3.199463E+0	1.888428E+0
83.2031	-8.102417E-1	-2.233887E-1	3.196411E+0	1.906433E+0
83.2031	-8.432007E-1	-2.438354E-1	3.194275E+0	1.924438E+0
83.2187	-8.703613E-1	-2.612305E-1	3.190002E+0	1.947021E+0
83.2344	-8.978271E-1	-2.935791E-1	3.186340E+0	1.966553E+0
83.2344	-8.990479E-1	-2.999878E-1	3.184204E+0	1.983643E+0
83.25	-9.396362E-1	-3.225708E-1	3.180237E+0	2.005615E+0
83.2656	-9.432983E-1	-3.414917E-1	3.177795E+0	2.024841E+0
83.2656	-9.896851E-1	-3.717041E-1	3.175659E+0	2.045288E+0
83.2812	-9.945679E-1	-3.875732E-1	3.172302E+0	2.064209E+0
83.2969	-1.027527E+0	-4.113770E-1	3.168640E+0	2.084351E+0
83.2969	-1.040344E+0	-4.290771E-1	3.164368E+0	2.104797E+0
83.3125	-1.070557E+0	-4.541016E-1	3.161926E+0	2.123413E+0
83.3281	-1.087341E+0	-4.620361E-1	3.159180E+0	2.144165E+0
83.3281	-1.110229E+0	-4.916382E-1	3.154907E+0	2.163391E+0
83.3437	-1.140747E+0	-4.968262E-1	3.153381E+0	2.181702E+0
83.3594	-1.160583E+0	-5.252075E-1	3.149414E+0	2.203369E+0
83.3594	-1.203918E+0	-5.569458E-1	3.145447E+0	2.222290E+0
83.375	-1.209106E+0	-5.661011E-1	3.143921E+0	2.241211E+0
83.375	-1.257629E+0	-5.935669E-1	3.139648E+0	2.262573E+0
83.3906	-1.260071E+0	-6.024170E-1	3.138123E+0	2.281799E+0
83.4062	-1.315002E+0	-6.341553E-1	3.133545E+0	2.300720E+0
83.4062	-1.311951E+0	-6.402588E-1	3.130188E+0	2.321472E+0
83.4219	-1.362915E+0	-6.738281E-1	3.127441E+0	2.340393E+0
83.4375	-1.363831E+0	-6.762695E-1	3.125000E+0	2.359924E+0
83.4375	-1.396179E+0	-7.034302E-1	3.121338E+0	2.380066E+0
83.4531	-1.417542E+0	-7.141113E-1	3.117676E+0	2.399902E+0
83.4531	-1.450195E+0	-7.397461E-1	3.114929E+0	2.418823E+0
83.4687	-1.463013E+0	-7.479858E-1	3.112793E+0	2.440491E+0
83.4844	-1.493225E+0	-7.647705E-1	3.107910E+0	2.459412E+0
83.4844	-1.511230E+0	-7.748413E-1	3.106384E+0	2.477417E+0
83.5	-1.531982E+0	-7.949829E-1	3.103333E+0	2.499390E+0
83.5156	-1.551819E+0	-8.142090E-1	3.099976E+0	2.517700E+0
83.5156	-1.576538E+0	-8.248901E-1	3.097534E+0	2.537842E+0
83.5312	-1.568604E+0	-8.328247E-1	3.093567E+0	2.557678E+0
83.5469	-1.580505E+0	-8.355713E-1	3.088989E+0	2.578430E+0
83.5469	-7.836914E-1	-2.990723E-1	3.087463E+0	2.597046E+0
83.5625	-8.425903E-1	-3.335571E-1	3.084717E+0	2.616882E+0
83.5781	-8.728027E-1	-3.717041E-1	3.080139E+0	2.636108E+0
83.5781	-8.825684E-1	-3.848267E-1	3.078918E+0	2.655945E+0
83.5937	-9.262085E-1	-4.113770E-1	3.074951E+0	2.677002E+0
83.6094	-9.280396E-1	-4.284668E-1	3.070984E+0	2.696838E+0
83.6094	-9.674072E-1	-4.522705E-1	3.068848E+0	2.714844E+0
83.625	-9.811401E-1	-4.653931E-1	3.064880E+0	2.735596E+0
83.625	-1.017761E+0	-4.971313E-1	3.061829E+0	2.755127E+0
83.6406	-1.024170E+0	-5.014038E-1	3.059692E+0	2.774658E+0
83.6562	-1.076965E+0	-5.401611E-1	3.056335E+0	2.794800E+0
83.6562	-1.086731E+0	-5.361938E-1	3.052368E+0	2.814636E+0
83.6719	-1.103210E+0	-5.688477E-1	3.050537E+0	2.832336E+0
83.6875	-1.136780E+0	-5.889893E-1	3.046265E+0	2.854309E+0
83.6875	-1.156921E+0	-6.201172E-1	3.043213E+0	2.873230E+0
83.7031	-1.178284E+0	-6.234741E-1	3.040466E+0	2.892151E+0
83.7187	-1.209412E+0	-6.631470E-1	3.037109E+0	2.914429E+0
83.7187	-1.240540E+0	-6.893921E-1	3.033752E+0	2.933350E+0
83.7344	-1.271667E+0	-7.025146E-1	3.031616E+0	2.951965E+0
83.75	-1.297607E+0	-7.257080E-1	3.028564E+0	2.972412E+0
83.75	-1.311951E+0	-7.321167E-1	3.024292E+0	2.992249E+0
83.7656	-1.344604E+0	-7.604980E-1	3.021240E+0	3.010864E+0
83.7656	-1.366272E+0	-7.781982E-1	3.017883E+0	3.031616E+0
83.7812	-1.405945E+0	-8.041382E-1	3.014526E+0	3.050842E+0
83.7969	-1.428528E+0	-8.071899E-1	3.013000E+0	3.069458E+0
83.7969	-1.465149E+0	-8.248901E-1	3.009338E+0	3.091431E+0
83.8125	-1.470947E+0	-8.404541E-1	3.005676E+0	3.108826E+0
83.8125	-1.499634E+0	-8.633423E-1	3.003540E+0	3.129272E+0
83.8281	-1.499329E+0	-8.654785E-1	3.000183E+0	3.150635E+0
83.8437	-1.524048E+0	-8.758545E-1	2.995605E+0	3.169861E+0
83.8437	-3.179932E-1	7.232666E-2	2.993774E+0	3.187866E+0
83.8594	-3.546143E-1	4.089355E-2	2.991333E+0	3.209534E+0
83.875	-3.775024E-1	2.197266E-2	2.987671E+0	3.228455E+0
83.875	-3.918457E-1	-3.051758E-3	2.985229E+0	3.247070E+0
83.8906	-4.013062E-1	-1.159668E-2	2.981873E+0	3.268127E+0
83.9062	-4.144287E-1	-3.814697E-2	2.978516E+0	3.287354E+0
83.9062	-4.446411E-1	-5.371094E-2	2.976379E+0	3.306274E+0
83.9219	-4.483032E-1	-7.385254E-2	2.972107E+0	3.328247E+0
83.9375	-4.672241E-1	-8.880615E-2	2.969666E+0	3.347168E+0
83.9375	-4.891968E-1	-1.058960E-1	2.966919E+0	3.365784E+0
83.9531	-5.117798E-1	-1.348877E-1	2.962952E+0	3.387451E+0
83.9687	-5.291748E-1	-1.483154E-1	2.959900E+0	3.406067E+0
83.9687	-5.456543E-1	-1.666260E-1	2.958069E+0	3.424988E+0
83.9844	-5.566406E-1	-1.870728E-1	2.952576E+0	3.446045E+0
84.0	-5.743408E-1	-2.108765E-1	2.949219E+0	3.465881E+0
84.0	-5.923462E-1	-2.160645E-1	2.947388E+0	3.484192E+0
84.0156	-6.042480E-1	-2.401733E-1	2.944336E+0	3.504944E+0
84.0156	-6.393433E-1	-2.587891E-1	2.942200E+0	3.524475E+0
84.0312	-6.408691E-1	-2.770996E-1	2.939148E+0	3.542786E+0
84.0469	-6.698608E-1	-2.883911E-1	2.935181E+0	3.564453E+0
84.0469	-6.814575E-1	-3.067017E-1	2.931519E+0	3.583679E+0
84.0625	-6.982422E-1	-3.302002E-1	2.929077E+0	3.602600E+0
84.0781	-7.260132E-1	-3.454590E-1	2.925110E+0	3.623657E+0
84.0781	-7.498169E-1	-3.726196E-1	2.921143E+0	3.643494E+0
84.0937	-7.571411E-1	-3.829956E-1	2.919922E+0	3.660583E+0
84.1094	-7.815552E-1	-4.055786E-1	2.915955E+0	3.682861E+0
84.1094	-8.007812E-1	-4.220581E-1	2.912598E+0	3.701782E+0
84.125	-8.264160E-1	-4.415894E-1	2.910461E+0	3.720703E+0
84.125	-8.349609E-1	-4.583740E-1	2.907104E+0	3.741455E+0
84.1406	-8.587646E-1	-4.751587E-1	2.903137E+0	3.760681E+0
84.1562	-8.813477E-1	-4.956055E-1	2.900085E+0	3.780212E+0
84.1562	-9.017944E-1	-5.068970E-1	2.897339E+0	3.802185E+0
84.1719	-9.204102E-1	-5.328369E-1	2.893982E+0	3.819885E+0
84.1875	-9.405518E-1	-5.368042E-1	2.890930E+0	3.839417E+0
84.1875	-9.622192E-1	-5.612183E-1	2.887878E+0	3.860474E+0
84.2031	-9.863281E-1	-5.816650E-1	2.884827E+0	3.880005E+0
84.2031	-9.909058E-1	-5.838013E-1	2.882690E+0	3.898010E+0
84.2187	-1.022339E+0	-6.115723E-1	2.879028E+0	3.919678E+0
84.2344	-1.051025E+0	-6.158447E-1	2.874146E+0	3.938904E+0
84.2344	-1.053772E+0	-6.268311E-1	2.872620E+0	3.956909E+0
84.25	-1.058960E+0	-6.384277E-1	2.868958E+0	3.978271E+0
84.2656	-1.058655E+0	-6.326294E-1	2.866211E+0	3.995972E+0
84.2656	-5.490112E-1	-2.490234E-1	2.864075E+0	4.017639E+0
84.2812	-5.758667E-1	-2.700806E-1	2.860413E+0	4.036865E+0
84.2969	-5.889893E-1	-2.865601E-1	2.857666E+0	4.057922E+0
84.2969	-5.932617E-1	-2.951050E-1	2.854919E+0	4.074402E+0
84.3125	-6.427002E-1	-3.366089E-1	2.850647E+0	4.096375E+0
84.3281	-6.427002E-1	-3.433228E-1	2.846680E+0	4.116211E+0
84.3281	-6.817627E-1	-3.729248E-1	2.845154E+0	4.134521E+0
84.3437	-6.820679E-1	-3.759766E-1	2.840576E+0	4.155579E+0
84.3594	-7.019043E-1	-4.000854E-1	2.837830E+0	4.175110E+0
84.3594	-7.205200E-1	-4.168701E-1	2.835693E+0	4.195251E+0
84.375	-7.437134E-1	-4.290771E-1	2.831726E+0	4.216003E+0
84.375	-7.589722E-1	-4.501343E-1	2.827759E+0	4.234009E+0
84.3906	-7.815552E-1	-4.690552E-1	2.826233E+0	4.252625E+0
84.4062	-8.078003E-1	-4.895020E-1	2.822571E+0	4.274902E+0
84.4062	-8.123779E-1	-5.072021E-1	2.818604E+0	4.293823E+0
84.4219	-8.441162E-1	-5.261230E-1	2.817078E+0	4.310608E+0
84.4375	-8.547974E-1	-5.319214E-1	2.813110E+0	4.332886E+0
84.4375	-8.847046E-1	-5.508423E-1	2.810059E+0	4.352722E+0
84.4531	-8.901978E-1	-5.618286E-1	2.808228E+0	4.371033E+0
84.4687	-9.243774E-1	-5.926514E-1	2.803650E+0	4.391479E+0
84.4687	-9.240723E-1	-5.993652E-1	2.800293E+0	4.411011E+0
84.4844	-9.664917E-1	-6.161499E-1	2.798157E+0	4.430542E+0
84.5	-9.561157E-1	-6.234741E-1	2.794189E+0	4.450989E+0
84.5	-9.838867E-1	-6.338501E-1	2.790833E+0	4.470215E+0
84.5156	-9.729004E-1	-6.369019E-1	2.789307E+0	4.488525E+0
84.5156	-5.041504E-1	-2.590942E-1	2.785034E+0	4.510803E+0
84.5312	-5.218506E-1	-2.752686E-1	2.781982E+0	4.529114E+0
84.5469	-5.358887E-1	-2.944946E-1	2.779236E+0	4.548035E+0
84.5469	-5.538940E-1	-3.039551E-1	2.776489E+0	4.568787E+0
84.5625	-5.706787E-1	-3.295898E-1	2.772827E+0	4.588013E+0
84.5625	-5.850220E-1	-3.356934E-1	2.770081E+0	4.607544E+0
84.5781	-5.990601E-1	-3.561401E-1	2.767029E+0	4.627686E+0
84.5937	-6.301880E-1	-3.744507E-1	2.763062E+0	4.647217E+0
84.5937	-6.381226E-1	-3.897095E-1	2.761536E+0	4.666443E+0
84.6094	-6.640625E-1	-4.095459E-1	2.757874E+0	4.686890E+0
84.625	-6.686401E-1	-4.144287E-1	2.752991E+0	4.706116E+0
84.625	-6.887817E-1	-4.513550E-1	2.752380E+0	4.725037E+0
84.6406	-7.077026E-1	-4.562378E-1	2.747192E+0	4.746399E+0
84.6562	-7.312012E-1	-4.779053E-1	2.744751E+0	4.765625E+0
84.6562	-7.369995E-1	-4.827881E-1	2.742920E+0	4.783936E+0
84.6719	-7.617187E-1	-5.075073E-1	2.738953E+0	4.805298E+0
84.6875	-7.766724E-1	-5.169678E-1	2.735291E+0	4.824829E+0
84.6875	-8.004761E-1	-5.364990E-1	2.732239E+0	4.844055E+0
84.7031	-8.105469E-1	-5.490112E-1	2.728577E+0	4.863281E+0
84.7187	-8.346558E-1	-5.627441E-1	2.726135E+0	4.882507E+0
84.7187	-8.312988E-1	-5.657959E-1	2.723999E+0	4.902344E+0
84.7344	-8.557129E-1	-5.697632E-1	2.719421E+0	4.923401E+0
84.75	-8.145142E-1	-5.395508E-1	2.716370E+0	4.941406E+0
84.75	-6.872559E-1	-4.397583E-1	2.715149E+0	4.960022E+0
84.7656	1.220703E-3	-1.025391E-1	2.711182E+0	4.981995E+0
84.7812	-1.220703E-2	-9.979248E-2	2.706909E+0	5.001831E+0
84.7812	-1.922607E-2	-9.674072E-2	2.704163E+0	5.020447E+0
84.7969	-1.678467E-2	-1.058960E-1	2.701721E+0	5.038757E+0
84.7969	-2.075195E-2	-1.022339E-1	2.698669E+0	5.060730E+0
84.8125	-1.586914E-2	-9.368896E-2	2.695312E+0	5.079346E+0
84.8125	-1.770020E-2	-1.000977E-1	2.692871E+0	5.097961E+0
84.8281	-1.861572E-2	-1.046753E-1	2.689819E+0	5.119324E+0
84.8437	-1.220703E-2	-1.074219E-1	2.685242E+0	5.138855E+0
84.8437	-1.708984E-2	-1.016235E-1	2.683411E+0	5.157776E+0
84.8594	-1.831055E-2	-9.918213E-2	2.680054E+0	5.177307E+0
84.875	-1.831055E-2	-9.429932E-2	2.676697E+0	5.196838E+0
84.875	-1.403809E-2	-1.028442E-1	2.673950E+0	5.215759E+0
84.8906	-9.155273E-3	-9.918213E-2	2.669373E+0	5.238037E+0
84.9062	-2.014160E-2	-1.034546E-1	2.666931E+0	5.257263E+0
84.9062	-2.105713E-2	-1.022339E-1	2.664795E+0	5.274658E+0
84.9219	-1.586914E-2	-1.022339E-1	2.661438E+0	5.296936E+0
84.9375	-1.708984E-2	-1.022339E-1	2.657776E+0	5.315552E+0
84.9375	-1.739502E-2	-1.022339E-1	2.655334E+0	5.335388E+0
84.9531	-1.800537E-2	-9.796143E-2	2.651672E+0	5.354919E+0
84.9687	-2.685547E-2	-9.552002E-2	2.648010E+0	5.374146E+0
84.9687	-2.075195E-2	-9.674072E-2	2.646179E+0	5.393066E+0
84.9844	-1.281738E-2	-9.490967E-2	2.642517E+0	5.414429E+0
85.0	-1.708984E-2	-1.022339E-1	2.639160E+0	5.432739E+0
85.0	-1.678467E-2	-9.399414E-2	2.636719E+0	5.451050E+0
85.0156	-1.953125E-2	-9.521484E-2	2.632751E+0	5.473633E+0
85.0312	-1.800537E-2	-1.007080E-1	2.628479E+0	5.492249E+0
85.0312	-1.434326E-2	-1.010132E-1	2.627258E+0	5.510254E+0
85.0469	-2.410889E-2	-1.025391E-1	2.624207E+0	5.531006E+0
85.0469	-1.800537E-2	-9.704590E-2	2.620239E+0	5.552368E+0
85.0625	-3.082275E-2	-9.643555E-2	2.618103E+0	5.570679E+0
85.0625	-2.136230E-2	-9.826660E-2	2.615051E+0	5.588989E+0
85.0781	-1.800537E-2	-9.643555E-2	2.610779E+0	5.610657E+0
85.0937	-1.953125E-2	-9.979248E-2	2.607422E+0	5.629883E+0
85.0937	-1.586914E-2	-9.277344E-2	2.605896E+0	5.648804E+0
85.1094	-1.556396E-2	-9.552002E-2	2.601624E+0	5.668640E+0
85.125	-1.617432E-2	-9.948730E-2	2.598877E+0	5.688477E+0
85.125	-2.014160E-2	-1.016235E-1	2.596741E+0	5.706482E+0
85.1406	-1.708984E-2	-9.490967E-2	2.592468E+0	5.728760E+0
85.1562	-1.831055E-2	-9.338379E-2	2.589111E+0	5.746765E+0
85.1562	-1.190186E-2	-9.735107E-2	2.586060E+0	5.765076E+0
85.1719	-1.770020E-2	-9.796143E-2	2.583008E+0	5.786743E+0
85.1875	-1.770020E-2	-9.521484E-2	2.579956E+0	5.806274E+0
85.1875	-1.678467E-2	-9.704590E-2	2.577515E+0	5.825500E+0
85.2031	-1.190186E-2	-9.582520E-2	2.574463E+0	5.845642E+0
85.2187	-1.678467E-2	-9.826660E-2	2.570496E+0	5.864868E+0
85.2187	-2.258301E-2	-9.979248E-2	2.568665E+0	5.884399E+0
85.2344	-1.495361E-2	-9.185791E-2	2.564697E+0	5.904541E+0
85.2344	-2.166748E-2	-9.582520E-2	2.561340E+0	5.921326E+0
85.25	-2.105713E-2	-9.277344E-2	2.558289E+0	5.942993E+0
85.2656	-2.044678E-2	-9.735107E-2	2.554932E+0	5.963135E+0
85.2656	-1.403809E-2	-1.000977E-1	2.553101E+0	5.982361E+0
85.2812	-1.647949E-2	-9.521484E-2	2.550049E+0	5.999451E+0
85.2969	-1.831055E-2	-9.368896E-2	2.546997E+0	6.022034E+0
85.2969	-1.861572E-2	-9.704590E-2	2.542419E+0	6.041870E+0
85.3125	-1.770020E-2	-9.765625E-2	2.539368E+0	6.059570E+0
85.3281	-1.464844E-2	-9.033203E-2	2.536011E+0	6.080933E+0
85.3281	-1.342773E-2	-9.094238E-2	2.533569E+0	6.101685E+0
85.3437	-2.288818E-2	-1.000977E-1	2.531128E+0	6.119385E+0
85.3594	-1.586914E-2	-9.216309E-2	2.527161E+0	6.139526E+0
85.3594	-1.342773E-2	-9.521484E-2	2.524719E+0	6.157837E+0
85.375	-1.708984E-2	-1.004028E-1	2.521973E+0	6.177673E+0
85.375	-2.075195E-2	-9.216309E-2	2.517700E+0	6.199036E+0
85.3906	-1.678467E-2	-9.155273E-2	2.514038E+0	6.216736E+0
85.4062	-2.258301E-2	-9.368896E-2	2.511902E+0	6.236267E+0
85.4062	-1.129150E-2	-9.307861E-2	2.508240E+0	6.257935E+0
85.4219	-1.464844E-2	-9.979248E-2	2.505188E+0	6.276550E+0
85.4375	-1.434326E-2	-8.941650E-2	2.503357E+0	6.294861E+0
85.4375	-7.324219E-3	-9.094238E-2	2.499084E+0	6.315918E+0
85.4531	-2.197266E-2	-9.643555E-2	2.495728E+0	6.335144E+0
85.4531	-1.586914E-2	-9.521484E-2	2.494202E+0	6.353760E+0
85.4687	-1.159668E-2	-9.063721E-2	2.489929E+0	6.374512E+0
85.4844	-1.922607E-2	-9.185791E-2	2.486267E+0	6.394348E+0
85.4844	-1.434326E-2	-9.246826E-2	2.484436E+0	6.412354E+0
85.5	-2.380371E-2	-9.643555E-2	2.479858E+0	6.434326E+0
85.5156	-1.007080E-2	-9.124756E-2	2.478638E+0	6.451111E+0
85.5156	-1.281738E-2	-8.728027E-2	2.475281E+0	6.471863E+0
85.5312	-1.220703E-2	-8.789062E-2	2.471924E+0	6.492310E+0
85.5469	-1.708984E-2	-8.148193E-2	2.467346E+0	6.511536E+0
85.5469	-2.502441E-2	-8.941650E-2	2.465210E+0	6.529236E+0
85.5625	-1.434326E-2	-9.033203E-2	2.461548E+0	6.551208E+0
85.5781	-1.922607E-2	-9.490967E-2	2.458496E+0	6.570435E+0
85.5781	-8.850098E-3	-9.124756E-2	2.455750E+0	6.588440E+0
85.5937	-1.495361E-2	-9.216309E-2	2.452698E+0	6.610413E+0
85.6094	-1.312256E-2	-8.880615E-2	2.449646E+0	6.628723E+0
85.6094	-8.544922E-3	-9.613037E-2	2.446899E+0	6.647949E+0
85.625	-1.068115E-2	-9.124756E-2	2.443542E+0	6.668091E+0
85.625	-1.251221E-2	-9.674072E-2	2.438965E+0	6.688232E+0
85.6406	-1.678467E-2	-8.300781E-2	2.436829E+0	6.706848E+0
85.6562	-1.281738E-2	-8.514404E-2	2.433777E+0	6.727600E+0
85.6562	-2.136230E-2	-8.758545E-2	2.430420E+0	6.746521E+0
85.6719	-1.525879E-2	-8.239746E-2	2.428284E+0	6.765137E+0
85.6875	-9.155273E-3	-9.277344E-2	2.425232E+0	6.785889E+0
85.6875	-1.861572E-2	-9.429932E-2	2.420349E+0	6.804810E+0
85.7031	-7.019043E-3	-8.605957E-2	2.418213E+0	6.823120E+0
85.7187	-1.129150E-2	-9.368896E-2	2.414551E+0	6.845703E+0
85.7187	-1.495361E-2	-8.941650E-2	2.411804E+0	6.863098E+0
85.7344	-1.251221E-2	-8.819580E-2	2.409363E+0	6.882629E+0
85.75	-1.251221E-2	-8.850098E-2	2.406311E+0	6.903687E+0
85.75	-1.983643E-2	-8.789062E-2	2.402344E+0	6.922913E+0
85.7656	-1.647949E-2	-8.148193E-2	2.400818E+0	6.939697E+0
85.7656	-7.934570E-3	-8.605957E-2	2.395935E+0	6.962891E+0
85.7812	-1.403809E-2	-8.453369E-2	2.391968E+0	6.981506E+0
85.7969	-7.324219E-3	-8.514404E-2	2.390442E+0	6.999512E+0
85.7969	-1.831055E-2	-8.392334E-2	2.386780E+0	7.020874E+0
85.8125	-1.312256E-2	-9.185791E-2	2.384033E+0	7.039795E+0
85.8125	-1.708984E-2	-7.904053E-2	2.381592E+0	7.058716E+0
85.8281	-1.708984E-2	-8.270264E-2	2.378235E+0	7.080078E+0
85.8437	-1.831055E-2	-8.178711E-2	2.373962E+0	7.098083E+0
85.8437	-7.629395E-3	-8.392334E-2	2.372742E+0	7.117310E+0
85.8594	-1.922607E-2	-9.490967E-2	2.368469E+0	7.138367E+0
85.875	-7.934570E-3	-8.026123E-2	2.364197E+0	7.158203E+0
85.875	-9.765625E-3	-8.209229E-2	2.362671E+0	7.175293E+0
85.8906	-7.934570E-3	-8.514404E-2	2.359009E+0	7.197266E+0
85.9062	-1.434326E-2	-8.483887E-2	2.355347E+0	7.215881E+0
85.9062	-1.281738E-2	-8.239746E-2	2.353821E+0	7.234192E+0
85.9219	-9.155273E-3	-8.666992E-2	2.349854E+0	7.255249E+0
85.9375	-1.373291E-2	-7.873535E-2	2.346191E+0	7.274170E+0
85.9375	-1.190186E-2	-8.239746E-2	2.343445E+0	7.293701E+0
85.9531	-1.556396E-2	-8.575439E-2	2.340393E+0	7.314453E+0
85.9687	-1.373291E-2	-8.575439E-2	2.336731E+0	7.332764E+0
85.9687	-1.068115E-2	-8.728027E-2	2.334900E+0	7.351074E+0
85.9844	-1.281738E-2	-8.453369E-2	2.330933E+0	7.373352E+0
86.0	-1.647949E-2	-8.666992E-2	2.326965E+0	7.391968E+0
86.0	-1.159668E-2	-8.117676E-2	2.325745E+0	7.409973E+0
86.0156	-1.342773E-2	-8.422852E-2	2.321472E+0	7.431030E+0
86.0156	-1.068115E-2	-8.300781E-2	2.319031E+0	7.450867E+0
86.0312	-1.403809E-2	-7.751465E-2	2.316284E+0	7.467957E+0
86.0469	-9.765625E-3	-8.911133E-2	2.312927E+0	7.489014E+0
86.0469	-7.019043E-3	-8.850098E-2	2.308960E+0	7.508850E+0
86.0625	-1.586914E-2	-8.605957E-2	2.307129E+0	7.527771E+0
86.0781	-1.373291E-2	-8.666992E-2	2.304382E+0	7.549438E+0
86.0781	-1.281738E-2	-9.002686E-2	2.299194E+0	7.567749E+0
86.0937	-7.324219E-3	-7.751465E-2	2.296753E+0	7.585144E+0
86.1094	-1.556396E-2	-8.697510E-2	2.293396E+0	7.608337E+0
86.1094	-1.190186E-2	-8.209229E-2	2.290649E+0	7.626648E+0
86.125	-1.647949E-2	-8.758545E-2	2.287598E+0	7.644043E+0
86.125	-1.556396E-2	-8.087158E-2	2.284851E+0	7.666321E+0
86.1406	-8.544922E-3	-8.544922E-2	2.281189E+0	7.684326E+0
86.1562	-1.190186E-2	-7.812500E-2	2.279663E+0	7.703552E+0
86.1562	-1.373291E-2	-8.850098E-2	2.275085E+0	7.724609E+0
86.1719	-9.155273E-3	-8.544922E-2	2.270813E+0	7.743835E+0
86.1875	-7.324219E-3	-8.148193E-2	2.269287E+0	7.761841E+0
86.1875	-6.408691E-3	-7.537842E-2	2.265625E+0	7.783508E+0
86.2031	-7.934570E-3	-8.422852E-2	2.261963E+0	7.801819E+0
86.2031	-9.765625E-3	-7.751465E-2	2.259827E+0	7.819519E+0
86.2187	-1.495361E-2	-8.178711E-2	2.257080E+0	7.842407E+0
86.2344	-1.403809E-2	-8.087158E-2	2.254028E+0	7.861633E+0
86.2344	-7.019043E-3	-8.636475E-2	2.239990E+0	7.877808E+0
86.25	-4.882812E-3	-7.659912E-2	2.105713E+0	7.881470E+0
86.2656	-1.190186E-2	-8.087158E-2	2.027588E+0	7.881165E+0
86.2656	-1.251221E-2	-7.690430E-2	1.927185E+0	7.880859E+0
86.2812	-1.586914E-2	-7.690430E-2	1.828918E+0	7.880249E+0
86.2969	-5.493164E-3	-6.622314E-2	1.726990E+0	7.880249E+0
86.2969	-3.967285E-3	-6.378174E-2	1.581726E+0	7.880554E+0
86.3125	-7.629395E-3	-6.958008E-2	1.523132E+0	7.880249E+0
86.3281	-1.068115E-2	-6.500244E-2	1.412354E+0	7.879639E+0
86.3281	-3.662109E-3	-6.530762E-2	1.280823E+0	7.880554E+0
86.3437	-3.051758E-4	-6.652832E-2	1.217346E+0	7.880249E+0
86.3594	-8.544922E-3	-5.859375E-2	1.089783E+0	7.880249E+0
86.3594	-1.068115E-2	-6.134033E-2	9.719849E-1	7.879639E+0
86.375	-6.103516E-3	-6.256104E-2	9.121704E-1	7.879333E+0
86.375	6.103516E-4	-5.401611E-2	7.888794E-1	7.879944E+0
86.3906	-6.713867E-3	-5.218506E-2	6.866455E-1	7.879333E+0
86.4062	-1.831055E-3	-4.943848E-2	6.082153E-1	7.879944E+0
86.4062	-1.220703E-3	-5.798340E-2	4.998779E-1	7.879639E+0
86.4219	3.662109E-3	-4.913330E-2	3.845215E-1	7.879639E+0
86.4375	-8.850098E-3	-5.828857E-2	3.112793E-1	7.879639E+0
86.4375	-1.831055E-3	-5.218506E-2	1.885986E-1	7.879333E+0
86.4531	6.103516E-4	-4.974365E-2	8.178711E-2	7.880249E+0
86.4531	1.220703E-3	-5.279541E-2	1.739502E-2	7.879639E+0
86.4687	-1.220703E-3	-5.615234E-2	8.544922E-3	7.784119E+0
86.4844	-2.441406E-3	-4.913330E-2	1.037598E-2	7.687378E+0
86.4844	-7.629395E-3	-4.516602E-2	1.098633E-2	7.596130E+0
86.5	3.051758E-4	-4.302979E-2	1.159668E-2	7.486572E+0
86.5156	-1.525879E-3	-4.882812E-2	1.190186E-2	7.393799E+0
86.5156	3.051758E-4	-4.791260E-2	1.220703E-2	7.289734E+0
86.5312	3.051758E-4	-5.523682E-2	1.281738E-2	7.188110E+0
86.5469	-1.831055E-3	-5.340576E-2	1.312256E-2	7.088928E+0
86.5469	1.220703E-3	-5.493164E-2	1.281738E-2	6.997375E+0
86.5625	-2.136230E-3	-5.920410E-2	1.342773E-2	6.888733E+0
86.5781	-4.272461E-3	-5.554199E-2	1.312256E-2	6.792297E+0
86.5781	-9.765625E-3	-5.371094E-2	1.251221E-2	6.697998E+0
86.5937	-3.051758E-3	-4.913330E-2	1.281738E-2	6.590271E+0
86.6094	9.155273E-4	-5.279541E-2	1.342773E-2	6.494446E+0
86.6094	-1.831055E-3	-5.889893E-2	1.342773E-2	6.395874E+0
86.625	-1.312256E-2	-5.371094E-2	1.312256E-2	6.293335E+0
86.625	-1.525879E-3	-5.828857E-2	1.312256E-2	6.194153E+0
86.6406	9.155273E-4	-5.706787E-2	1.281738E-2	6.098022E+0
86.6562	-1.159668E-2	-5.310059E-2	1.312256E-2	5.994873E+0
86.6562	-2.136230E-3	-5.645752E-2	1.342773E-2	5.896606E+0
86.6719	-4.577637E-3	-5.401611E-2	1.251221E-2	5.802002E+0
86.6875	-3.967285E-3	-5.157471E-2	1.373291E-2	5.695496E+0
86.6875	-3.051758E-3	-5.401611E-2	1.342773E-2	5.597839E+0
86.7031	-9.155273E-4	-5.828857E-2	1.312256E-2	5.504761E+0
86.7187	-7.934570E-3	-5.859375E-2	1.342773E-2	5.397034E+0
86.7187	-5.187988E-3	-6.561279E-2	1.312256E-2	5.300293E+0
86.7344	0.000000E+0	-6.774902E-2	1.220703E-2	5.201721E+0
86.75	-7.629395E-3	-5.615234E-2	1.403809E-2	5.098267E+0
86.75	-7.324219E-3	-5.859375E-2	1.312256E-2	5.001221E+0
86.7656	-6.103516E-4	-5.249023E-2	1.312256E-2	4.904785E+0
86.7656	-7.324219E-3	-5.859375E-2	1.434326E-2	4.800110E+0
86.7812	-1.831055E-3	-5.889893E-2	1.403809E-2	4.701538E+0
86.7969	3.051758E-3	-5.493164E-2	1.312256E-2	4.606934E+0
86.7969	-1.037598E-2	-6.347656E-2	1.312256E-2	4.500732E+0
86.8125	-6.408691E-3	-5.676270E-2	1.373291E-2	4.403076E+0
86.8125	1.220703E-3	-6.500244E-2	1.251221E-2	4.304810E+0
86.8281	-8.239746E-3	-5.737305E-2	1.312256E-2	4.201660E+0
86.8437	5.187988E-3	-5.371094E-2	1.373291E-2	4.103088E+0
86.8437	9.155273E-4	-5.889893E-2	1.403809E-2	4.004822E+0
86.8594	2.441406E-3	-6.042480E-2	1.342773E-2	3.902588E+0
86.875	-1.159668E-2	-6.011963E-2	1.342773E-2	3.803406E+0
86.875	-8.544922E-3	-6.408691E-2	1.342773E-2	3.708801E+0
86.8906	-2.441406E-3	-5.981445E-2	1.342773E-2	3.601685E+0
86.9062	-1.220703E-2	-6.591797E-2	1.281738E-2	3.504028E+0
86.9062	-5.798340E-3	-5.767822E-2	1.251221E-2	3.409119E+0
86.9219	-1.403809E-2	-5.920410E-2	1.312256E-2	3.302002E+0
86.9375	-7.629395E-3	-6.195068E-2	1.403809E-2	3.204346E+0
86.9375	-9.155273E-4	-6.439209E-2	1.281738E-2	3.105469E+0
86.9531	-6.103516E-3	-5.493164E-2	1.312256E-2	3.002930E+0
86.9687	-5.493164E-3	-5.981445E-2	1.312256E-2	2.905273E+0
86.9687	-3.051758E-4	-6.195068E-2	1.312256E-2	2.806091E+0
86.9844	-2.136230E-3	-5.798340E-2	1.373291E-2	2.703247E+0
87.0	1.220703E-3	-6.103516E-2	1.342773E-2	2.602539E+0
87.0	-6.408691E-3	-5.493164E-2	1.251221E-2	2.507019E+0
87.0156	-1.129150E-2	-6.042480E-2	1.251221E-2	2.402039E+0
87.0156	-7.934570E-3	-6.439209E-2	1.312256E-2	2.303162E+0
87.0312	-4.577637E-3	-6.469727E-2	1.281738E-2	2.210693E+0
87.0469	1.831055E-3	-5.859375E-2	1.281738E-2	2.102661E+0
87.0469	-7.324219E-3	-6.103516E-2	1.281738E-2	2.002563E+0
87.0625	-5.798340E-3	-6.835937E-2	1.251221E-2	1.906433E+0
87.0781	-3.967285E-3	-6.164551E-2	1.312256E-2	1.802979E+0
87.0781	-8.544922E-3	-6.134033E-2	1.373291E-2	1.704407E+0
87.0937	-1.220703E-3	-6.958008E-2	1.251221E-2	1.609192E+0
87.1094	-4.272461E-3	-5.981445E-2	1.342773E-2	1.502686E+0
87.1094	-7.629395E-3	-6.072998E-2	1.342773E-2	1.405029E+0
87.125	-2.136230E-3	-5.828857E-2	1.281738E-2	1.308594E+0
87.125	-1.190186E-2	-6.866455E-2	1.373291E-2	1.203003E+0
87.1406	-9.155273E-3	-5.828857E-2	1.373291E-2	1.104736E+0
87.1562	-3.662109E-3	-5.889893E-2	1.312256E-2	1.006470E+0
87.1562	-4.882812E-3	-5.767822E-2	1.342773E-2	9.033203E-1
87.1719	-3.356934E-3	-6.347656E-2	1.312256E-2	8.047485E-1
87.1875	-8.850098E-3	-7.049561E-2	1.220703E-2	7.061768E-1
87.1875	3.051758E-3	-6.103516E-2	1.342773E-2	6.033325E-1
87.2031	-4.577637E-3	-5.828857E-2	1.373291E-2	5.047607E-1
87.2031	4.272461E-3	-6.286621E-2	1.281738E-2	4.101562E-1
87.2187	-4.272461E-3	-5.676270E-2	1.312256E-2	3.033447E-1
87.2344	-3.051758E-3	-6.439209E-2	1.312256E-2	2.044678E-1
87.2344	2.746582E-3	-6.072998E-2	1.251221E-2	1.138306E-1
87.25	-6.408691E-3	-6.439209E-2	1.342773E-2	3.662109E-3
87.2656	-3.051758E-3	-6.286621E-2	1.434326E-2	7.324219E-3
87.2656	-1.831055E-3	-6.378174E-2	1.495361E-2	8.544922E-3
87.2812	-4.882812E-3	-6.195068E-2	1.434326E-2	9.765625E-3
87.2969	-4.272461E-3	-6.378174E-2	1.495361E-2	1.007080E-2
87.2969	-1.037598E-2	-6.164551E-2	1.434326E-2	1.068115E-2
87.3125	-7.019043E-3	-6.408691E-2	1.495361E-2	1.068115E-2
87.3125	-3.356934E-3	-6.408691E-2	1.434326E-2	1.068115E-2
87.3281	-4.882812E-3	-5.828857E-2	1.464844E-2	1.129150E-2
87.3437	-8.239746E-3	-6.408691E-2	1.434326E-2	1.190186E-2
87.3437	-1.251221E-2	-6.042480E-2	1.495361E-2	1.098633E-2
87.3594	-8.850098E-3	-6.805420E-2	1.434326E-2	1.068115E-2
87.375	-3.662109E-3	-6.256104E-2	1.434326E-2	1.098633E-2
87.375	-9.460449E-3	-6.225586E-2	1.403809E-2	1.159668E-2
87.3906	-9.155273E-3	-6.591797E-2	1.434326E-2	1.159668E-2
87.4062	-1.220703E-2	-5.859375E-2	1.434326E-2	1.159668E-2
87.4062	-9.155273E-3	-6.256104E-2	1.495361E-2	1.159668E-2
87.4219	-4.882812E-3	-6.591797E-2	1.495361E-2	1.190186E-2
87.4375	-6.103516E-3	-5.859375E-2	1.464844E-2	1.159668E-2
87.4375	-1.220703E-3	-5.889893E-2	1.434326E-2	1.098633E-2
87.4531	-3.051758E-4	-6.347656E-2	1.434326E-2	1.220703E-2
87.4687	-4.272461E-3	-6.072998E-2	1.434326E-2	1.159668E-2
87.4687	-6.103516E-4	-5.950928E-2	1.403809E-2	1.129150E-2
87.4844	-8.544922E-3	-6.500244E-2	1.464844E-2	1.068115E-2
87.5	-3.051758E-3	-6.225586E-2	1.403809E-2	1.220703E-2
87.5	-3.662109E-3	-6.072998E-2	1.373291E-2	1.190186E-2
87.5156	-7.019043E-3	-5.950928E-2	1.464844E-2	1.129150E-2
87.5156	-1.037598E-2	-6.652832E-2	1.403809E-2	1.220703E-2
87.5312	-1.831055E-3	-6.225586E-2	1.464844E-2	1.190186E-2
87.5469	-1.251221E-2	-5.859375E-2	1.403809E-2	1.159668E-2
87.5469	-1.434326E-2	-6.530762E-2	1.403809E-2	1.190186E-2
87.5625	-2.746582E-3	-6.408691E-2	1.434326E-2	1.129150E-2
87.5781	-4.882812E-3	-6.408691E-2	1.403809E-2	1.190186E-2
87.5781	-5.493164E-3	-6.103516E-2	1.434326E-2	1.190186E-2
87.5937	-8.239746E-3	-6.011963E-2	1.434326E-2	1.098633E-2
87.6094	-3.967285E-3	-6.164551E-2	1.464844E-2	1.159668E-2
87.6094	-6.408691E-3	-6.164551E-2	1.434326E-2	1.159668E-2
87.625	-5.493164E-3	-6.713867E-2	1.434326E-2	1.190186E-2
87.625	-1.831055E-3	-6.286621E-2	1.434326E-2	1.098633E-2
87.6406	-1.220703E-3	-6.683350E-2	1.403809E-2	1.190186E-2
87.6562	-9.765625E-3	-6.256104E-2	1.495361E-2	1.159668E-2
87.6562	-6.103516E-3	-6.011963E-2	1.403809E-2	1.098633E-2
87.6719	-7.019043E-3	-5.828857E-2	1.495361E-2	1.159668E-2
87.6875	-6.408691E-3	-7.049561E-2	1.434326E-2	1.129150E-2
87.6875	-3.356934E-3	-6.683350E-2	1.434326E-2	1.159668E-2
87.7031	-1.037598E-2	-5.798340E-2	1.434326E-2	1.129150E-2
87.7031	-6.408691E-3	-6.072998E-2	1.403809E-2	1.220703E-2
87.7187	-6.713867E-3	-6.805420E-2	1.495361E-2	1.190186E-2
87.7344	-1.220703E-3	-6.317139E-2	1.434326E-2	1.190186E-2
87.7344	-1.525879E-3	-6.469727E-2	1.403809E-2	1.129150E-2
87.75	-1.037598E-2	-6.256104E-2	1.403809E-2	1.190186E-2
87.7656	-6.103516E-3	-7.232666E-2	1.495361E-2	1.159668E-2
87.7656	-6.408691E-3	-5.981445E-2	1.434326E-2	1.220703E-2
87.7812	-6.713867E-3	-6.988525E-2	1.403809E-2	1.098633E-2
87.7969	-5.798340E-3	-5.767822E-2	1.464844E-2	1.251221E-2
87.7969	1.220703E-3	-6.652832E-2	1.464844E-2	1.129150E-2
87.8125	0.000000E+0	-6.286621E-2	1.434326E-2	1.190186E-2
87.8281	-4.272461E-3	-5.279541E-2	1.434326E-2	1.129150E-2
87.8281	-1.251221E-2	-6.561279E-2	1.434326E-2	1.159668E-2
87.8437	-6.713867E-3	-6.103516E-2	1.525879E-2	1.159668E-2
87.8594	0.000000E+0	-6.347656E-2	1.434326E-2	1.129150E-2
87.8594	-7.324219E-3	-6.317139E-2	1.434326E-2	1.098633E-2
87.875	-6.408691E-3	-6.988525E-2	1.464844E-2	1.159668E-2
87.875	-6.713867E-3	-6.744385E-2	1.464844E-2	1.190186E-2
87.8906	-8.239746E-3	-6.500244E-2	1.434326E-2	1.159668E-2
87.9062	-1.007080E-2	-6.042480E-2	1.464844E-2	1.159668E-2
87.9062	-1.281738E-2	-6.286621E-2	1.403809E-2	1.190186E-2
87.9219	-4.882812E-3	-6.195068E-2	1.464844E-2	1.190186E-2
87.9375	3.051758E-4	-5.950928E-2	1.434326E-2	1.190186E-2
87.9375	-3.356934E-3	-7.019043E-2	1.373291E-2	1.220703E-2
87.9531	-9.155273E-4	-6.286621E-2	1.434326E-2	1.190186E-2
87.9687	-4.882812E-3	-6.652832E-2	1.464844E-2	1.190186E-2
87.9687	-3.356934E-3	-6.500244E-2	1.464844E-2	1.220703E-2
87.9844	-7.629395E-3	-6.439209E-2	1.464844E-2	1.159668E-2
88.0	-7.934570E-3	-6.439209E-2	1.495361E-2	1.190186E-2
88.0	-7.934570E-3	-6.713867E-2	1.434326E-2	1.159668E-2
88.0156	-3.356934E-3	-6.591797E-2	1.403809E-2	1.159668E-2
88.0156	-9.155273E-3	-6.683350E-2	1.403809E-2	1.220703E-2
88.0312	-4.272461E-3	-5.950928E-2	1.464844E-2	1.251221E-2
88.0469	9.155273E-4	-6.561279E-2	1.434326E-2	1.129150E-2
88.0469	-8.544922E-3	-5.889893E-2	1.464844E-2	1.159668E-2
88.0625	-1.220703E-3	-6.530762E-2	1.556396E-2	1.159668E-2
88.0625	3.051758E-4	-6.164551E-2	1.464844E-2	1.190186E-2
88.0781	-1.617432E-2	-6.134033E-2	1.403809E-2	1.190186E-2
88.0937	-3.356934E-3	-6.591797E-2	1.434326E-2	1.190186E-2
88.0937	-8.239746E-3	-6.561279E-2	1.434326E-2	1.190186E-2
88.1094	-1.068115E-2	-6.256104E-2	1.403809E-2	1.129150E-2
88.125	-1.617432E-2	-5.920410E-2	1.464844E-2	1.129150E-2
88.125	-6.103516E-4	-6.744385E-2	1.434326E-2	1.190186E-2
88.1406	-1.403809E-2	-6.561279E-2	1.403809E-2	1.190186E-2
88.1562	-1.678467E-2	-6.042480E-2	1.434326E-2	1.190186E-2
88.1562	-1.007080E-2	-6.805420E-2	1.403809E-2	1.190186E-2
88.1719	-7.934570E-3	-6.256104E-2	1.464844E-2	1.159668E-2
88.1875	-8.239746E-3	-6.347656E-2	1.403809E-2	1.159668E-2
88.1875	-6.103516E-3	-6.408691E-2	1.403809E-2	1.220703E-2
88.2031	-8.544922E-3	-6.713867E-2	1.434326E-2	1.159668E-2
88.2187	-6.103516E-3	-6.195068E-2	1.434326E-2	1.190186E-2
88.2187	-7.324219E-3	-6.744385E-2	1.434326E-2	1.159668E-2
88.2344	-7.934570E-3	-5.981445E-2	1.495361E-2	1.220703E-2
88.2344	-1.312256E-2	-6.072998E-2	1.403809E-2	1.251221E-2
88.25	-2.136230E-3	-6.469727E-2	1.464844E-2	1.129150E-2
88.2656	-7.629395E-3	-6.164551E-2	1.434326E-2	1.159668E-2
88.2656	-3.356934E-3	-6.195068E-2	1.464844E-2	1.220703E-2
88.2812	-7.934570E-3	-6.927490E-2	1.464844E-2	1.159668E-2
88.2969	-5.798340E-3	-6.103516E-2	1.403809E-2	1.159668E-2
88.2969	-2.136230E-3	-6.011963E-2	1.342773E-2	1.190186E-2
88.3125	-5.493164E-3	-6.774902E-2	1.434326E-2	1.159668E-2
88.3281	-5.798340E-3	-6.683350E-2	1.434326E-2	1.220703E-2
88.3281	-8.544922E-3	-6.134033E-2	1.495361E-2	1.190186E-2
