June 02, 2009 17:04
529b02
H:\20090602-sws10-sls\LS_p33_d80_vp20_vd20.traj
lateral amplification = 100
normal amp = 100
pitch angle = -05
roll angle = 294
cantilever = 529b02
<data>
time	voltageForceLateral	voltageForceNormal	voltagePositionX	voltagePositionY
0.0155999999988	-2.746582E-2	-6.072998E-2	1.159668E-2	8.850098E-3
0.0311999999976	-3.356934E-2	-6.408691E-2	1.190186E-2	8.850098E-3
0.0311999999976	-3.082275E-2	-5.432129E-2	1.159668E-2	8.850098E-3
0.0469000000012	-3.295898E-2	-5.432129E-2	1.159668E-2	8.850098E-3
0.0469000000012	-4.089355E-2	-5.249023E-2	1.190186E-2	9.155273E-3
0.0625	-3.173828E-2	-6.072998E-2	1.129150E-2	8.850098E-3
0.0780999999988	-3.509521E-2	-5.584717E-2	1.159668E-2	8.544922E-3
0.0780999999988	-3.173828E-2	-5.676270E-2	1.220703E-2	8.850098E-3
0.0936999999976	-3.509521E-2	-5.676270E-2	1.159668E-2	7.934570E-3
0.109400000001	-3.662109E-2	-5.584717E-2	1.190186E-2	8.239746E-3
0.109400000001	-3.784180E-2	-6.072998E-2	1.159668E-2	9.155273E-3
0.125	-3.326416E-2	-5.981445E-2	1.129150E-2	8.850098E-3
0.125	-3.265381E-2	-6.622314E-2	1.190186E-2	9.155273E-3
0.140599999999	-3.692627E-2	-6.042480E-2	1.129150E-2	8.544922E-3
0.156199999998	-3.082275E-2	-6.164551E-2	1.190186E-2	8.850098E-3
0.156199999998	-3.936768E-2	-5.645752E-2	1.129150E-2	9.155273E-3
0.171900000001	-4.180908E-2	-5.249023E-2	1.190186E-2	8.239746E-3
0.1875	-3.540039E-2	-5.859375E-2	1.190186E-2	8.544922E-3
0.1875	-3.326416E-2	-5.340576E-2	1.129150E-2	8.850098E-3
0.203099999999	-3.875732E-2	-4.791260E-2	1.190186E-2	8.544922E-3
0.218699999998	-3.997803E-2	-4.974365E-2	1.220703E-2	8.544922E-3
0.218699999998	-3.997803E-2	-5.950928E-2	1.129150E-2	8.544922E-3
0.234400000001	-4.089355E-2	-5.920410E-2	1.129150E-2	8.850098E-3
0.25	-4.608154E-2	-6.256104E-2	1.251221E-2	8.850098E-3
0.25	-2.624512E-2	-5.554199E-2	1.190186E-2	8.239746E-3
0.265599999999	-4.211426E-2	-5.493164E-2	1.190186E-2	8.850098E-3
0.281199999998	-3.143311E-2	-6.195068E-2	1.129150E-2	8.544922E-3
0.281199999998	-3.326416E-2	-6.042480E-2	1.129150E-2	8.850098E-3
0.296900000001	-3.753662E-2	-5.950928E-2	1.190186E-2	7.934570E-3
0.296900000001	-3.448486E-2	-5.554199E-2	1.159668E-2	8.850098E-3
0.3125	-3.936768E-2	-6.683350E-2	1.190186E-2	8.239746E-3
0.328099999999	-3.295898E-2	-6.256104E-2	1.190186E-2	8.850098E-3
0.328099999999	-3.326416E-2	-5.828857E-2	1.159668E-2	8.239746E-3
0.343699999998	-3.875732E-2	-5.157471E-2	1.159668E-2	8.850098E-3
0.359400000001	-3.631592E-2	-6.286621E-2	1.190186E-2	8.850098E-3
0.359400000001	-3.417969E-2	-5.950928E-2	1.159668E-2	8.850098E-3
0.375	-3.631592E-2	-5.554199E-2	1.190186E-2	8.544922E-3
0.390599999999	-3.112793E-2	-5.645752E-2	1.190186E-2	9.155273E-3
0.390599999999	-3.540039E-2	-5.981445E-2	1.190186E-2	8.850098E-3
0.406199999998	-3.997803E-2	-5.889893E-2	1.159668E-2	8.544922E-3
0.406199999998	-3.509521E-2	-5.462646E-2	1.159668E-2	8.850098E-3
0.421900000001	-3.234863E-2	-6.103516E-2	1.159668E-2	8.544922E-3
0.4375	-2.716064E-2	-5.981445E-2	1.129150E-2	8.544922E-3
0.4375	-3.601074E-2	-5.706787E-2	1.159668E-2	8.544922E-3
0.453099999999	-3.387451E-2	-5.157471E-2	1.129150E-2	7.934570E-3
0.468699999998	-3.784180E-2	-5.554199E-2	1.190186E-2	8.239746E-3
0.468699999998	-3.601074E-2	-6.011963E-2	1.129150E-2	8.850098E-3
0.484400000001	-3.112793E-2	-5.767822E-2	1.159668E-2	9.155273E-3
0.484400000001	-3.509521E-2	-6.042480E-2	1.190186E-2	8.850098E-3
0.5	-4.302979E-2	-5.615234E-2	1.190186E-2	8.544922E-3
0.515599999999	-3.631592E-2	-5.187988E-2	1.190186E-2	8.850098E-3
0.515599999999	-4.150391E-2	-5.798340E-2	1.220703E-2	8.239746E-3
0.531199999998	-2.868652E-2	-5.371094E-2	1.129150E-2	9.155273E-3
0.546900000001	-3.051758E-2	-5.889893E-2	1.159668E-2	8.850098E-3
0.546900000001	-3.204346E-2	-6.011963E-2	1.220703E-2	9.155273E-3
0.5625	-3.631592E-2	-5.401611E-2	1.159668E-2	8.544922E-3
0.578099999999	-3.417969E-2	-5.828857E-2	1.190186E-2	9.155273E-3
0.578099999999	-3.753662E-2	-6.011963E-2	1.159668E-2	9.155273E-3
0.593699999998	-3.723145E-2	-5.004883E-2	1.190186E-2	8.850098E-3
0.609400000001	-3.051758E-2	-6.195068E-2	1.159668E-2	8.850098E-3
0.609400000001	-3.509521E-2	-6.561279E-2	1.159668E-2	8.544922E-3
0.625	-3.997803E-2	-5.554199E-2	1.159668E-2	9.155273E-3
0.640599999999	-3.295898E-2	-5.920410E-2	1.159668E-2	8.850098E-3
0.640599999999	-3.845215E-2	-5.950928E-2	1.159668E-2	9.155273E-3
0.656199999998	-3.143311E-2	-5.920410E-2	1.220703E-2	8.544922E-3
0.671900000001	-3.082275E-2	-6.317139E-2	1.190186E-2	9.460449E-3
0.671900000001	-4.241943E-2	-5.462646E-2	1.159668E-2	8.544922E-3
0.6875	-3.631592E-2	-5.035400E-2	1.159668E-2	8.544922E-3
0.6875	-3.295898E-2	-5.249023E-2	1.159668E-2	8.850098E-3
0.703099999999	-3.540039E-2	-5.645752E-2	1.220703E-2	8.544922E-3
0.718699999998	-3.479004E-2	-6.652832E-2	1.190186E-2	9.155273E-3
0.718699999998	-3.234863E-2	-5.737305E-2	1.159668E-2	8.850098E-3
0.734400000001	-3.112793E-2	-6.134033E-2	1.159668E-2	8.850098E-3
0.75	-3.784180E-2	-5.676270E-2	1.190186E-2	8.850098E-3
0.75	-3.479004E-2	-5.737305E-2	1.190186E-2	8.239746E-3
0.765599999999	-3.570557E-2	-5.279541E-2	1.159668E-2	8.544922E-3
0.781199999998	-3.417969E-2	-4.852295E-2	1.129150E-2	8.544922E-3
0.781199999998	-3.051758E-2	-5.279541E-2	1.220703E-2	8.850098E-3
0.796900000001	-3.753662E-2	-5.889893E-2	1.159668E-2	9.155273E-3
0.796900000001	-3.784180E-2	-6.347656E-2	1.159668E-2	9.155273E-3
0.8125	-3.295898E-2	-6.530762E-2	1.190186E-2	8.850098E-3
0.828099999999	-3.723145E-2	-5.157471E-2	1.098633E-2	8.850098E-3
0.828099999999	-3.662109E-2	-5.706787E-2	1.129150E-2	9.155273E-3
0.843699999998	-3.387451E-2	-5.889893E-2	1.190186E-2	9.155273E-3
0.859400000001	-3.234863E-2	-5.371094E-2	1.190186E-2	8.850098E-3
0.859400000001	-3.082275E-2	-6.042480E-2	1.190186E-2	9.155273E-3
0.875	-3.601074E-2	-6.805420E-2	1.159668E-2	8.544922E-3
0.875	-3.936768E-2	-6.439209E-2	1.190186E-2	8.544922E-3
0.890599999999	-4.028320E-2	-5.554199E-2	1.098633E-2	8.544922E-3
0.906199999998	-3.906250E-2	-5.157471E-2	1.190186E-2	8.850098E-3
0.906199999998	-3.540039E-2	-6.805420E-2	1.129150E-2	7.934570E-3
0.921900000001	-3.662109E-2	-4.943848E-2	1.220703E-2	8.544922E-3
0.9375	-3.234863E-2	-4.974365E-2	1.129150E-2	9.155273E-3
0.9375	-3.906250E-2	-6.683350E-2	1.220703E-2	8.544922E-3
0.953099999999	-3.295898E-2	-5.523682E-2	1.190186E-2	8.544922E-3
0.968699999998	-3.356934E-2	-5.401611E-2	1.129150E-2	8.850098E-3
0.968699999998	-3.875732E-2	-5.065918E-2	1.220703E-2	8.544922E-3
0.984400000001	-3.936768E-2	-5.737305E-2	1.190186E-2	8.850098E-3
1.0	-3.021240E-2	-6.256104E-2	1.190186E-2	8.544922E-3
1.0	-4.058838E-2	-4.943848E-2	1.068115E-2	9.460449E-3
1.0156	-2.868652E-2	-5.889893E-2	1.190186E-2	9.155273E-3
1.0312	-3.784180E-2	-5.432129E-2	1.678467E-2	8.850098E-3
1.0312	-3.356934E-2	-5.889893E-2	2.990723E-2	8.544922E-3
1.0469	-3.570557E-2	-5.950928E-2	5.126953E-2	8.239746E-3
1.0469	-3.051758E-2	-6.011963E-2	7.110596E-2	8.544922E-3
1.0625	-3.417969E-2	-7.202148E-2	9.277344E-2	8.850098E-3
1.0781	-3.417969E-2	-6.408691E-2	1.159668E-1	8.544922E-3
1.0781	-3.356934E-2	-6.286621E-2	1.391602E-1	8.850098E-3
1.0937	-3.265381E-2	-6.439209E-2	1.525879E-1	8.850098E-3
1.1094	-2.929687E-2	-6.317139E-2	1.748657E-1	8.544922E-3
1.1094	-3.723145E-2	-5.981445E-2	1.998901E-1	8.850098E-3
1.125	-3.692627E-2	-5.645752E-2	2.124023E-1	9.765625E-3
1.1406	-3.692627E-2	-6.347656E-2	2.371216E-1	8.850098E-3
1.1406	-3.356934E-2	-6.042480E-2	2.566528E-1	9.155273E-3
1.1562	-4.638672E-2	-6.378174E-2	2.731323E-1	8.239746E-3
1.1719	-4.241943E-2	-6.042480E-2	2.969360E-1	8.850098E-3
1.1719	-3.784180E-2	-6.378174E-2	3.195190E-1	8.850098E-3
1.1875	-3.692627E-2	-6.835937E-2	3.326416E-1	8.850098E-3
1.1875	-4.150391E-2	-5.859375E-2	3.573608E-1	8.239746E-3
1.2031	-3.723145E-2	-7.354736E-2	3.796387E-1	8.850098E-3
1.2187	-4.028320E-2	-6.652832E-2	3.918457E-1	8.850098E-3
1.2187	-3.265381E-2	-6.774902E-2	4.162598E-1	8.544922E-3
1.2344	-3.692627E-2	-6.683350E-2	4.357910E-1	8.850098E-3
1.2344	-4.180908E-2	-6.896973E-2	4.522705E-1	9.765625E-3
1.25	-3.784180E-2	-7.476807E-2	4.736328E-1	8.850098E-3
1.2656	-3.326416E-2	-5.767822E-2	4.998779E-1	8.544922E-3
1.2656	-3.509521E-2	-6.561279E-2	5.123901E-1	8.544922E-3
1.2812	-3.723145E-2	-6.805420E-2	5.337524E-1	8.850098E-3
1.2969	-3.723145E-2	-7.781982E-2	5.590820E-1	8.850098E-3
1.2969	-3.479004E-2	-7.415771E-2	5.715942E-1	8.850098E-3
1.3125	-3.784180E-2	-7.354736E-2	5.960083E-1	8.850098E-3
1.3281	-4.394531E-2	-6.652832E-2	6.161499E-1	8.544922E-3
1.3281	-3.326416E-2	-6.469727E-2	6.317139E-1	8.850098E-3
1.3437	-4.333496E-2	-7.446289E-2	6.552124E-1	8.239746E-3
1.3594	-4.394531E-2	-6.927490E-2	6.759644E-1	8.850098E-3
1.3594	-3.387451E-2	-6.652832E-2	6.900024E-1	9.155273E-3
1.375	-4.394531E-2	-7.720947E-2	7.098389E-1	9.155273E-3
1.375	-3.601074E-2	-6.500244E-2	7.321167E-1	9.155273E-3
1.3906	-4.211426E-2	-6.958008E-2	7.507324E-1	8.544922E-3
1.4062	-4.425049E-2	-7.446289E-2	7.754517E-1	8.239746E-3
1.4219	-5.065918E-2	-7.873535E-2	7.983398E-1	9.155273E-3
1.4219	-3.967285E-2	-6.500244E-2	8.139038E-1	8.850098E-3
1.4375	-4.058838E-2	-7.324219E-2	8.364868E-1	8.544922E-3
1.4531	-3.295898E-2	-7.232666E-2	8.541870E-1	8.850098E-3
1.4687	-3.906250E-2	-7.568359E-2	8.941650E-1	8.850098E-3
1.4687	-4.150391E-2	-8.422852E-2	9.164429E-1	8.544922E-3
1.4844	-4.455566E-2	-7.324219E-2	9.301758E-1	8.850098E-3
1.5	-4.516602E-2	-7.812500E-2	9.542847E-1	8.850098E-3
1.5	-4.547119E-2	-8.026123E-2	9.771729E-1	9.155273E-3
1.5156	-4.760742E-2	-7.232666E-2	9.902954E-1	9.155273E-3
1.5312	-4.486084E-2	-7.324219E-2	1.014709E+0	8.850098E-3
1.5312	-5.035400E-2	-6.805420E-2	1.037292E+0	9.155273E-3
1.5469	-4.455566E-2	-8.300781E-2	1.049500E+0	8.850098E-3
1.5469	-4.547119E-2	-8.148193E-2	1.073914E+0	8.850098E-3
1.5625	-4.943848E-2	-7.598877E-2	1.097717E+0	8.544922E-3
1.5781	-4.699707E-2	-7.080078E-2	1.109009E+0	8.850098E-3
1.5781	-4.699707E-2	-7.751465E-2	1.135254E+0	8.850098E-3
1.5937	-4.089355E-2	-7.965088E-2	1.156616E+0	8.544922E-3
1.6094	-4.333496E-2	-7.659912E-2	1.168823E+0	8.850098E-3
1.6094	-4.180908E-2	-7.659912E-2	1.193542E+0	8.850098E-3
1.625	-3.723145E-2	-7.965088E-2	1.216431E+0	8.850098E-3
1.625	-4.364014E-2	-8.636475E-2	1.229553E+0	9.155273E-3
1.6406	-4.821777E-2	-8.392334E-2	1.251526E+0	8.239746E-3
1.6562	-4.333496E-2	-8.728027E-2	1.276855E+0	8.850098E-3
1.6562	-4.302979E-2	-8.850098E-2	1.289062E+0	8.544922E-3
1.6719	-4.394531E-2	-8.392334E-2	1.313171E+0	9.155273E-3
1.6875	-4.455566E-2	-8.605957E-2	1.330261E+0	9.765625E-3
1.6875	-4.180908E-2	-8.850098E-2	1.348877E+0	8.850098E-3
1.7031	-4.486084E-2	-9.277344E-2	1.368713E+0	8.544922E-3
1.7187	-4.760742E-2	-8.361816E-2	1.395264E+0	8.850098E-3
1.7187	-4.394531E-2	-8.850098E-2	1.408386E+0	8.239746E-3
1.7344	-4.516602E-2	-8.239746E-2	1.433105E+0	8.544922E-3
1.75	-4.364014E-2	-9.002686E-2	1.455383E+0	8.544922E-3
1.75	-4.608154E-2	-8.239746E-2	1.468506E+0	8.544922E-3
1.7656	-4.516602E-2	-9.399414E-2	1.492615E+0	9.155273E-3
1.7812	-4.241943E-2	-8.911133E-2	1.512146E+0	8.544922E-3
1.7812	-4.608154E-2	-8.941650E-2	1.527710E+0	9.460449E-3
1.7969	-4.608154E-2	-9.185791E-2	1.549988E+0	9.155273E-3
1.7969	-4.852295E-2	-8.178711E-2	1.574707E+0	8.850098E-3
1.8125	-4.638672E-2	-8.911133E-2	1.586914E+0	8.544922E-3
1.8281	-4.425049E-2	-1.055908E-1	1.610107E+0	8.850098E-3
1.8281	-4.211426E-2	-9.613037E-2	1.634827E+0	8.544922E-3
1.8437	-4.913330E-2	-9.033203E-2	1.647339E+0	9.155273E-3
1.8594	-4.943848E-2	-8.972168E-2	1.669922E+0	8.544922E-3
1.8594	-4.547119E-2	-9.796143E-2	1.694946E+0	9.155273E-3
1.875	-4.913330E-2	-1.000977E-1	1.706848E+0	8.544922E-3
1.8906	-5.157471E-2	-9.552002E-2	1.731567E+0	8.544922E-3
1.8906	-5.462646E-2	-9.796143E-2	1.749878E+0	9.765625E-3
1.9062	-4.821777E-2	-9.185791E-2	1.766357E+0	8.239746E-3
1.9062	-5.126953E-2	-1.058960E-1	1.788635E+0	8.850098E-3
1.9219	-4.577637E-2	-9.979248E-2	1.813660E+0	8.544922E-3
1.9375	-4.791260E-2	-1.007080E-1	1.826172E+0	9.155273E-3
1.9375	-4.943848E-2	-1.010132E-1	1.851196E+0	8.239746E-3
1.9531	-5.401611E-2	-1.049805E-1	1.873779E+0	9.460449E-3
1.9687	-5.218506E-2	-1.043701E-1	1.885681E+0	8.239746E-3
1.9687	-5.340576E-2	-1.031494E-1	1.911011E+0	8.544922E-3
1.9844	-4.089355E-2	-1.025391E-1	1.929932E+0	8.850098E-3
1.9844	-5.371094E-2	-1.101685E-1	1.945801E+0	8.544922E-3
2.0	-5.828857E-2	-1.049805E-1	1.968079E+0	8.850098E-3
2.0156	-4.577637E-2	-1.007080E-1	1.992798E+0	8.850098E-3
2.0156	-5.615234E-2	-1.089478E-1	2.005920E+0	8.850098E-3
2.0312	-4.791260E-2	-1.116943E-1	2.027893E+0	8.850098E-3
2.0469	-4.821777E-2	-1.141357E-1	2.052917E+0	8.239746E-3
2.0469	-5.706787E-2	-1.077271E-1	2.065125E+0	8.850098E-3
2.0625	-5.371094E-2	-1.098633E-1	2.089539E+0	8.850098E-3
2.0781	-5.676270E-2	-1.104736E-1	2.108765E+0	8.544922E-3
2.0781	-5.187988E-2	-1.202393E-1	2.124939E+0	9.460449E-3
2.0937	-5.279541E-2	-1.208496E-1	2.149048E+0	8.239746E-3
2.1094	-5.310059E-2	-1.165771E-1	2.169495E+0	8.239746E-3
2.1094	-5.615234E-2	-1.165771E-1	2.184753E+0	8.850098E-3
2.125	-6.011963E-2	-1.086426E-1	2.206726E+0	9.460449E-3
2.1406	-5.035400E-2	-1.156616E-1	2.232056E+0	9.155273E-3
2.1406	-5.859375E-2	-1.174927E-1	2.243958E+0	8.850098E-3
2.1562	-5.859375E-2	-1.181030E-1	2.269287E+0	8.850098E-3
2.1719	-6.225586E-2	-1.193237E-1	2.291565E+0	9.460449E-3
2.1719	-4.608154E-2	-1.165771E-1	2.303467E+0	8.850098E-3
2.1875	-5.798340E-2	-1.171875E-1	2.328491E+0	9.155273E-3
2.1875	-6.286621E-2	-1.309204E-1	2.341919E+0	8.850098E-3
2.2031	-5.706787E-2	-1.281738E-1	2.361755E+0	7.934570E-3
2.2187	-5.249023E-2	-1.318359E-1	2.383728E+0	8.544922E-3
2.2187	-6.225586E-2	-1.242065E-1	2.410583E+0	8.850098E-3
2.2344	-5.187988E-2	-1.239014E-1	2.423401E+0	8.850098E-3
2.25	-6.317139E-2	-1.354980E-1	2.446289E+0	8.850098E-3
2.25	-7.019043E-2	-1.370239E-1	2.471619E+0	8.850098E-3
2.2656	-5.523682E-2	-1.361084E-1	2.482300E+0	8.850098E-3
2.2812	-8.239746E-2	-2.069092E-1	2.507324E+0	8.850098E-3
2.2812	-6.744385E-2	-1.867676E-1	2.531128E+0	8.239746E-3
2.2969	-6.683350E-2	-1.730347E-1	2.542419E+0	8.850098E-3
2.2969	-6.347656E-2	-1.348877E-1	2.566833E+0	8.544922E-3
2.3125	-5.676270E-2	-1.034546E-1	2.590637E+0	8.544922E-3
2.3281	-5.035400E-2	-6.988525E-2	2.601624E+0	8.544922E-3
2.3281	-5.096436E-2	-2.929687E-2	2.626953E+0	9.155273E-3
2.3437	-4.608154E-2	8.544922E-3	2.649536E+0	8.544922E-3
2.3594	-3.265381E-2	2.929687E-2	2.662048E+0	9.155273E-3
2.3594	-2.899170E-2	6.622314E-2	2.687073E+0	9.155273E-3
2.375	-2.227783E-2	9.338379E-2	2.709351E+0	9.155273E-3
2.375	-1.220703E-2	1.190186E-1	2.721863E+0	8.544922E-3
2.3906	-1.159668E-2	1.480103E-1	2.743530E+0	8.544922E-3
2.4062	-4.577637E-3	1.959229E-1	2.769165E+0	8.850098E-3
2.4062	-2.746582E-3	2.175903E-1	2.781677E+0	8.239746E-3
2.4219	1.220703E-3	2.459717E-1	2.804871E+0	8.850098E-3
2.4375	1.647949E-2	2.792358E-1	2.823181E+0	8.544922E-3
2.4375	1.007080E-2	3.195190E-1	2.841187E+0	9.155273E-3
2.4531	2.166748E-2	3.530884E-1	2.861023E+0	8.850098E-3
2.4687	2.471924E-2	3.833008E-1	2.888184E+0	9.155273E-3
2.4687	3.295898E-2	4.153442E-1	2.900391E+0	8.850098E-3
2.4844	4.241943E-2	4.562378E-1	2.925720E+0	8.544922E-3
2.5	4.760742E-2	4.916382E-1	2.948914E+0	8.544922E-3
2.5	5.371094E-2	5.108643E-1	2.960205E+0	8.850098E-3
2.5156	5.004883E-2	5.584717E-1	2.984314E+0	8.544922E-3
2.5312	5.462646E-2	5.886841E-1	3.004761E+0	8.850098E-3
2.5312	6.896973E-2	6.225586E-1	3.020020E+0	8.544922E-3
2.5469	7.324219E-2	6.518555E-1	3.044434E+0	8.239746E-3
2.5469	7.446289E-2	6.967163E-1	3.067017E+0	8.544922E-3
2.5625	8.026123E-2	7.089233E-1	3.080444E+0	8.850098E-3
2.5781	8.087158E-2	7.586670E-1	3.102112E+0	9.460449E-3
2.5781	8.972168E-2	8.001709E-1	3.127136E+0	8.850098E-3
2.5937	9.338379E-2	8.209229E-1	3.139954E+0	8.850098E-3
2.6094	1.043701E-1	8.551025E-1	3.161621E+0	8.850098E-3
2.6094	1.113892E-1	9.106445E-1	3.187256E+0	9.155273E-3
2.625	1.150513E-1	9.194946E-1	3.198853E+0	8.544922E-3
2.6406	1.290894E-1	9.564209E-1	3.223267E+0	8.850098E-3
2.6406	1.351929E-1	9.970093E-1	3.244019E+0	8.850098E-3
2.6562	1.333618E-1	1.034851E+0	3.258667E+0	8.850098E-3
2.6719	1.382446E-1	1.071777E+0	3.283691E+0	9.460449E-3
2.6719	1.391602E-1	1.085815E+0	3.296204E+0	8.544922E-3
2.6875	1.358032E-1	1.073608E+0	3.296509E+0	2.655029E-2
2.6875	1.339722E-1	1.072998E+0	3.295288E+0	4.821777E-2
2.7031	1.315308E-1	1.070251E+0	3.295288E+0	6.866455E-2
2.7187	1.269531E-1	1.046448E+0	3.294983E+0	8.666992E-2
2.7187	1.147461E-1	1.054687E+0	3.294678E+0	1.089478E-1
2.7344	1.214600E-1	1.034241E+0	3.294983E+0	1.278687E-1
2.7344	1.168823E-1	1.026917E+0	3.294678E+0	1.473999E-1
2.75	1.110840E-1	1.033630E+0	3.295288E+0	1.687622E-1
2.7656	1.098633E-1	1.013489E+0	3.294983E+0	1.879883E-1
2.7656	1.000977E-1	1.016235E+0	3.294983E+0	2.075195E-1
2.7812	9.246826E-2	1.006775E+0	3.295288E+0	2.282715E-1
2.7969	8.392334E-2	9.872437E-1	3.294678E+0	2.478027E-1
2.7969	9.155273E-2	9.771729E-1	3.294373E+0	2.670288E-1
2.8125	8.666992E-2	9.686279E-1	3.294983E+0	2.890015E-1
2.8281	8.514404E-2	9.664917E-1	3.294678E+0	3.067017E-1
2.8281	7.232666E-2	9.573364E-1	3.294678E+0	3.277588E-1
2.8437	7.110596E-2	9.411621E-1	3.294678E+0	3.479004E-1
2.8594	6.347656E-2	9.481812E-1	3.296204E+0	3.680420E-1
2.8594	5.828857E-2	9.335327E-1	3.295288E+0	3.875732E-1
2.875	5.096436E-2	9.274292E-1	3.294678E+0	4.083252E-1
2.8906	4.486084E-2	9.170532E-1	3.294678E+0	4.290771E-1
2.8906	3.540039E-2	9.020996E-1	3.294373E+0	4.473877E-1
2.9062	2.807617E-2	8.923340E-1	3.294678E+0	4.684448E-1
2.9219	1.953125E-2	8.850098E-1	3.294678E+0	4.882812E-1
2.9219	2.349854E-2	8.798218E-1	3.294373E+0	5.065918E-1
2.9375	2.288818E-2	8.657837E-1	3.294678E+0	5.285645E-1
2.9375	3.051758E-3	8.471680E-1	3.294983E+0	5.480957E-1
2.9531	3.662109E-3	8.480835E-1	3.294678E+0	5.661011E-1
2.9687	2.441406E-3	8.224487E-1	3.294373E+0	5.883789E-1
2.9687	-1.495361E-2	8.163452E-1	3.294983E+0	6.082153E-1
2.9844	-1.037598E-2	8.123779E-1	3.294373E+0	6.274414E-1
3.0	-2.227783E-2	7.937622E-1	3.294373E+0	6.478882E-1
3.0	-3.295898E-2	7.824707E-1	3.294373E+0	6.677246E-1
3.0156	-3.997803E-2	7.766724E-1	3.294983E+0	6.866455E-1
3.0312	-4.608154E-2	7.595825E-1	3.294983E+0	7.083130E-1
3.0312	-5.249023E-2	7.574463E-1	3.294678E+0	7.275391E-1
3.0469	-6.439209E-2	7.434082E-1	3.294678E+0	7.476807E-1
3.0469	-7.019043E-2	7.308960E-1	3.294678E+0	7.684326E-1
3.0625	-7.049561E-2	7.113647E-1	3.294678E+0	7.885742E-1
3.0781	-9.033203E-2	7.092285E-1	3.294373E+0	8.053589E-1
3.0781	-8.270264E-2	6.887817E-1	3.294067E+0	8.288574E-1
3.0937	-1.025391E-1	6.820679E-1	3.294373E+0	8.477783E-1
3.1094	-1.058960E-1	6.637573E-1	3.294373E+0	8.676147E-1
3.1094	-1.037598E-1	6.445312E-1	3.294373E+0	8.889771E-1
3.125	-1.141357E-1	6.433105E-1	3.294678E+0	9.075928E-1
3.125	-1.321411E-1	6.323242E-1	3.294678E+0	9.271240E-1
3.1406	-1.361084E-1	6.182861E-1	3.294678E+0	9.484863E-1
3.1562	-1.483154E-1	5.999756E-1	3.293457E+0	9.686279E-1
3.1562	-1.583862E-1	5.905151E-1	3.294678E+0	9.869385E-1
3.1719	-1.678467E-1	5.645752E-1	3.294373E+0	1.008606E+0
3.1875	-1.748657E-1	5.645752E-1	3.294678E+0	1.026611E+0
3.1875	-1.843262E-1	5.511475E-1	3.294067E+0	1.047974E+0
3.2031	-1.962280E-1	5.343628E-1	3.294373E+0	1.067810E+0
3.2187	-2.035522E-1	5.184937E-1	3.294678E+0	1.087646E+0
3.2187	-2.154541E-1	5.075073E-1	3.294373E+0	1.108398E+0
3.2344	-2.209473E-1	4.989624E-1	3.294678E+0	1.127014E+0
3.25	-2.395630E-1	4.782104E-1	3.294067E+0	1.148071E+0
3.25	-2.438354E-1	4.669189E-1	3.294373E+0	1.167603E+0
3.2656	-2.560425E-1	4.495239E-1	3.293762E+0	1.186523E+0
3.2812	-2.642822E-1	4.354858E-1	3.294678E+0	1.208496E+0
3.2812	-2.890015E-1	4.168701E-1	3.294067E+0	1.228333E+0
3.2969	-2.874756E-1	4.132080E-1	3.294373E+0	1.246643E+0
3.2969	-3.106689E-1	3.909302E-1	3.294067E+0	1.268311E+0
3.3125	-3.167725E-1	3.842163E-1	3.294678E+0	1.288452E+0
3.3281	-3.323364E-1	3.588867E-1	3.294678E+0	1.305847E+0
3.3281	-3.424072E-1	3.500366E-1	3.294067E+0	1.328735E+0
3.3437	-3.576660E-1	3.244019E-1	3.293762E+0	1.347656E+0
3.3594	-3.643799E-1	3.070068E-1	3.294373E+0	1.367493E+0
3.3594	-3.762817E-1	2.920532E-1	3.294373E+0	1.388245E+0
3.375	-3.939819E-1	2.862549E-1	3.294067E+0	1.408081E+0
3.375	-4.168701E-1	2.624512E-1	3.294373E+0	1.426392E+0
3.3906	-4.229736E-1	2.432251E-1	3.294678E+0	1.448364E+0
3.4062	-4.284668E-1	2.291870E-1	3.294678E+0	1.467590E+0
3.4062	-4.608154E-1	2.230835E-1	3.294373E+0	1.486206E+0
3.4219	-4.660034E-1	1.971436E-1	3.294373E+0	1.508484E+0
3.4375	-4.782104E-1	1.892090E-1	3.294678E+0	1.526489E+0
3.4375	-5.001831E-1	1.702881E-1	3.294373E+0	1.547852E+0
3.4531	-5.178833E-1	1.541138E-1	3.294678E+0	1.567993E+0
3.4687	-5.288696E-1	1.275635E-1	3.294678E+0	1.587219E+0
3.4687	-5.526733E-1	1.306152E-1	3.294678E+0	1.607971E+0
3.4844	-5.618286E-1	1.150513E-1	3.294373E+0	1.627808E+0
3.4844	-5.868530E-1	9.124756E-2	3.294373E+0	1.647034E+0
3.5	-5.926514E-1	6.439209E-2	3.294678E+0	1.668091E+0
3.5156	-6.152344E-1	5.004883E-2	3.293762E+0	1.687622E+0
3.5156	-6.301880E-1	3.570557E-2	3.294678E+0	1.707153E+0
3.5312	-6.503296E-1	2.655029E-2	3.294678E+0	1.727905E+0
3.5469	-6.655884E-1	-2.746582E-3	3.294983E+0	1.748047E+0
3.5469	-6.863403E-1	-4.882812E-3	3.294067E+0	1.766357E+0
3.5625	-7.022095E-1	-4.180908E-2	3.294067E+0	1.788330E+0
3.5781	-7.165527E-1	-3.601074E-2	3.294373E+0	1.805725E+0
3.5781	-7.510376E-1	-7.781982E-2	3.294373E+0	1.827698E+0
3.5937	-7.638550E-1	-7.934570E-2	3.294067E+0	1.847534E+0
3.6094	-7.824707E-1	-1.101685E-1	3.294373E+0	1.867371E+0
3.6094	-7.897949E-1	-1.147461E-1	3.294373E+0	1.886292E+0
3.625	-8.224487E-1	-1.318359E-1	3.294678E+0	1.907043E+0
3.625	-8.374023E-1	-1.412964E-1	3.294678E+0	1.926880E+0
3.6406	-8.703613E-1	-1.626587E-1	3.294678E+0	1.947937E+0
3.6562	-8.905029E-1	-1.873779E-1	3.294983E+0	1.967773E+0
3.6719	-9.039307E-1	-2.066040E-1	3.294373E+0	1.987915E+0
3.6719	-9.295654E-1	-2.172852E-1	3.294678E+0	2.005920E+0
3.6875	-9.426880E-1	-2.435303E-1	3.294067E+0	2.027893E+0
3.6875	-9.857178E-1	-2.551270E-1	3.294678E+0	2.048035E+0
3.7031	-9.927368E-1	-2.731323E-1	3.294678E+0	2.065735E+0
3.7187	-1.027527E+0	-2.978516E-1	3.294678E+0	2.087708E+0
3.7187	-1.030273E+0	-3.012085E-1	3.294678E+0	2.107239E+0
3.7344	-1.069641E+0	-3.198242E-1	3.294678E+0	2.126770E+0
3.75	-1.085815E+0	-3.402710E-1	3.294678E+0	2.147217E+0
3.75	-1.125183E+0	-3.720093E-1	3.294678E+0	2.167358E+0
3.7656	-1.146545E+0	-3.671265E-1	3.294678E+0	2.185974E+0
3.7812	-1.179199E+0	-3.955078E-1	3.294067E+0	2.207947E+0
3.7812	-1.178894E+0	-3.997803E-1	3.295288E+0	2.227173E+0
3.7969	-1.220093E+0	-4.409790E-1	3.294067E+0	2.246399E+0
3.7969	-1.240234E+0	-4.428101E-1	3.294678E+0	2.267456E+0
3.8125	-1.275940E+0	-4.574585E-1	3.294373E+0	2.287292E+0
3.8281	-1.287537E+0	-4.678345E-1	3.294678E+0	2.304382E+0
3.8281	-1.336975E+0	-4.992676E-1	3.294678E+0	2.327271E+0
3.8437	-1.346741E+0	-5.062866E-1	3.294373E+0	2.347412E+0
3.8594	-1.395264E+0	-5.371094E-1	3.294067E+0	2.366638E+0
3.8594	-1.400146E+0	-5.453491E-1	3.294678E+0	2.387390E+0
3.875	-1.445007E+0	-5.670166E-1	3.294067E+0	2.406921E+0
3.875	-1.446228E+0	-5.807495E-1	3.294067E+0	2.425842E+0
3.8906	-1.497803E+0	-6.106567E-1	3.294373E+0	2.447510E+0
3.9062	-1.517944E+0	-6.164551E-1	3.294067E+0	2.467041E+0
3.9062	-1.556396E+0	-6.411743E-1	3.294983E+0	2.485352E+0
3.9219	-1.593018E+0	-6.579590E-1	3.294983E+0	2.507019E+0
3.9375	-1.605530E+0	-6.698608E-1	3.294373E+0	2.525635E+0
3.9375	-1.636658E+0	-6.729126E-1	3.294678E+0	2.546997E+0
3.9531	-1.648865E+0	-6.945801E-1	3.294067E+0	2.567444E+0
3.9687	-1.715088E+0	-7.211304E-1	3.294678E+0	2.587280E+0
3.9687	-1.707153E+0	-7.327271E-1	3.294373E+0	2.604980E+0
3.9844	-1.759949E+0	-7.537842E-1	3.294678E+0	2.627258E+0
4.0	-1.759033E+0	-7.571411E-1	3.294067E+0	2.646484E+0
4.0	-1.813965E+0	-7.778931E-1	3.294067E+0	2.665710E+0
4.0156	-1.807556E+0	-7.858276E-1	3.294067E+0	2.686768E+0
4.0312	-1.877136E+0	-8.145142E-1	3.294373E+0	2.706299E+0
4.0312	-1.857300E+0	-8.111572E-1	3.294373E+0	2.725830E+0
4.0469	-1.920471E+0	-8.496094E-1	3.294067E+0	2.746277E+0
4.0469	-1.910400E+0	-8.474731E-1	3.294678E+0	2.766724E+0
4.0625	-1.961670E+0	-8.627319E-1	3.294067E+0	2.786560E+0
4.0781	-1.943970E+0	-8.651733E-1	3.294678E+0	2.807007E+0
4.0781	-1.984863E+0	-8.761597E-1	3.294678E+0	2.827148E+0
4.0937	-1.971741E+0	-8.773804E-1	3.294373E+0	2.845459E+0
4.1094	-1.932373E+0	-8.493042E-1	3.294678E+0	2.866821E+0
4.1094	-1.868896E+0	-8.285522E-1	3.294373E+0	2.886047E+0
4.125	-1.878662E+0	-8.129883E-1	3.294678E+0	2.905273E+0
4.1406	-1.846924E+0	-7.958984E-1	3.294678E+0	2.927246E+0
4.1406	-1.832886E+0	-8.004761E-1	3.294373E+0	2.946167E+0
4.1562	-1.838684E+0	-8.035278E-1	3.294983E+0	2.965698E+0
4.1719	-1.821594E+0	-8.016968E-1	3.294373E+0	2.987061E+0
4.1719	-1.842041E+0	-7.901001E-1	3.294067E+0	3.006287E+0
4.1875	-1.838074E+0	-8.126831E-1	3.294373E+0	3.024597E+0
4.1875	-1.856689E+0	-8.032227E-1	3.294067E+0	3.046875E+0
4.2031	-1.836243E+0	-7.949829E-1	3.294678E+0	3.065491E+0
4.2187	-1.862793E+0	-8.053589E-1	3.294067E+0	3.085327E+0
4.2187	-1.846313E+0	-8.108521E-1	3.294373E+0	3.107300E+0
4.2344	-1.880493E+0	-8.160400E-1	3.294067E+0	3.126221E+0
4.2344	-1.873779E+0	-8.114624E-1	3.294067E+0	3.145752E+0
4.25	-1.895752E+0	-8.346558E-1	3.294678E+0	3.166199E+0
4.2656	-1.894226E+0	-8.276367E-1	3.294373E+0	3.186340E+0
4.2656	-1.917114E+0	-8.361816E-1	3.294373E+0	3.205261E+0
4.2812	-1.879578E+0	-8.175659E-1	3.294067E+0	3.226013E+0
4.2969	-1.898193E+0	-8.297729E-1	3.294373E+0	3.246155E+0
4.2969	-1.870422E+0	-8.059692E-1	3.294678E+0	3.264465E+0
4.3125	-1.876221E+0	-8.175659E-1	3.294678E+0	3.286438E+0
4.3281	-1.860352E+0	-8.087158E-1	3.294373E+0	3.304138E+0
4.3281	-1.888428E+0	-8.218384E-1	3.294067E+0	3.325806E+0
4.3437	-1.871643E+0	-8.050537E-1	3.294983E+0	3.346558E+0
4.3594	-1.889343E+0	-8.114624E-1	3.294983E+0	3.365479E+0
4.3594	-1.891479E+0	-8.178711E-1	3.294373E+0	3.385620E+0
4.375	-1.895142E+0	-8.297729E-1	3.294373E+0	3.405151E+0
4.3906	-1.887207E+0	-8.090210E-1	3.293762E+0	3.425293E+0
4.3906	-1.894531E+0	-8.139038E-1	3.294373E+0	3.445129E+0
4.4062	-1.904602E+0	-8.206177E-1	3.294678E+0	3.465881E+0
4.4219	-1.895752E+0	-8.212280E-1	3.294983E+0	3.485413E+0
4.4219	-1.902771E+0	-8.251953E-1	3.294373E+0	3.504028E+0
4.4375	-1.887207E+0	-8.197021E-1	3.294067E+0	3.526306E+0
4.4531	-1.887207E+0	-8.117676E-1	3.294678E+0	3.545837E+0
4.4531	-1.871338E+0	-8.032227E-1	3.294373E+0	3.564453E+0
4.4687	-1.896362E+0	-8.212280E-1	3.294983E+0	3.583679E+0
4.4687	-1.885376E+0	-8.038330E-1	3.294678E+0	3.606262E+0
4.4844	-1.899719E+0	-8.227539E-1	3.293762E+0	3.625488E+0
4.4844	-1.876526E+0	-8.010864E-1	3.294678E+0	3.644714E+0
4.5	-1.895752E+0	-8.154297E-1	3.294067E+0	3.665161E+0
4.5156	-1.888123E+0	-8.145142E-1	3.294678E+0	3.685303E+0
4.5156	-1.888733E+0	-8.044434E-1	3.294373E+0	3.704224E+0
4.5312	-1.887817E+0	-8.111572E-1	3.294373E+0	3.725891E+0
4.5469	-1.893921E+0	-8.187866E-1	3.294067E+0	3.744507E+0
4.5469	-1.894226E+0	-8.157349E-1	3.294678E+0	3.763428E+0
4.5625	-1.891479E+0	-8.114624E-1	3.294678E+0	3.784790E+0
4.5781	-1.907043E+0	-8.129883E-1	3.294373E+0	3.803101E+0
4.5781	-1.913452E+0	-8.120728E-1	3.294678E+0	3.824768E+0
4.5937	-1.903687E+0	-8.267212E-1	3.294067E+0	3.845520E+0
4.6094	-1.914368E+0	-8.193970E-1	3.294373E+0	3.863831E+0
4.6094	-1.915588E+0	-8.242798E-1	3.294678E+0	3.885498E+0
4.625	-1.900635E+0	-8.190918E-1	3.294373E+0	3.904724E+0
4.625	-1.928101E+0	-8.322144E-1	3.294678E+0	3.923035E+0
4.6406	-1.919556E+0	-8.242798E-1	3.294678E+0	3.945618E+0
4.6562	-1.923523E+0	-8.267212E-1	3.294373E+0	3.964233E+0
4.6562	-1.934814E+0	-8.355713E-1	3.294373E+0	3.984070E+0
4.6719	-1.947327E+0	-8.319092E-1	3.294678E+0	4.004822E+0
4.6875	-1.947937E+0	-8.343506E-1	3.294067E+0	4.023132E+0
4.6875	-1.956177E+0	-8.367920E-1	3.294678E+0	4.044800E+0
4.7031	-1.943970E+0	-8.361816E-1	3.294067E+0	4.064026E+0
4.7187	-1.955261E+0	-8.453369E-1	3.294678E+0	4.083557E+0
4.7187	-1.970215E+0	-8.416748E-1	3.294678E+0	4.105225E+0
4.7344	-1.954041E+0	-8.346558E-1	3.294373E+0	4.124146E+0
4.7344	-1.972351E+0	-8.499146E-1	3.294373E+0	4.143982E+0
4.75	-1.960144E+0	-8.483887E-1	3.294373E+0	4.164124E+0
4.7656	-1.975098E+0	-8.511353E-1	3.295288E+0	4.183044E+0
4.7656	-1.976624E+0	-8.483887E-1	3.294067E+0	4.202881E+0
4.7812	-1.988220E+0	-8.551025E-1	3.294678E+0	4.224548E+0
4.7969	-1.991882E+0	-8.575439E-1	3.294678E+0	4.243774E+0
4.7969	-2.006836E+0	-8.789062E-1	3.294067E+0	4.262695E+0
4.8125	-2.022400E+0	-8.782959E-1	3.294373E+0	4.283752E+0
4.8281	-2.025146E+0	-8.840942E-1	3.294983E+0	4.301758E+0
4.8281	-2.054749E+0	-8.953857E-1	3.294067E+0	4.323120E+0
4.8437	-2.070007E+0	-9.347534E-1	3.294373E+0	4.343262E+0
4.8594	-2.124329E+0	-9.619141E-1	3.294067E+0	4.363708E+0
4.8594	-2.145996E+0	-9.600830E-1	3.294067E+0	4.382629E+0
4.875	-2.192688E+0	-9.912109E-1	3.294067E+0	4.403076E+0
4.8906	-2.226257E+0	-9.884644E-1	3.294373E+0	4.422607E+0
4.8906	-2.265015E+0	-1.021423E+0	3.294373E+0	4.442749E+0
4.9062	-2.293396E+0	-1.029358E+0	3.294373E+0	4.463196E+0
4.9219	-2.352295E+0	-1.044617E+0	3.294373E+0	4.482727E+0
4.9219	-2.383423E+0	-1.062317E+0	3.294373E+0	4.501648E+0
4.9375	-2.429504E+0	-1.082153E+0	3.294373E+0	4.523621E+0
4.9375	-2.468262E+0	-1.099548E+0	3.294067E+0	4.542542E+0
4.9531	-2.510376E+0	-1.105652E+0	3.294678E+0	4.559937E+0
4.9687	-2.556458E+0	-1.129150E+0	3.294678E+0	4.582520E+0
4.9687	-2.593689E+0	-1.148071E+0	3.294373E+0	4.602966E+0
4.9844	-2.623596E+0	-1.161499E+0	3.294373E+0	4.622192E+0
5.0	-2.674561E+0	-1.180725E+0	3.294678E+0	4.642944E+0
5.0	-2.708740E+0	-1.200562E+0	3.294067E+0	4.661560E+0
5.0156	-2.756958E+0	-1.213989E+0	3.294983E+0	4.680786E+0
5.0312	-2.796936E+0	-1.229553E+0	3.294373E+0	4.702759E+0
5.0312	-2.806396E+0	-1.241455E+0	3.294678E+0	4.721680E+0
5.0469	-2.848206E+0	-1.254883E+0	3.294678E+0	4.740906E+0
5.0469	-2.858276E+0	-1.252136E+0	3.294678E+0	4.762878E+0
5.0625	-2.867737E+0	-1.258850E+0	3.294678E+0	4.782104E+0
5.0781	-2.846375E+0	-1.253052E+0	3.294983E+0	4.798889E+0
5.0781	-2.814636E+0	-1.239319E+0	3.294067E+0	4.821777E+0
5.0937	-2.720337E+0	-1.200256E+0	3.294678E+0	4.841614E+0
5.1094	-2.704163E+0	-1.196899E+0	3.294678E+0	4.860535E+0
5.1094	-2.644043E+0	-1.159058E+0	3.294067E+0	4.881592E+0
5.125	-2.669983E+0	-1.180115E+0	3.294067E+0	4.900513E+0
5.125	-2.662659E+0	-1.170349E+0	3.295288E+0	4.919434E+0
5.1406	-2.676697E+0	-1.188965E+0	3.294373E+0	4.941101E+0
5.1562	-2.669067E+0	-1.177673E+0	3.294373E+0	4.960022E+0
5.1562	-2.688293E+0	-1.178284E+0	3.294067E+0	4.979553E+0
5.1719	-2.710876E+0	-1.193542E+0	3.294678E+0	5.001221E+0
5.1875	-2.705078E+0	-1.202393E+0	3.294678E+0	5.019531E+0
5.1875	-2.718506E+0	-1.189270E+0	3.294678E+0	5.040588E+0
5.2031	-2.713623E+0	-1.192322E+0	3.294067E+0	5.060425E+0
5.2187	-2.723694E+0	-1.190491E+0	3.294678E+0	5.079651E+0
5.2187	-2.714844E+0	-1.183777E+0	3.294373E+0	5.097961E+0
5.2344	-2.699890E+0	-1.179504E+0	3.293762E+0	5.120239E+0
5.25	-2.674561E+0	-1.168518E+0	3.294067E+0	5.139465E+0
5.25	-2.705688E+0	-1.175232E+0	3.294067E+0	5.158386E+0
5.2656	-2.684631E+0	-1.174927E+0	3.294373E+0	5.180359E+0
5.2812	-2.718201E+0	-1.173706E+0	3.294373E+0	5.198975E+0
5.2812	-2.680359E+0	-1.182556E+0	3.294678E+0	5.218811E+0
5.2969	-2.729797E+0	-1.192017E+0	3.294067E+0	5.238953E+0
5.2969	-2.713623E+0	-1.185608E+0	3.294067E+0	5.258484E+0
5.3125	-2.765503E+0	-1.193848E+0	3.294678E+0	5.278625E+0
5.3281	-2.744446E+0	-1.188660E+0	3.294067E+0	5.298767E+0
5.3281	-2.792053E+0	-1.210632E+0	3.294678E+0	5.319214E+0
5.3437	-2.787476E+0	-1.195984E+0	3.294678E+0	5.337219E+0
5.3594	-2.814026E+0	-1.213074E+0	3.294678E+0	5.359497E+0
5.3594	-2.771606E+0	-1.198425E+0	3.294067E+0	5.378113E+0
5.375	-2.777100E+0	-1.199036E+0	3.294373E+0	5.396118E+0
5.3906	-2.739258E+0	-1.183472E+0	3.294373E+0	5.418701E+0
5.3906	-2.763672E+0	-1.190186E+0	3.294067E+0	5.437622E+0
5.4062	-2.763062E+0	-1.182861E+0	3.293762E+0	5.457153E+0
5.4062	-2.755127E+0	-1.184998E+0	3.294067E+0	5.478210E+0
5.4219	-2.725830E+0	-1.165161E+0	3.294067E+0	5.497437E+0
5.4375	-2.704773E+0	-1.161194E+0	3.294067E+0	5.515747E+0
5.4375	-2.303772E+0	-9.609985E-1	3.294983E+0	5.537109E+0
5.4531	-5.615234E-2	-9.918213E-2	3.294373E+0	5.557251E+0
5.4687	-5.645752E-2	-1.052856E-1	3.294373E+0	5.575256E+0
5.4687	-4.516602E-2	-9.338379E-2	3.294067E+0	5.598145E+0
5.4844	-4.669189E-2	-1.019287E-1	3.294983E+0	5.616150E+0
5.4844	-4.943848E-2	-9.674072E-2	3.294373E+0	5.635681E+0
5.5	-4.547119E-2	-1.046753E-1	3.294373E+0	5.656433E+0
5.5156	-5.096436E-2	-9.979248E-2	3.294678E+0	5.676575E+0
5.5156	-5.218506E-2	-9.796143E-2	3.294373E+0	5.695496E+0
5.5312	-5.584717E-2	-9.399414E-2	3.294678E+0	5.716858E+0
5.5469	-5.249023E-2	-1.055908E-1	3.294373E+0	5.735779E+0
5.5469	-5.676270E-2	-1.031494E-1	3.294983E+0	5.753479E+0
5.5625	-5.523682E-2	-1.013184E-1	3.294373E+0	5.776367E+0
5.5781	-4.974365E-2	-1.022339E-1	3.294678E+0	5.793457E+0
5.5781	-4.852295E-2	-1.049805E-1	3.294373E+0	5.814514E+0
5.5937	-5.065918E-2	-1.040649E-1	3.294678E+0	5.835876E+0
5.6094	-4.943848E-2	-9.826660E-2	3.294373E+0	5.854797E+0
5.6094	-5.035400E-2	-9.979248E-2	3.294373E+0	5.873413E+0
5.625	-4.974365E-2	-1.019287E-1	3.294067E+0	5.895386E+0
5.6406	-5.004883E-2	-1.052856E-1	3.294678E+0	5.914307E+0
5.6406	-5.828857E-2	-9.948730E-2	3.294678E+0	5.933838E+0
5.6562	-5.493164E-2	-1.004028E-1	3.294373E+0	5.955200E+0
5.6719	-5.157471E-2	-1.019287E-1	3.294067E+0	5.973511E+0
5.6719	-5.096436E-2	-1.049805E-1	3.294373E+0	5.992432E+0
5.6875	-5.493164E-2	-1.095581E-1	3.294067E+0	6.014404E+0
5.6875	-5.493164E-2	-1.046753E-1	3.294373E+0	6.033630E+0
5.7031	-4.608154E-2	-9.674072E-2	3.294678E+0	6.051025E+0
5.7187	-5.096436E-2	-9.887695E-2	3.294678E+0	6.073303E+0
5.7187	-5.126953E-2	-1.046753E-1	3.294373E+0	6.093750E+0
5.7344	-5.493164E-2	-1.074219E-1	3.294678E+0	6.112061E+0
5.75	-4.302979E-2	-1.013184E-1	3.294373E+0	6.133423E+0
5.75	-5.035400E-2	-1.031494E-1	3.294067E+0	6.152649E+0
5.7656	-5.096436E-2	-1.034546E-1	3.294067E+0	6.170959E+0
5.7812	-5.310059E-2	-9.155273E-2	3.294678E+0	6.192627E+0
5.7812	-5.493164E-2	-9.582520E-2	3.293457E+0	6.211853E+0
5.7969	-4.882812E-2	-1.019287E-1	3.294373E+0	6.230469E+0
5.7969	-4.486084E-2	-9.674072E-2	3.294373E+0	6.252441E+0
5.8125	-5.340576E-2	-9.460449E-2	3.294678E+0	6.271667E+0
5.8281	-5.828857E-2	-9.643555E-2	3.294373E+0	6.288452E+0
5.8281	-5.065918E-2	-9.643555E-2	3.294678E+0	6.311951E+0
5.8437	-5.249023E-2	-9.216309E-2	3.294373E+0	6.331482E+0
5.8594	-5.584717E-2	-9.613037E-2	3.293762E+0	6.350098E+0
5.8594	-5.004883E-2	-1.034546E-1	3.294678E+0	6.371765E+0
5.875	-5.706787E-2	-1.046753E-1	3.294067E+0	6.390686E+0
5.875	-4.638672E-2	-8.758545E-2	3.294373E+0	6.409302E+0
5.8906	-4.486084E-2	-1.016235E-1	3.294678E+0	6.430664E+0
5.9062	-5.249023E-2	-1.016235E-1	3.294373E+0	6.450500E+0
5.9062	-5.065918E-2	-9.338379E-2	3.294678E+0	6.468811E+0
5.9219	-4.272461E-2	-9.124756E-2	3.294373E+0	6.490479E+0
5.9375	-4.577637E-2	-1.022339E-1	3.294373E+0	6.508484E+0
5.9375	-5.706787E-2	-9.399414E-2	3.294983E+0	6.529846E+0
5.9531	-4.943848E-2	-9.399414E-2	3.294373E+0	6.549377E+0
5.9687	-4.974365E-2	-8.850098E-2	3.294678E+0	6.569214E+0
5.9687	-5.737305E-2	-9.735107E-2	3.294678E+0	6.587219E+0
5.9844	-4.364014E-2	-1.062012E-1	3.294678E+0	6.609802E+0
6.0	-5.126953E-2	-9.643555E-2	3.294373E+0	6.628113E+0
6.0	-4.821777E-2	-1.019287E-1	3.294678E+0	6.648254E+0
6.0156	-4.730225E-2	-1.016235E-1	3.294373E+0	6.668701E+0
6.0312	-5.859375E-2	-9.490967E-2	3.294373E+0	6.687927E+0
6.0312	-5.249023E-2	-1.046753E-1	3.294373E+0	6.707153E+0
6.0469	-4.577637E-2	-9.704590E-2	3.294067E+0	6.727905E+0
6.0469	-4.455566E-2	-9.399414E-2	3.294678E+0	6.746826E+0
6.0625	-5.462646E-2	-1.004028E-1	3.294373E+0	6.766968E+0
6.0781	-5.645752E-2	-9.826660E-2	3.294067E+0	6.787109E+0
6.0781	-4.760742E-2	-8.544922E-2	3.294373E+0	6.807251E+0
6.0937	-4.913330E-2	-9.216309E-2	3.293762E+0	6.824951E+0
6.1094	-4.821777E-2	-9.979248E-2	3.294373E+0	6.846619E+0
6.1094	-4.943848E-2	-9.918213E-2	3.294373E+0	6.866150E+0
6.125	-5.249023E-2	-9.033203E-2	3.294067E+0	6.884460E+0
6.1406	-4.791260E-2	-9.887695E-2	3.294373E+0	6.906433E+0
6.1406	-4.669189E-2	-9.307861E-2	3.294067E+0	6.925659E+0
6.1562	-5.157471E-2	-9.124756E-2	3.294678E+0	6.945496E+0
6.1719	-4.241943E-2	-9.887695E-2	3.294373E+0	6.965942E+0
6.1719	-4.882812E-2	-9.368896E-2	3.294373E+0	6.984863E+0
6.1875	-4.669189E-2	-9.124756E-2	3.294067E+0	7.003479E+0
6.1875	-5.645752E-2	-9.796143E-2	3.294678E+0	7.025757E+0
6.2031	-5.004883E-2	-9.155273E-2	3.294678E+0	7.044067E+0
6.2187	-4.333496E-2	-1.022339E-1	3.294678E+0	7.062988E+0
6.2187	-4.638672E-2	-9.765625E-2	3.294373E+0	7.085266E+0
6.2344	-5.065918E-2	-9.857178E-2	3.294678E+0	7.103882E+0
6.2344	-5.249023E-2	-9.307861E-2	3.294373E+0	7.122498E+0
6.25	-5.249023E-2	-8.544922E-2	3.294678E+0	7.143860E+0
6.2656	-5.096436E-2	-9.185791E-2	3.294678E+0	7.163086E+0
6.2656	-5.096436E-2	-8.514404E-2	3.294373E+0	7.182312E+0
6.2812	-5.310059E-2	-8.483887E-2	3.294067E+0	7.202148E+0
6.2969	-4.608154E-2	-9.307861E-2	3.294373E+0	7.222290E+0
6.2969	-4.272461E-2	-1.007080E-1	3.294678E+0	7.242126E+0
6.3125	-4.516602E-2	-9.033203E-2	3.294983E+0	7.263489E+0
6.3281	-4.852295E-2	-9.704590E-2	3.293762E+0	7.280579E+0
6.3281	-4.364014E-2	-9.063721E-2	3.294067E+0	7.301331E+0
6.3437	-4.760742E-2	-9.094238E-2	3.294373E+0	7.322693E+0
6.3594	-5.371094E-2	-9.246826E-2	3.294373E+0	7.340698E+0
6.3594	-4.089355E-2	-9.887695E-2	3.294067E+0	7.360229E+0
6.375	-5.310059E-2	-8.819580E-2	3.294983E+0	7.380981E+0
6.3906	-4.638672E-2	-8.575439E-2	3.294373E+0	7.400513E+0
6.3906	-5.187988E-2	-9.307861E-2	3.294983E+0	7.420044E+0
6.4062	-4.241943E-2	-9.338379E-2	3.294373E+0	7.440796E+0
6.4219	-5.249023E-2	-9.185791E-2	3.294373E+0	7.460022E+0
6.4219	-5.249023E-2	-8.697510E-2	3.294373E+0	7.478638E+0
6.4375	-5.462646E-2	-8.483887E-2	3.294678E+0	7.500610E+0
6.4531	-5.035400E-2	-9.185791E-2	3.294678E+0	7.519531E+0
6.4531	-4.974365E-2	-9.368896E-2	3.294373E+0	7.537537E+0
6.4687	-5.310059E-2	-9.582520E-2	3.294067E+0	7.558594E+0
6.4687	-4.638672E-2	-8.453369E-2	3.294373E+0	7.579346E+0
6.4844	-4.730225E-2	-8.483887E-2	3.294678E+0	7.598267E+0
6.4844	-4.699707E-2	-9.552002E-2	3.294373E+0	7.618103E+0
6.5	-5.096436E-2	-8.361816E-2	3.294678E+0	7.639160E+0
6.5156	-5.035400E-2	-9.246826E-2	3.294067E+0	7.657471E+0
6.5156	-4.577637E-2	-8.819580E-2	3.294678E+0	7.677307E+0
6.5312	-4.211426E-2	-8.941650E-2	3.294373E+0	7.698059E+0
6.5469	-5.035400E-2	-8.483887E-2	3.294067E+0	7.716675E+0
6.5469	-4.547119E-2	-8.270264E-2	3.294067E+0	7.734680E+0
6.5625	-4.028320E-2	-8.148193E-2	3.294678E+0	7.757568E+0
6.5781	-4.638672E-2	-9.155273E-2	3.294373E+0	7.774353E+0
6.5781	-4.180908E-2	-9.429932E-2	3.294678E+0	7.796021E+0
6.5937	-4.943848E-2	-8.544922E-2	3.294373E+0	7.816162E+0
6.6094	-4.577637E-2	-8.605957E-2	3.294067E+0	7.835388E+0
6.6094	-3.753662E-2	-9.643555E-2	3.294067E+0	7.854004E+0
6.625	-4.638672E-2	-8.850098E-2	3.294678E+0	7.876587E+0
6.6406	-4.577637E-2	-8.422852E-2	3.293762E+0	7.895203E+0
6.6406	-4.638672E-2	-8.300781E-2	3.294373E+0	7.914429E+0
6.6562	-5.065918E-2	-8.331299E-2	3.294373E+0	7.935791E+0
6.6719	-4.028320E-2	-8.148193E-2	3.294373E+0	7.954407E+0
6.6719	-4.302979E-2	-8.544922E-2	3.282776E+0	7.971802E+0
6.6875	-4.180908E-2	-8.666992E-2	3.161316E+0	7.974548E+0
6.6875	-5.004883E-2	-8.178711E-2	3.091736E+0	7.973938E+0
6.7031	-4.364014E-2	-8.514404E-2	2.990723E+0	7.974243E+0
6.7187	-4.211426E-2	-7.598877E-2	2.883301E+0	7.973938E+0
6.7187	-3.845215E-2	-6.988525E-2	2.745667E+0	7.973938E+0
6.7344	-4.608154E-2	-7.690430E-2	2.684021E+0	7.973328E+0
6.75	-3.936768E-2	-7.995605E-2	2.569885E+0	7.973938E+0
6.75	-4.028320E-2	-6.439209E-2	2.443237E+0	7.973022E+0
6.7656	-3.662109E-2	-6.378174E-2	2.384644E+0	7.973328E+0
6.7812	-3.997803E-2	-6.408691E-2	2.257996E+0	7.973633E+0
6.7812	-3.601074E-2	-6.164551E-2	2.141113E+0	7.973022E+0
6.7969	-4.089355E-2	-6.408691E-2	2.085571E+0	7.973328E+0
6.7969	-3.997803E-2	-5.371094E-2	1.963501E+0	7.973633E+0
6.8125	-3.631592E-2	-6.469727E-2	1.855774E+0	7.973328E+0
6.8281	-3.234863E-2	-6.195068E-2	1.785889E+0	7.973328E+0
6.8281	-3.265381E-2	-6.469727E-2	1.687622E+0	7.973022E+0
6.8437	-3.601074E-2	-5.615234E-2	1.588135E+0	7.973022E+0
6.8594	-3.204346E-2	-5.615234E-2	1.488953E+0	7.973633E+0
6.8594	-2.593994E-2	-5.157471E-2	1.349487E+0	7.973633E+0
6.875	-3.662109E-2	-4.699707E-2	1.289062E+0	7.973022E+0
6.8906	-3.173828E-2	-4.577637E-2	1.164551E+0	7.973633E+0
6.8906	-2.899170E-2	-5.462646E-2	1.064148E+0	7.973328E+0
6.9062	-3.479004E-2	-4.943848E-2	9.902954E-1	7.972412E+0
6.9219	-3.265381E-2	-4.577637E-2	8.666992E-1	7.973328E+0
6.9219	-2.593994E-2	-5.096436E-2	7.537842E-1	7.973633E+0
6.9375	-2.441406E-2	-3.570557E-2	6.915283E-1	7.973328E+0
6.9375	-3.143311E-2	-3.540039E-2	5.673218E-1	7.973633E+0
6.9531	-3.204346E-2	-3.448486E-2	4.547119E-1	7.973022E+0
6.9687	-2.746582E-2	-4.028320E-2	3.952026E-1	7.973328E+0
6.9687	-2.166748E-2	-3.997803E-2	2.844238E-1	7.973022E+0
6.9844	-3.051758E-2	-3.814697E-2	1.870728E-1	7.973022E+0
6.9844	-2.960205E-2	-2.960205E-2	1.046753E-1	7.973022E+0
7.0	-2.502441E-2	-2.716064E-2	1.007080E-2	7.973328E+0
7.0156	-2.014160E-2	-2.960205E-2	7.324219E-3	7.882080E+0
7.0156	-2.410889E-2	-2.624512E-2	7.629395E-3	7.786865E+0
7.0312	-2.929687E-2	-3.936768E-2	8.544922E-3	7.680969E+0
7.0469	-3.540039E-2	-4.211426E-2	9.765625E-3	7.583313E+0
7.0469	-2.807617E-2	-3.082275E-2	1.007080E-2	7.491455E+0
7.0625	-3.051758E-2	-3.051758E-2	1.007080E-2	7.380371E+0
7.0781	-2.563477E-2	-3.601074E-2	1.098633E-2	7.292175E+0
7.0781	-2.655029E-2	-3.326416E-2	9.460449E-3	7.187195E+0
7.0937	-2.593994E-2	-4.394531E-2	1.098633E-2	7.083740E+0
7.1094	-2.624512E-2	-3.753662E-2	1.037598E-2	6.987305E+0
7.1094	-3.204346E-2	-4.089355E-2	1.098633E-2	6.888733E+0
7.125	-2.990723E-2	-3.448486E-2	1.037598E-2	6.785889E+0
7.1406	-3.967285E-2	-4.272461E-2	1.037598E-2	6.688232E+0
7.1406	-2.441406E-2	-3.021240E-2	1.007080E-2	6.592102E+0
7.1562	-3.173828E-2	-4.119873E-2	1.037598E-2	6.487427E+0
7.1719	-2.288818E-2	-4.028320E-2	1.068115E-2	6.390076E+0
7.1719	-3.509521E-2	-4.608154E-2	1.037598E-2	6.295776E+0
7.1875	-2.410889E-2	-4.180908E-2	9.765625E-3	6.188965E+0
7.1875	-3.021240E-2	-4.241943E-2	1.007080E-2	6.089783E+0
7.2031	-2.197266E-2	-3.814697E-2	1.007080E-2	6.000977E+0
7.2187	-2.899170E-2	-4.333496E-2	1.007080E-2	5.891113E+0
7.2187	-2.868652E-2	-4.882812E-2	1.068115E-2	5.792236E+0
7.2344	-3.479004E-2	-5.310059E-2	1.037598E-2	5.696716E+0
7.25	-2.929687E-2	-3.753662E-2	1.129150E-2	5.592957E+0
7.25	-2.380371E-2	-5.126953E-2	1.068115E-2	5.493469E+0
7.2656	-2.868652E-2	-3.997803E-2	1.068115E-2	5.399780E+0
7.2812	-3.112793E-2	-4.455566E-2	1.098633E-2	5.293884E+0
7.2812	-1.770020E-2	-3.875732E-2	9.460449E-3	5.195923E+0
7.2969	-2.899170E-2	-4.913330E-2	1.068115E-2	5.100098E+0
7.2969	-3.387451E-2	-3.967285E-2	1.037598E-2	4.994507E+0
7.3125	-3.051758E-2	-5.401611E-2	1.068115E-2	4.895630E+0
7.3281	-3.448486E-2	-4.852295E-2	1.037598E-2	4.806824E+0
7.3281	-2.593994E-2	-4.058838E-2	1.068115E-2	4.696045E+0
7.3437	-3.814697E-2	-5.310059E-2	1.129150E-2	4.598389E+0
7.3594	-2.349854E-2	-3.906250E-2	1.037598E-2	4.500122E+0
7.3594	-2.624512E-2	-5.157471E-2	1.037598E-2	4.397583E+0
7.375	-3.326416E-2	-4.302979E-2	1.007080E-2	4.299011E+0
7.375	-3.509521E-2	-5.340576E-2	1.068115E-2	4.203186E+0
7.3906	-2.777100E-2	-4.486084E-2	1.098633E-2	4.098511E+0
7.4062	-3.692627E-2	-6.042480E-2	1.007080E-2	3.999329E+0
7.4062	-2.227783E-2	-4.547119E-2	1.037598E-2	3.903809E+0
7.4219	-2.899170E-2	-4.516602E-2	1.037598E-2	3.798523E+0
7.4375	-3.173828E-2	-5.187988E-2	1.068115E-2	3.703003E+0
7.4375	-2.990723E-2	-4.364014E-2	1.037598E-2	3.598938E+0
7.4531	-3.356934E-2	-5.676270E-2	1.129150E-2	3.500061E+0
7.4687	-3.143311E-2	-4.913330E-2	9.765625E-3	3.400269E+0
7.4687	-3.387451E-2	-6.011963E-2	1.037598E-2	3.304443E+0
7.4844	-4.028320E-2	-5.798340E-2	1.098633E-2	3.199158E+0
7.5	-2.838135E-2	-5.340576E-2	1.007080E-2	3.100891E+0
7.5	-3.082275E-2	-4.058838E-2	1.037598E-2	3.003235E+0
7.5156	-3.112793E-2	-5.249023E-2	1.037598E-2	2.899475E+0
7.5312	-3.173828E-2	-5.310059E-2	1.068115E-2	2.800903E+0
7.5312	-3.997803E-2	-5.310059E-2	1.007080E-2	2.703247E+0
7.5469	-3.448486E-2	-5.584717E-2	1.098633E-2	2.600098E+0
7.5469	-3.845215E-2	-4.821777E-2	1.007080E-2	2.500916E+0
7.5625	-3.509521E-2	-5.767822E-2	1.129150E-2	2.400818E+0
7.5781	-3.173828E-2	-4.943848E-2	1.068115E-2	2.300720E+0
7.5781	-2.746582E-2	-4.943848E-2	1.037598E-2	2.200623E+0
7.5937	-3.692627E-2	-4.913330E-2	1.037598E-2	2.104492E+0
7.6094	-2.685547E-2	-5.157471E-2	1.037598E-2	2.000122E+0
7.6094	-3.479004E-2	-6.469727E-2	1.007080E-2	1.902771E+0
7.625	-2.624512E-2	-5.065918E-2	1.068115E-2	1.802063E+0
7.6406	-3.143311E-2	-5.340576E-2	1.129150E-2	1.700439E+0
7.6406	-3.509521E-2	-5.004883E-2	1.129150E-2	1.601868E+0
7.6562	-3.173828E-2	-5.584717E-2	1.068115E-2	1.502380E+0
7.6719	-3.845215E-2	-5.371094E-2	1.159668E-2	1.401062E+0
7.6719	-4.455566E-2	-5.126953E-2	1.159668E-2	1.302185E+0
7.6875	-3.143311E-2	-5.950928E-2	1.098633E-2	1.205444E+0
7.6875	-2.990723E-2	-6.164551E-2	1.159668E-2	1.100159E+0
7.7031	-3.570557E-2	-5.493164E-2	1.159668E-2	1.002197E+0
7.7187	-3.479004E-2	-5.218506E-2	1.129150E-2	9.048462E-1
7.7187	-3.784180E-2	-6.347656E-2	1.190186E-2	8.001709E-1
7.7344	-3.326416E-2	-5.859375E-2	1.159668E-2	7.028198E-1
7.7344	-3.448486E-2	-4.943848E-2	1.098633E-2	6.042480E-1
7.75	-3.265381E-2	-5.035400E-2	1.098633E-2	5.007935E-1
7.7656	-3.906250E-2	-5.859375E-2	1.159668E-2	4.025269E-1
7.7656	-3.265381E-2	-6.195068E-2	1.159668E-2	3.027344E-1
7.7812	-3.997803E-2	-4.852295E-2	1.129150E-2	2.014160E-1
7.7969	-3.051758E-2	-6.469727E-2	1.129150E-2	1.022339E-1
7.7969	-2.899170E-2	-4.791260E-2	1.190186E-2	4.882812E-3
7.8125	-3.814697E-2	-4.333496E-2	1.159668E-2	4.882812E-3
7.8281	-3.387451E-2	-5.889893E-2	1.129150E-2	6.103516E-3
7.8281	-3.326416E-2	-5.371094E-2	1.159668E-2	7.019043E-3
7.8437	-3.601074E-2	-6.805420E-2	1.190186E-2	7.324219E-3
7.8594	-3.814697E-2	-5.493164E-2	1.190186E-2	7.324219E-3
7.8594	-4.058838E-2	-6.744385E-2	1.159668E-2	7.934570E-3
7.875	-3.997803E-2	-6.286621E-2	1.220703E-2	8.239746E-3
7.8906	-3.753662E-2	-5.950928E-2	1.190186E-2	7.934570E-3
7.8906	-4.119873E-2	-5.737305E-2	1.159668E-2	8.544922E-3
7.9062	-4.089355E-2	-5.523682E-2	1.159668E-2	7.934570E-3
7.9219	-3.082275E-2	-6.195068E-2	1.220703E-2	8.239746E-3
7.9219	-3.326416E-2	-5.767822E-2	1.190186E-2	7.934570E-3
7.9375	-3.112793E-2	-5.523682E-2	1.159668E-2	8.239746E-3
7.9375	-4.425049E-2	-5.035400E-2	1.190186E-2	8.239746E-3
7.9531	-2.807617E-2	-4.852295E-2	1.159668E-2	8.850098E-3
7.9687	-3.356934E-2	-5.554199E-2	1.190186E-2	8.239746E-3
7.9687	-3.112793E-2	-5.645752E-2	1.159668E-2	8.544922E-3
7.9844	-3.570557E-2	-5.615234E-2	1.190186E-2	8.544922E-3
8.0	-3.845215E-2	-5.493164E-2	1.190186E-2	8.544922E-3
8.0	-3.448486E-2	-4.974365E-2	1.159668E-2	8.850098E-3
8.0156	-3.540039E-2	-5.767822E-2	1.220703E-2	8.850098E-3
8.0312	-2.563477E-2	-5.340576E-2	1.159668E-2	8.544922E-3
8.0312	-3.692627E-2	-5.340576E-2	1.190186E-2	8.850098E-3
8.0469	-3.540039E-2	-5.523682E-2	1.159668E-2	9.155273E-3
8.0469	-3.417969E-2	-4.943848E-2	1.159668E-2	8.544922E-3
8.0625	-2.624512E-2	-5.950928E-2	1.159668E-2	8.850098E-3
8.0781	-2.655029E-2	-4.699707E-2	1.159668E-2	7.934570E-3
8.0781	-2.624512E-2	-4.943848E-2	1.129150E-2	8.850098E-3
8.0937	-3.997803E-2	-5.493164E-2	1.159668E-2	8.544922E-3
8.1094	-3.265381E-2	-5.920410E-2	1.129150E-2	8.850098E-3
8.1094	-3.631592E-2	-5.035400E-2	1.159668E-2	8.239746E-3
8.125	-3.875732E-2	-5.523682E-2	1.068115E-2	9.155273E-3
8.125	-2.868652E-2	-5.798340E-2	1.220703E-2	7.934570E-3
8.1406	-3.753662E-2	-5.981445E-2	1.159668E-2	9.155273E-3
8.1562	-3.234863E-2	-5.279541E-2	1.220703E-2	8.544922E-3
8.1562	-3.021240E-2	-5.249023E-2	1.190186E-2	8.850098E-3
8.1719	-3.143311E-2	-5.554199E-2	1.129150E-2	8.850098E-3
8.1875	-3.112793E-2	-4.730225E-2	1.159668E-2	8.850098E-3
8.1875	-3.204346E-2	-5.889893E-2	1.190186E-2	8.850098E-3
8.2031	-3.112793E-2	-6.408691E-2	1.190186E-2	8.544922E-3
8.2187	-3.753662E-2	-5.584717E-2	1.129150E-2	8.544922E-3
8.2187	-3.875732E-2	-6.042480E-2	1.129150E-2	8.239746E-3
8.2344	-3.662109E-2	-5.615234E-2	1.129150E-2	8.544922E-3
8.25	-3.448486E-2	-5.828857E-2	1.129150E-2	8.239746E-3
8.25	-3.875732E-2	-5.096436E-2	1.129150E-2	8.850098E-3
8.2656	-3.356934E-2	-6.011963E-2	1.159668E-2	8.239746E-3
8.2812	-2.990723E-2	-6.072998E-2	1.190186E-2	8.850098E-3
8.2812	-3.509521E-2	-6.317139E-2	1.159668E-2	8.544922E-3
8.2969	-3.326416E-2	-5.310059E-2	1.220703E-2	8.850098E-3
8.2969	-3.509521E-2	-6.317139E-2	1.159668E-2	8.544922E-3
8.3125	-3.570557E-2	-6.256104E-2	1.159668E-2	8.850098E-3
8.3281	-2.990723E-2	-6.347656E-2	1.190186E-2	8.850098E-3
8.3281	-3.295898E-2	-4.913330E-2	1.129150E-2	8.544922E-3
8.3437	-3.540039E-2	-6.195068E-2	1.190186E-2	8.850098E-3
8.3594	-3.509521E-2	-5.279541E-2	1.190186E-2	8.850098E-3
8.3594	-3.814697E-2	-5.920410E-2	1.190186E-2	8.239746E-3
8.375	-3.234863E-2	-5.126953E-2	1.190186E-2	8.544922E-3
8.3906	-3.234863E-2	-4.882812E-2	1.190186E-2	8.850098E-3
8.3906	-3.509521E-2	-5.035400E-2	1.190186E-2	8.544922E-3
8.4062	-3.295898E-2	-5.523682E-2	1.159668E-2	9.155273E-3
8.4219	-3.570557E-2	-6.408691E-2	1.251221E-2	8.850098E-3
8.4219	-3.662109E-2	-5.249023E-2	1.190186E-2	8.850098E-3
8.4375	-3.112793E-2	-5.950928E-2	1.220703E-2	8.544922E-3
8.4375	-3.326416E-2	-5.249023E-2	1.159668E-2	8.239746E-3
8.4531	-3.082275E-2	-5.554199E-2	1.190186E-2	8.850098E-3
8.4687	-4.364014E-2	-5.310059E-2	1.190186E-2	8.544922E-3
8.4687	-3.234863E-2	-5.157471E-2	1.159668E-2	9.155273E-3
8.4844	-3.509521E-2	-5.462646E-2	1.159668E-2	8.850098E-3
8.4844	-3.845215E-2	-6.378174E-2	1.159668E-2	8.850098E-3
8.5	-3.356934E-2	-6.317139E-2	1.190186E-2	8.544922E-3
8.5156	-2.746582E-2	-5.615234E-2	1.190186E-2	8.850098E-3
8.5156	-2.807617E-2	-6.042480E-2	1.190186E-2	8.850098E-3
8.5312	-3.417969E-2	-5.615234E-2	1.098633E-2	8.850098E-3
8.5469	-3.784180E-2	-5.157471E-2	1.159668E-2	8.850098E-3
8.5469	-3.356934E-2	-6.195068E-2	1.190186E-2	9.460449E-3
8.5625	-2.990723E-2	-5.371094E-2	1.190186E-2	8.544922E-3
8.5781	-3.784180E-2	-4.821777E-2	1.159668E-2	8.239746E-3
8.5781	-2.868652E-2	-4.882812E-2	1.159668E-2	7.629395E-3
8.5937	-3.662109E-2	-5.645752E-2	1.190186E-2	8.544922E-3
8.6094	-3.723145E-2	-5.828857E-2	1.159668E-2	8.239746E-3
8.6094	-4.302979E-2	-5.950928E-2	1.190186E-2	8.850098E-3
8.625	-3.540039E-2	-5.767822E-2	1.220703E-2	8.850098E-3
8.6406	-4.119873E-2	-4.913330E-2	1.190186E-2	8.850098E-3
8.6406	-3.387451E-2	-5.767822E-2	1.190186E-2	8.544922E-3
8.6562	-3.295898E-2	-5.676270E-2	1.159668E-2	8.850098E-3
8.6719	-3.448486E-2	-5.523682E-2	1.190186E-2	9.155273E-3
8.6719	-2.990723E-2	-5.767822E-2	1.220703E-2	8.239746E-3
8.6875	-3.204346E-2	-5.249023E-2	1.190186E-2	8.544922E-3
8.6875	-3.692627E-2	-5.676270E-2	1.159668E-2	8.544922E-3
8.7031	-3.234863E-2	-6.286621E-2	1.159668E-2	8.544922E-3
8.7187	-3.662109E-2	-5.798340E-2	1.190186E-2	8.239746E-3
8.7187	-3.234863E-2	-5.157471E-2	1.098633E-2	8.850098E-3
8.7344	-3.997803E-2	-4.974365E-2	1.129150E-2	8.544922E-3
8.75	-3.936768E-2	-5.096436E-2	1.251221E-2	9.155273E-3
8.75	-3.753662E-2	-5.401611E-2	1.129150E-2	9.155273E-3
8.7656	-3.143311E-2	-6.195068E-2	1.220703E-2	9.460449E-3
8.7812	-3.051758E-2	-4.974365E-2	1.159668E-2	9.460449E-3
8.7812	-3.662109E-2	-5.035400E-2	1.190186E-2	8.850098E-3
8.7969	-2.838135E-2	-6.378174E-2	1.159668E-2	9.460449E-3
