May 28, 2009 15:35
529b02
H:\20090528-sws10-sls\LS_p35_d80_vp20_vd20.traj
lateral amplification = 100
normal amp = 100
pitch angle = -10
roll angle = 294
cantilever = 529b02
<data>
time	voltageForceLateral	voltageForceNormal	voltagePositionX	voltagePositionY
0.0	2.227783E-1	2.459717E-1	1.403809E-2	1.068115E-2
0.0155999999988	2.246094E-1	2.392578E-1	1.403809E-2	1.098633E-2
0.0311999999976	2.169800E-1	2.395630E-1	1.403809E-2	1.129150E-2
0.0311999999976	2.188110E-1	2.392578E-1	1.373291E-2	1.037598E-2
0.0467999999964	2.252197E-1	2.374268E-1	1.434326E-2	1.098633E-2
0.0625	2.160645E-1	2.416992E-1	1.434326E-2	1.068115E-2
0.0625	2.188110E-1	2.435303E-1	1.495361E-2	1.129150E-2
0.0780999999988	2.243042E-1	2.432251E-1	1.403809E-2	1.098633E-2
0.0936999999976	2.246094E-1	2.380371E-1	1.434326E-2	1.098633E-2
0.0936999999976	2.224731E-1	2.392578E-1	1.434326E-2	1.068115E-2
0.109299999996	2.307129E-1	2.438354E-1	1.342773E-2	1.098633E-2
0.109299999996	2.206421E-1	2.453613E-1	1.373291E-2	1.098633E-2
0.125	2.267456E-1	2.413940E-1	1.373291E-2	1.129150E-2
0.140599999999	2.236938E-1	2.420044E-1	1.373291E-2	1.129150E-2
0.140599999999	2.203369E-1	2.426147E-1	1.403809E-2	1.068115E-2
0.156199999998	2.215576E-1	2.410889E-1	1.434326E-2	1.068115E-2
0.171799999996	2.218628E-1	2.355957E-1	1.403809E-2	1.068115E-2
0.171799999996	2.233887E-1	2.404785E-1	1.403809E-2	1.098633E-2
0.1875	2.203369E-1	2.447510E-1	1.373291E-2	1.129150E-2
0.1875	2.209473E-1	2.441406E-1	1.403809E-2	1.098633E-2
0.203099999999	2.178955E-1	2.423096E-1	1.403809E-2	1.098633E-2
0.218699999998	2.218628E-1	2.404785E-1	1.434326E-2	1.098633E-2
0.218699999998	2.249146E-1	2.349854E-1	1.434326E-2	1.007080E-2
0.234299999996	2.185059E-1	2.404785E-1	1.403809E-2	1.068115E-2
0.25	2.227783E-1	2.484131E-1	1.373291E-2	1.129150E-2
0.25	2.233887E-1	2.410889E-1	1.403809E-2	1.068115E-2
0.265599999999	2.307129E-1	2.450562E-1	1.434326E-2	1.068115E-2
0.281199999998	2.203369E-1	2.401733E-1	1.525879E-2	1.098633E-2
0.281199999998	2.239990E-1	2.478027E-1	1.434326E-2	1.098633E-2
0.296799999996	2.264404E-1	2.413940E-1	1.434326E-2	1.098633E-2
0.3125	2.175903E-1	2.395630E-1	1.434326E-2	1.068115E-2
0.3125	2.212524E-1	2.407837E-1	1.373291E-2	1.068115E-2
0.328099999999	2.227783E-1	2.346802E-1	1.434326E-2	1.098633E-2
0.343699999998	2.233887E-1	2.462769E-1	1.373291E-2	1.007080E-2
0.343699999998	2.206421E-1	2.365112E-1	1.403809E-2	1.037598E-2
0.359299999996	2.166748E-1	2.392578E-1	1.403809E-2	1.007080E-2
0.359299999996	2.224731E-1	2.456665E-1	1.434326E-2	1.098633E-2
0.375	2.270508E-1	2.474976E-1	1.464844E-2	1.098633E-2
0.390599999999	2.212524E-1	2.404785E-1	1.373291E-2	1.068115E-2
0.390599999999	2.215576E-1	2.392578E-1	1.434326E-2	1.098633E-2
0.406199999998	2.166748E-1	2.441406E-1	1.403809E-2	1.037598E-2
0.421799999996	2.209473E-1	2.435303E-1	1.342773E-2	1.037598E-2
0.421799999996	2.227783E-1	2.423096E-1	1.434326E-2	1.129150E-2
0.4375	2.236938E-1	2.487183E-1	1.464844E-2	1.068115E-2
0.453099999999	2.203369E-1	2.444458E-1	1.434326E-2	1.129150E-2
0.453099999999	2.169800E-1	2.435303E-1	1.403809E-2	1.068115E-2
0.468699999998	2.252197E-1	2.465820E-1	1.373291E-2	1.068115E-2
0.484299999996	2.203369E-1	2.444458E-1	1.403809E-2	1.068115E-2
0.484299999996	2.258301E-1	2.471924E-1	1.434326E-2	1.098633E-2
0.5	2.200317E-1	2.447510E-1	1.342773E-2	1.098633E-2
0.5	2.157593E-1	2.426147E-1	1.373291E-2	1.037598E-2
0.515599999999	2.200317E-1	2.481079E-1	1.403809E-2	1.037598E-2
0.531199999998	2.218628E-1	2.407837E-1	1.373291E-2	1.068115E-2
0.531199999998	2.209473E-1	2.484131E-1	1.373291E-2	1.129150E-2
0.546799999996	2.246094E-1	2.398682E-1	1.403809E-2	1.068115E-2
0.546799999996	2.197266E-1	2.474976E-1	1.403809E-2	1.068115E-2
0.5625	2.246094E-1	2.456665E-1	1.373291E-2	1.129150E-2
0.578099999999	2.194214E-1	2.441406E-1	1.373291E-2	1.129150E-2
0.578099999999	2.215576E-1	2.432251E-1	1.434326E-2	1.098633E-2
0.593699999998	2.243042E-1	2.404785E-1	1.373291E-2	1.098633E-2
0.609299999996	2.163696E-1	2.407837E-1	1.373291E-2	1.098633E-2
0.609299999996	2.209473E-1	2.438354E-1	1.434326E-2	1.098633E-2
0.625	2.157593E-1	2.401733E-1	1.403809E-2	1.098633E-2
0.640599999999	2.215576E-1	2.410889E-1	1.403809E-2	1.037598E-2
0.640599999999	2.206421E-1	2.465820E-1	1.403809E-2	1.098633E-2
0.656199999998	2.227783E-1	2.429199E-1	1.403809E-2	1.129150E-2
0.671799999996	2.206421E-1	2.478027E-1	1.373291E-2	1.098633E-2
0.671799999996	2.224731E-1	2.401733E-1	1.373291E-2	1.068115E-2
0.6875	2.163696E-1	2.404785E-1	1.373291E-2	1.068115E-2
0.703099999999	2.246094E-1	2.420044E-1	1.403809E-2	1.068115E-2
0.703099999999	2.215576E-1	2.401733E-1	1.403809E-2	1.098633E-2
0.718699999998	2.236938E-1	2.456665E-1	1.373291E-2	1.098633E-2
0.734299999996	2.233887E-1	2.416992E-1	1.342773E-2	1.037598E-2
0.734299999996	2.203369E-1	2.432251E-1	1.373291E-2	1.129150E-2
0.75	2.218628E-1	2.438354E-1	1.434326E-2	1.129150E-2
0.75	2.258301E-1	2.416992E-1	1.434326E-2	1.037598E-2
0.765599999999	2.230835E-1	2.423096E-1	1.403809E-2	1.098633E-2
0.781199999998	2.239990E-1	2.420044E-1	1.434326E-2	1.007080E-2
0.781199999998	2.175903E-1	2.423096E-1	1.342773E-2	1.068115E-2
0.796799999996	2.227783E-1	2.429199E-1	1.373291E-2	1.068115E-2
0.8125	2.203369E-1	2.453613E-1	1.403809E-2	1.098633E-2
0.8125	2.249146E-1	2.429199E-1	1.403809E-2	1.129150E-2
0.828099999999	2.243042E-1	2.438354E-1	1.403809E-2	1.098633E-2
0.843699999998	2.212524E-1	2.386475E-1	1.373291E-2	1.098633E-2
0.843699999998	2.215576E-1	2.456665E-1	1.403809E-2	1.098633E-2
0.859299999996	2.258301E-1	2.423096E-1	1.434326E-2	1.068115E-2
0.859299999996	2.224731E-1	2.423096E-1	1.434326E-2	1.068115E-2
0.875	2.197266E-1	2.462769E-1	1.434326E-2	1.098633E-2
0.890599999999	2.218628E-1	2.407837E-1	1.464844E-2	1.068115E-2
0.890599999999	2.224731E-1	2.392578E-1	1.434326E-2	1.098633E-2
0.906199999998	2.243042E-1	2.465820E-1	1.464844E-2	1.159668E-2
0.921799999996	2.215576E-1	2.490234E-1	1.403809E-2	1.098633E-2
0.921799999996	2.200317E-1	2.389526E-1	1.373291E-2	1.037598E-2
0.9375	2.197266E-1	2.380371E-1	1.434326E-2	1.037598E-2
0.9375	2.197266E-1	2.413940E-1	1.434326E-2	1.068115E-2
0.953099999999	2.212524E-1	2.420044E-1	1.403809E-2	1.068115E-2
0.968699999998	2.212524E-1	2.398682E-1	1.403809E-2	1.068115E-2
0.968699999998	2.224731E-1	2.404785E-1	1.373291E-2	1.159668E-2
0.984299999996	2.246094E-1	2.441406E-1	1.342773E-2	1.037598E-2
1.0	2.239990E-1	2.423096E-1	1.434326E-2	1.129150E-2
1.0	2.239990E-1	2.523804E-1	1.434326E-2	1.190186E-2
1.0156	2.227783E-1	2.386475E-1	1.953125E-2	1.068115E-2
1.0312	2.188110E-1	2.432251E-1	4.028320E-2	1.129150E-2
1.0312	2.246094E-1	2.343750E-1	5.371094E-2	1.037598E-2
1.0468	2.276611E-1	2.389526E-1	7.751465E-2	1.098633E-2
1.0625	2.172852E-1	2.380371E-1	1.019287E-1	1.098633E-2
1.0625	2.191162E-1	2.398682E-1	1.150513E-1	1.098633E-2
1.0781	2.215576E-1	2.484131E-1	1.385498E-1	1.037598E-2
1.0937	2.243042E-1	2.407837E-1	1.620483E-1	1.098633E-2
1.0937	2.233887E-1	2.389526E-1	1.754761E-1	1.068115E-2
1.1093	2.243042E-1	2.465820E-1	2.001953E-1	1.098633E-2
1.125	2.188110E-1	2.429199E-1	2.194214E-1	1.037598E-2
1.125	2.243042E-1	2.368164E-1	2.343750E-1	1.098633E-2
1.1406	2.185059E-1	2.453613E-1	2.597046E-1	1.068115E-2
1.1406	2.172852E-1	2.404785E-1	2.822876E-1	1.129150E-2
1.1562	2.255249E-1	2.349854E-1	2.957153E-1	1.129150E-2
1.1718	2.258301E-1	2.416992E-1	3.201294E-1	1.068115E-2
1.1718	2.215576E-1	2.398682E-1	3.417969E-1	1.068115E-2
1.1875	2.185059E-1	2.441406E-1	3.543091E-1	1.037598E-2
1.2031	2.221680E-1	2.343750E-1	3.793335E-1	1.068115E-2
1.2031	2.209473E-1	2.416992E-1	3.991699E-1	1.037598E-2
1.2187	2.172852E-1	2.368164E-1	4.153442E-1	1.098633E-2
1.2343	2.182007E-1	2.420044E-1	4.394531E-1	1.068115E-2
1.2343	2.160645E-1	2.359009E-1	4.620361E-1	1.098633E-2
1.25	2.145386E-1	2.355957E-1	4.745483E-1	1.068115E-2
1.25	2.157593E-1	2.343750E-1	4.971313E-1	1.098633E-2
1.2656	2.221680E-1	2.334595E-1	5.209351E-1	1.098633E-2
1.2812	2.148437E-1	2.389526E-1	5.346680E-1	1.068115E-2
1.2812	2.163696E-1	2.343750E-1	5.584717E-1	1.129150E-2
1.2968	2.182007E-1	2.322388E-1	5.813599E-1	1.068115E-2
1.2968	2.203369E-1	2.301025E-1	5.941772E-1	1.068115E-2
1.3125	2.175903E-1	2.337646E-1	6.185913E-1	1.098633E-2
1.3281	2.157593E-1	2.340698E-1	6.378174E-1	1.098633E-2
1.3281	2.157593E-1	2.340698E-1	6.530762E-1	1.007080E-2
1.3437	2.188110E-1	2.322388E-1	6.784058E-1	1.129150E-2
1.3593	2.145386E-1	2.362061E-1	7.012939E-1	1.098633E-2
1.3593	2.172852E-1	2.316284E-1	7.141113E-1	1.068115E-2
1.375	2.200317E-1	2.288818E-1	7.382202E-1	1.129150E-2
1.3906	2.145386E-1	2.325439E-1	7.604980E-1	1.129150E-2
1.3906	2.188110E-1	2.273560E-1	7.733154E-1	1.098633E-2
1.4062	2.185059E-1	2.316284E-1	7.955933E-1	1.098633E-2
1.4218	2.246094E-1	2.304077E-1	8.206177E-1	1.068115E-2
1.4218	2.166748E-1	2.288818E-1	8.328247E-1	1.068115E-2
1.4375	2.160645E-1	2.261353E-1	8.578491E-1	1.098633E-2
1.4531	2.148437E-1	2.276611E-1	8.795166E-1	1.098633E-2
1.4531	2.188110E-1	2.291870E-1	8.929443E-1	1.098633E-2
1.4687	2.175903E-1	2.279663E-1	9.152222E-1	1.068115E-2
1.4843	2.188110E-1	2.313232E-1	9.402466E-1	1.098633E-2
1.4843	2.166748E-1	2.291870E-1	9.515381E-1	1.068115E-2
1.5	2.105713E-1	2.273560E-1	9.707642E-1	1.068115E-2
1.5	2.130127E-1	2.264404E-1	9.924316E-1	1.068115E-2
1.5156	2.154541E-1	2.212524E-1	1.012573E+0	1.159668E-2
1.5312	2.160645E-1	2.212524E-1	1.031799E+0	1.129150E-2
1.5312	2.197266E-1	2.261353E-1	1.052551E+0	1.098633E-2
1.5468	2.136230E-1	2.246094E-1	1.079102E+0	1.098633E-2
1.5468	2.169800E-1	2.273560E-1	1.091614E+0	1.159668E-2
1.5625	2.120972E-1	2.279663E-1	1.116638E+0	1.129150E-2
1.5781	2.145386E-1	2.197266E-1	1.135864E+0	1.098633E-2
1.5781	2.172852E-1	2.255249E-1	1.152039E+0	1.068115E-2
1.5937	2.169800E-1	2.175903E-1	1.176758E+0	1.098633E-2
1.6093	2.148437E-1	2.182007E-1	1.199036E+0	1.037598E-2
1.6093	2.185059E-1	2.175903E-1	1.210632E+0	1.068115E-2
1.625	2.090454E-1	2.215576E-1	1.235962E+0	1.129150E-2
1.6406	2.166748E-1	2.236938E-1	1.257935E+0	1.068115E-2
1.6406	2.087402E-1	2.166748E-1	1.271667E+0	1.129150E-2
1.6562	2.160645E-1	2.154541E-1	1.295471E+0	1.037598E-2
1.6718	2.139282E-1	2.200317E-1	1.318970E+0	1.098633E-2
1.6718	2.151489E-1	2.160645E-1	1.330872E+0	1.098633E-2
1.6875	2.166748E-1	2.185059E-1	1.355591E+0	1.068115E-2
1.7031	2.154541E-1	2.117920E-1	1.378479E+0	1.098633E-2
1.7031	2.136230E-1	2.166748E-1	1.390076E+0	1.098633E-2
1.7187	2.175903E-1	2.105713E-1	1.412659E+0	1.098633E-2
1.7343	2.136230E-1	2.133179E-1	1.437378E+0	1.129150E-2
1.7343	2.154541E-1	2.169800E-1	1.450195E+0	1.129150E-2
1.75	2.114868E-1	2.124023E-1	1.476440E+0	1.098633E-2
1.75	2.087402E-1	2.111816E-1	1.497803E+0	1.129150E-2
1.7656	2.145386E-1	2.102661E-1	1.510315E+0	1.098633E-2
1.7812	2.102661E-1	2.151489E-1	1.533813E+0	1.129150E-2
1.7812	2.169800E-1	2.093506E-1	1.553955E+0	1.129150E-2
1.7968	2.108765E-1	2.127075E-1	1.570129E+0	1.159668E-2
1.8125	2.108765E-1	2.142334E-1	1.591492E+0	1.037598E-2
1.8125	2.081299E-1	2.099609E-1	1.617126E+0	1.098633E-2
1.8281	2.130127E-1	2.108765E-1	1.631470E+0	1.068115E-2
1.8437	2.087402E-1	2.120972E-1	1.653748E+0	1.098633E-2
1.8437	2.145386E-1	2.090454E-1	1.676025E+0	1.068115E-2
1.8593	2.117920E-1	2.188110E-1	1.689148E+0	1.098633E-2
1.8593	2.102661E-1	2.090454E-1	1.712036E+0	1.098633E-2
1.875	2.084351E-1	2.062988E-1	1.736755E+0	1.159668E-2
1.8906	2.053833E-1	2.066040E-1	1.748657E+0	1.068115E-2
1.8906	2.145386E-1	2.038574E-1	1.774292E+0	1.068115E-2
1.9062	2.117920E-1	2.020264E-1	1.792908E+0	1.098633E-2
1.9218	2.038574E-1	2.066040E-1	1.808167E+0	1.098633E-2
1.9218	2.084351E-1	2.072144E-1	1.830444E+0	1.159668E-2
1.9375	2.087402E-1	2.053833E-1	1.855774E+0	1.129150E-2
1.9375	2.090454E-1	2.059937E-1	1.868591E+0	1.159668E-2
1.9531	2.111816E-1	2.047729E-1	1.893616E+0	1.068115E-2
1.9687	2.130127E-1	1.986694E-1	1.914673E+0	1.098633E-2
1.9687	2.120972E-1	1.943970E-1	1.927795E+0	1.129150E-2
1.9843	2.059937E-1	2.020264E-1	1.952515E+0	1.098633E-2
2.0	2.105713E-1	2.011108E-1	1.972656E+0	1.098633E-2
2.0	2.090454E-1	1.977539E-1	1.987610E+0	1.098633E-2
2.0156	2.069092E-1	1.977539E-1	2.012024E+0	1.068115E-2
2.0312	2.099609E-1	1.943970E-1	2.034912E+0	1.007080E-2
2.0312	2.053833E-1	1.980591E-1	2.047119E+0	1.159668E-2
2.0468	2.035522E-1	1.931763E-1	2.069702E+0	1.068115E-2
2.0625	2.056885E-1	1.989746E-1	2.094421E+0	1.098633E-2
2.0625	2.032471E-1	1.937866E-1	2.107239E+0	1.068115E-2
2.0781	2.108765E-1	1.959229E-1	2.129517E+0	1.068115E-2
2.0937	2.041626E-1	1.889038E-1	2.154541E+0	1.068115E-2
2.0937	2.008057E-1	1.895142E-1	2.167358E+0	1.129150E-2
2.1093	2.093506E-1	1.916504E-1	2.191772E+0	1.007080E-2
2.125	2.117920E-1	1.922607E-1	2.211914E+0	1.098633E-2
2.125	1.965332E-1	1.855469E-1	2.226257E+0	1.098633E-2
2.1406	2.035522E-1	1.864624E-1	2.250671E+0	1.068115E-2
2.1406	1.998901E-1	1.895142E-1	2.274170E+0	1.098633E-2
2.1562	2.017212E-1	1.870728E-1	2.286377E+0	1.037598E-2
2.1718	2.096558E-1	1.852417E-1	2.312317E+0	1.068115E-2
2.1718	2.081299E-1	1.858521E-1	2.333069E+0	1.068115E-2
2.1875	2.032471E-1	1.788330E-1	2.346191E+0	1.098633E-2
2.2031	2.069092E-1	1.797485E-1	2.369690E+0	1.098633E-2
2.2031	2.081299E-1	1.837158E-1	2.390442E+0	1.037598E-2
2.2187	2.017212E-1	1.782227E-1	2.405090E+0	1.037598E-2
2.2343	2.023315E-1	1.773071E-1	2.429810E+0	1.098633E-2
2.2343	2.047729E-1	1.739502E-1	2.452698E+0	1.037598E-2
2.25	2.014160E-1	1.638794E-1	2.465515E+0	1.068115E-2
2.25	1.983643E-1	1.629639E-1	2.488098E+0	1.098633E-2
2.2656	1.904297E-1	1.293945E-1	2.512207E+0	1.068115E-2
2.2812	1.953125E-1	1.455688E-1	2.524414E+0	1.098633E-2
2.2812	1.928711E-1	1.806641E-1	2.550659E+0	1.098633E-2
2.2968	1.940918E-1	2.154541E-1	2.572021E+0	1.098633E-2
2.2968	1.968384E-1	2.404785E-1	2.584534E+0	1.037598E-2
2.3125	2.072144E-1	2.740479E-1	2.608643E+0	1.037598E-2
2.3281	2.087402E-1	2.981567E-1	2.628784E+0	1.098633E-2
2.3281	2.197266E-1	3.259277E-1	2.645569E+0	1.098633E-2
2.3437	2.124023E-1	3.604126E-1	2.666931E+0	1.098633E-2
2.3593	2.215576E-1	3.991699E-1	2.692261E+0	1.098633E-2
2.3593	2.136230E-1	4.220581E-1	2.704468E+0	1.098633E-2
2.375	2.288818E-1	4.556274E-1	2.729797E+0	1.068115E-2
2.3906	2.270508E-1	4.901123E-1	2.751770E+0	1.068115E-2
2.3906	2.389526E-1	5.163574E-1	2.763977E+0	1.098633E-2
2.4062	2.383423E-1	5.477905E-1	2.786865E+0	1.037598E-2
2.4218	2.386475E-1	5.944824E-1	2.811584E+0	1.098633E-2
2.4218	2.450562E-1	6.106567E-1	2.824402E+0	1.098633E-2
2.4375	2.438354E-1	6.570435E-1	2.848816E+0	1.129150E-2
2.4531	2.502441E-1	6.900024E-1	2.871094E+0	1.098633E-2
2.4531	2.502441E-1	7.028198E-1	2.884216E+0	1.129150E-2
2.4687	2.566528E-1	7.366943E-1	2.905884E+0	1.068115E-2
2.4843	2.600098E-1	7.794189E-1	2.931213E+0	1.098633E-2
2.4843	2.600098E-1	7.949829E-1	2.944031E+0	1.037598E-2
2.5	2.645874E-1	8.386230E-1	2.968445E+0	1.068115E-2
2.5	2.719116E-1	8.752441E-1	2.991028E+0	1.098633E-2
2.5156	2.661133E-1	8.926392E-1	3.003540E+0	1.098633E-2
2.5312	2.725220E-1	9.341431E-1	3.028259E+0	1.098633E-2
2.5312	2.795410E-1	9.640503E-1	3.049927E+0	1.007080E-2
2.5468	2.841187E-1	9.957886E-1	3.063049E+0	1.129150E-2
2.5625	2.862549E-1	1.034241E+0	3.087769E+0	1.098633E-2
2.5625	2.941895E-1	1.071472E+0	3.110962E+0	1.098633E-2
2.5781	2.911377E-1	1.095276E+0	3.123169E+0	1.159668E-2
2.5937	2.954102E-1	1.133423E+0	3.148499E+0	1.098633E-2
2.5937	3.012085E-1	1.173706E+0	3.170471E+0	1.068115E-2
2.6093	3.067017E-1	1.191711E+0	3.183289E+0	1.098633E-2
2.6093	3.057861E-1	1.230164E+0	3.205566E+0	1.098633E-2
2.625	3.118896E-1	1.276550E+0	3.229675E+0	1.068115E-2
2.6406	3.118896E-1	1.301880E+0	3.242493E+0	1.068115E-2
2.6406	3.186035E-1	1.325684E+0	3.267212E+0	1.098633E-2
2.6562	3.204346E-1	1.361694E+0	3.286438E+0	1.098633E-2
2.6718	3.280640E-1	1.403809E+0	3.302612E+0	1.098633E-2
2.6718	3.207397E-1	1.428528E+0	3.324280E+0	1.098633E-2
2.6875	3.314209E-1	1.473999E+0	3.349915E+0	1.098633E-2
2.6875	3.341675E-1	1.493225E+0	3.361816E+0	1.098633E-2
2.7031	3.332520E-1	1.535645E+0	3.387146E+0	1.037598E-2
2.7187	3.417969E-1	1.575928E+0	3.409424E+0	1.037598E-2
2.7187	3.427124E-1	1.595764E+0	3.422241E+0	1.098633E-2
2.7343	3.469849E-1	1.634827E+0	3.446960E+0	1.098633E-2
2.75	3.439331E-1	1.678467E+0	3.471069E+0	1.129150E-2
2.75	3.518677E-1	1.690063E+0	3.481445E+0	1.068115E-2
2.7656	3.506470E-1	1.724548E+0	3.499451E+0	1.068115E-2
2.7812	3.466797E-1	1.715088E+0	3.498840E+0	2.990723E-2
2.7812	3.512573E-1	1.719666E+0	3.498535E+0	4.882812E-2
2.7968	3.439331E-1	1.706543E+0	3.497925E+0	7.049561E-2
2.8125	3.442383E-1	1.701050E+0	3.498535E+0	8.972168E-2
2.8125	3.439331E-1	1.702271E+0	3.498230E+0	1.086426E-1
2.8281	3.384399E-1	1.695251E+0	3.498535E+0	1.306152E-1
2.8437	3.393555E-1	1.700439E+0	3.498230E+0	1.498413E-1
2.8437	3.378296E-1	1.687317E+0	3.497925E+0	1.684570E-1
2.8593	3.311157E-1	1.677551E+0	3.497925E+0	1.907349E-1
2.8593	3.286743E-1	1.673584E+0	3.497925E+0	2.099609E-1
2.875	3.341675E-1	1.667480E+0	3.497925E+0	2.304077E-1
2.8906	3.262329E-1	1.665344E+0	3.498535E+0	2.499390E-1
2.8906	3.228760E-1	1.660461E+0	3.497620E+0	2.706909E-1
2.9062	3.210449E-1	1.660767E+0	3.498230E+0	2.899170E-1
2.9218	3.167725E-1	1.646729E+0	3.497925E+0	3.100586E-1
2.9218	3.128052E-1	1.644287E+0	3.498230E+0	3.298950E-1
2.9375	3.131104E-1	1.634521E+0	3.497925E+0	3.491211E-1
2.9531	3.112793E-1	1.632996E+0	3.497620E+0	3.710937E-1
2.9531	3.100586E-1	1.622009E+0	3.497620E+0	3.897095E-1
2.9687	3.118896E-1	1.618347E+0	3.497925E+0	4.095459E-1
2.9843	3.033447E-1	1.604919E+0	3.498230E+0	4.306030E-1
2.9843	3.027344E-1	1.605530E+0	3.497314E+0	4.498291E-1
3.0	2.990723E-1	1.599121E+0	3.497620E+0	4.693604E-1
3.0	2.969360E-1	1.589355E+0	3.497925E+0	4.907227E-1
3.0156	2.923584E-1	1.590881E+0	3.497314E+0	5.099487E-1
3.0312	2.862549E-1	1.582947E+0	3.497925E+0	5.282593E-1
3.0312	2.832031E-1	1.571350E+0	3.497314E+0	5.499268E-1
3.0468	2.770996E-1	1.561890E+0	3.497620E+0	5.694580E-1
3.0468	2.792358E-1	1.559448E+0	3.497620E+0	5.889893E-1
3.0625	2.734375E-1	1.544189E+0	3.497009E+0	6.106567E-1
3.0781	2.770996E-1	1.540527E+0	3.498230E+0	6.298828E-1
3.0781	2.667236E-1	1.522217E+0	3.497620E+0	6.497192E-1
3.0937	2.606201E-1	1.525574E+0	3.498230E+0	6.704712E-1
3.1093	2.578735E-1	1.503906E+0	3.497620E+0	6.900024E-1
3.1093	2.597046E-1	1.502991E+0	3.497620E+0	7.095337E-1
3.125	2.432251E-1	1.494446E+0	3.497009E+0	7.299805E-1
3.1406	2.426147E-1	1.493225E+0	3.497620E+0	7.501221E-1
3.1406	2.407837E-1	1.478577E+0	3.497314E+0	7.693481E-1
3.1562	2.310181E-1	1.461792E+0	3.497314E+0	7.907104E-1
3.1718	2.276611E-1	1.461792E+0	3.497314E+0	8.096313E-1
3.1718	2.288818E-1	1.449280E+0	3.497620E+0	8.288574E-1
3.1875	2.239990E-1	1.439514E+0	3.497314E+0	8.502197E-1
3.2031	2.218628E-1	1.428833E+0	3.497925E+0	8.697510E-1
3.2031	2.111816E-1	1.420593E+0	3.497925E+0	8.898926E-1
3.2187	2.087402E-1	1.409912E+0	3.497925E+0	9.106445E-1
3.2343	2.056885E-1	1.395569E+0	3.497314E+0	9.304810E-1
3.2343	1.956177E-1	1.386108E+0	3.497620E+0	9.484863E-1
3.25	1.855469E-1	1.377258E+0	3.497314E+0	9.707642E-1
3.25	1.828003E-1	1.365356E+0	3.497620E+0	9.896851E-1
3.2656	1.812744E-1	1.350403E+0	3.497620E+0	1.008911E+0
3.2812	1.690674E-1	1.344299E+0	3.497620E+0	1.030884E+0
3.2812	1.718140E-1	1.332397E+0	3.497314E+0	1.050110E+0
3.2968	1.605225E-1	1.320801E+0	3.497620E+0	1.069641E+0
3.3125	1.663208E-1	1.319580E+0	3.497314E+0	1.090698E+0
3.3125	1.516724E-1	1.297302E+0	3.496704E+0	1.109619E+0
3.3281	1.528931E-1	1.294861E+0	3.497925E+0	1.129150E+0
3.3437	1.333618E-1	1.270752E+0	3.497620E+0	1.151123E+0
3.3437	1.300049E-1	1.265869E+0	3.497620E+0	1.170044E+0
3.3593	1.284790E-1	1.251526E+0	3.497314E+0	1.189270E+0
3.3593	1.202393E-1	1.242065E+0	3.497314E+0	1.210327E+0
3.375	1.150513E-1	1.225891E+0	3.497620E+0	1.230164E+0
3.3906	1.110840E-1	1.222839E+0	3.497925E+0	1.249084E+0
3.3906	1.004028E-1	1.205444E+0	3.497620E+0	1.270447E+0
3.4062	8.941650E-2	1.198120E+0	3.497620E+0	1.289368E+0
3.4218	8.514404E-2	1.180725E+0	3.497620E+0	1.309814E+0
3.4218	7.568359E-2	1.163940E+0	3.496704E+0	1.329956E+0
3.4375	6.805420E-2	1.146851E+0	3.497009E+0	1.349792E+0
3.4375	6.439209E-2	1.150208E+0	3.497314E+0	1.368103E+0
3.4531	6.011963E-2	1.119995E+0	3.497925E+0	1.390381E+0
3.4687	3.601074E-2	1.104126E+0	3.497009E+0	1.409912E+0
3.4687	3.570557E-2	1.094666E+0	3.497009E+0	1.428223E+0
3.4843	1.861572E-2	1.062622E+0	3.496704E+0	1.451111E+0
3.5	2.960205E-2	1.083069E+0	3.497314E+0	1.470032E+0
3.5	9.765625E-3	1.059265E+0	3.497314E+0	1.489563E+0
3.5156	1.251221E-2	1.040039E+0	3.497009E+0	1.509705E+0
3.5312	-1.434326E-2	1.024170E+0	3.497620E+0	1.530457E+0
3.5312	-1.434326E-2	1.015015E+0	3.497009E+0	1.548767E+0
3.5468	-2.777100E-2	1.001892E+0	3.497314E+0	1.569824E+0
3.5625	-3.997803E-2	9.725952E-1	3.497314E+0	1.590271E+0
3.5625	-5.828857E-2	9.713745E-1	3.497314E+0	1.609192E+0
3.5781	-5.981445E-2	9.509277E-1	3.497009E+0	1.630554E+0
3.5937	-7.263184E-2	9.490967E-1	3.496704E+0	1.649475E+0
3.5937	-9.033203E-2	9.170532E-1	3.497314E+0	1.668701E+0
3.6093	-1.000977E-1	8.929443E-1	3.497009E+0	1.690063E+0
3.625	-1.107788E-1	8.853149E-1	3.496704E+0	1.709900E+0
3.625	-1.321411E-1	8.584595E-1	3.496399E+0	1.728821E+0
3.6406	-1.348877E-1	8.749390E-1	3.497009E+0	1.750793E+0
3.6406	-1.538086E-1	8.331299E-1	3.496399E+0	1.768799E+0
3.6562	-1.626587E-1	8.309937E-1	3.497009E+0	1.788635E+0
3.6718	-1.864624E-1	7.977295E-1	3.496399E+0	1.809998E+0
3.6718	-1.907349E-1	7.955933E-1	3.496704E+0	1.830444E+0
3.6875	-1.998901E-1	7.861328E-1	3.497009E+0	1.848450E+0
3.7031	-2.169800E-1	7.632446E-1	3.497009E+0	1.869507E+0
3.7031	-2.340698E-1	7.467651E-1	3.496704E+0	1.889038E+0
3.7187	-2.554321E-1	7.281494E-1	3.496399E+0	1.908875E+0
3.7187	-2.584839E-1	7.275391E-1	3.496704E+0	1.929016E+0
3.7343	-2.816772E-1	6.909180E-1	3.496704E+0	1.948853E+0
3.75	-2.902222E-1	6.982422E-1	3.496704E+0	1.969910E+0
3.75	-3.149414E-1	6.619263E-1	3.496704E+0	1.988831E+0
3.7656	-3.274536E-1	6.475830E-1	3.496399E+0	2.009583E+0
3.7812	-3.396606E-1	6.295776E-1	3.496704E+0	2.029724E+0
3.7812	-3.543091E-1	6.268311E-1	3.496704E+0	2.048950E+0
3.7968	-3.793335E-1	6.036377E-1	3.496704E+0	2.069397E+0
3.8125	-3.994751E-1	5.691528E-1	3.496094E+0	2.088928E+0
3.8125	-4.043579E-1	5.688477E-1	3.496399E+0	2.108154E+0
3.8281	-4.275513E-1	5.477905E-1	3.497009E+0	2.129822E+0
3.8437	-4.412842E-1	5.444336E-1	3.496704E+0	2.149048E+0
3.8437	-4.666138E-1	5.181885E-1	3.496094E+0	2.168579E+0
3.8593	-4.785156E-1	5.029297E-1	3.497009E+0	2.189331E+0
3.8593	-5.029297E-1	4.824829E-1	3.496704E+0	2.209473E+0
3.875	-5.300903E-1	4.620361E-1	3.496399E+0	2.229004E+0
3.8906	-5.490112E-1	4.507446E-1	3.496704E+0	2.249146E+0
3.8906	-5.596924E-1	4.357910E-1	3.496399E+0	2.268066E+0
3.9062	-5.865479E-1	4.165649E-1	3.496094E+0	2.288818E+0
3.9218	-5.975342E-1	3.939819E-1	3.496399E+0	2.310181E+0
3.9218	-6.283569E-1	3.894043E-1	3.496094E+0	2.329102E+0
3.9375	-6.448364E-1	3.799438E-1	3.496094E+0	2.347717E+0
3.9531	-6.658936E-1	3.515625E-1	3.496399E+0	2.369080E+0
3.9531	-6.869507E-1	3.347778E-1	3.496094E+0	2.389221E+0
3.9687	-7.122803E-1	3.143311E-1	3.496399E+0	2.408752E+0
3.9843	-7.406616E-1	2.941895E-1	3.496399E+0	2.429504E+0
3.9843	-7.617187E-1	2.862549E-1	3.496094E+0	2.448730E+0
4.0	-7.794189E-1	2.627563E-1	3.496399E+0	2.467957E+0
4.0	-7.946777E-1	2.432251E-1	3.496094E+0	2.489014E+0
4.0156	-8.340454E-1	2.175903E-1	3.496399E+0	2.509155E+0
4.0312	-8.456421E-1	2.041626E-1	3.496399E+0	2.528381E+0
4.0312	-8.816528E-1	1.773071E-1	3.496094E+0	2.549438E+0
4.0468	-8.865356E-1	1.687622E-1	3.495789E+0	2.568970E+0
4.0468	-9.259033E-1	1.412964E-1	3.496094E+0	2.587585E+0
4.0625	-9.384155E-1	1.239014E-1	3.496094E+0	2.609558E+0
4.0781	-9.756470E-1	9.857178E-2	3.495789E+0	2.627869E+0
4.0781	-9.985352E-1	9.277344E-2	3.496094E+0	2.648621E+0
4.0937	-1.039734E+0	6.896973E-2	3.495178E+0	2.669067E+0
4.1093	-1.046143E+0	4.852295E-2	3.495789E+0	2.688904E+0
4.1093	-1.082153E+0	2.624512E-2	3.496094E+0	2.707520E+0
4.125	-1.108398E+0	2.624512E-2	3.495483E+0	2.728882E+0
4.1406	-1.146851E+0	9.460449E-3	3.495789E+0	2.748413E+0
4.1406	-1.154480E+0	-5.493164E-3	3.495483E+0	2.767029E+0
4.1562	-1.207581E+0	-3.845215E-2	3.495483E+0	2.789001E+0
4.1718	-1.221313E+0	-5.401611E-2	3.494873E+0	2.808228E+0
4.1718	-1.255798E+0	-6.744385E-2	3.495789E+0	2.827148E+0
4.1875	-1.282654E+0	-7.812500E-2	3.495789E+0	2.848511E+0
4.2031	-1.316223E+0	-1.016235E-1	3.495789E+0	2.868958E+0
4.2031	-1.346741E+0	-1.257324E-1	3.495178E+0	2.887573E+0
4.2187	-1.374817E+0	-1.461792E-1	3.495789E+0	2.908936E+0
4.2343	-1.400757E+0	-1.593018E-1	3.496094E+0	2.928162E+0
4.2343	-1.440735E+0	-1.773071E-1	3.495483E+0	2.947388E+0
4.25	-1.467590E+0	-1.950073E-1	3.495483E+0	2.968445E+0
4.25	-1.492615E+0	-2.163696E-1	3.495178E+0	2.988281E+0
4.2656	-1.527100E+0	-2.252197E-1	3.495178E+0	3.006592E+0
4.2812	-1.562500E+0	-2.395630E-1	3.495178E+0	3.028259E+0
4.2812	-1.599731E+0	-2.581787E-1	3.494873E+0	3.047791E+0
4.2968	-1.630554E+0	-2.810669E-1	3.495178E+0	3.067627E+0
4.3125	-1.652527E+0	-2.981567E-1	3.495789E+0	3.089294E+0
4.3125	-1.689148E+0	-3.082275E-1	3.494873E+0	3.107910E+0
4.3281	-1.725769E+0	-3.210449E-1	3.495483E+0	3.127747E+0
4.3437	-1.757507E+0	-3.375244E-1	3.495178E+0	3.148499E+0
4.3437	-1.790771E+0	-3.598022E-1	3.495178E+0	3.168335E+0
4.3593	-1.822205E+0	-3.771973E-1	3.495483E+0	3.186646E+0
4.3593	-1.858826E+0	-3.915405E-1	3.495178E+0	3.208923E+0
4.375	-1.897583E+0	-4.132080E-1	3.494568E+0	3.227539E+0
4.3906	-1.923828E+0	-4.107666E-1	3.494263E+0	3.246765E+0
4.3906	-1.967163E+0	-4.470825E-1	3.494873E+0	3.268127E+0
4.4062	-1.995544E+0	-4.644775E-1	3.494568E+0	3.287659E+0
4.4218	-2.043762E+0	-4.809570E-1	3.494873E+0	3.307190E+0
4.4218	-2.067566E+0	-4.763794E-1	3.494873E+0	3.327942E+0
4.4375	-2.104492E+0	-4.998779E-1	3.494873E+0	3.347778E+0
4.4375	-2.136230E+0	-5.148315E-1	3.494873E+0	3.366699E+0
4.4531	-2.182922E+0	-5.377197E-1	3.494873E+0	3.388062E+0
4.4687	-2.216187E+0	-5.441284E-1	3.494568E+0	3.407898E+0
4.4687	-2.257996E+0	-5.578613E-1	3.494873E+0	3.426208E+0
4.4843	-2.287292E+0	-5.816650E-1	3.494873E+0	3.448181E+0
4.5	-2.322998E+0	-5.984497E-1	3.494263E+0	3.467712E+0
4.5	-2.358704E+0	-6.158447E-1	3.494873E+0	3.487244E+0
4.5156	-2.356262E+0	-6.201172E-1	3.494568E+0	3.508301E+0
4.5312	-2.295532E+0	-5.929565E-1	3.495178E+0	3.527527E+0
4.5312	-2.292175E+0	-5.877686E-1	3.494263E+0	3.546448E+0
4.5468	-2.339478E+0	-6.094360E-1	3.494568E+0	3.568115E+0
4.5625	-2.367249E+0	-6.115723E-1	3.494263E+0	3.587646E+0
4.5625	-2.408752E+0	-6.304932E-1	3.494263E+0	3.606262E+0
4.5781	-2.436218E+0	-6.408691E-1	3.494568E+0	3.627014E+0
4.5937	-2.487488E+0	-6.561279E-1	3.494568E+0	3.647461E+0
4.5937	-2.512512E+0	-6.701660E-1	3.494873E+0	3.665771E+0
4.6093	-2.569275E+0	-6.961060E-1	3.494263E+0	3.687744E+0
4.625	-2.586365E+0	-6.979370E-1	3.494263E+0	3.706665E+0
4.625	-2.640991E+0	-7.147217E-1	3.494873E+0	3.726807E+0
4.6406	-2.670288E+0	-7.263184E-1	3.494263E+0	3.747253E+0
4.6406	-2.714844E+0	-7.437134E-1	3.494263E+0	3.767090E+0
4.6562	-2.740173E+0	-7.556152E-1	3.494568E+0	3.786316E+0
4.6718	-2.775269E+0	-7.675171E-1	3.494263E+0	3.807983E+0
4.6718	-2.796936E+0	-7.705688E-1	3.494873E+0	3.827209E+0
4.6875	-2.822571E+0	-7.754517E-1	3.494568E+0	3.845825E+0
4.7031	-1.875305E+0	-4.086304E-1	3.494263E+0	3.867798E+0
4.7031	-1.900635E+0	-4.101562E-1	3.494873E+0	3.886719E+0
4.7187	-1.933899E+0	-4.238892E-1	3.494568E+0	3.906555E+0
4.7343	-1.969910E+0	-4.409790E-1	3.495178E+0	3.927002E+0
4.7343	-2.001038E+0	-4.568481E-1	3.494263E+0	3.946228E+0
4.75	-2.041931E+0	-4.705811E-1	3.494873E+0	3.966370E+0
4.75	-2.071838E+0	-4.888916E-1	3.494568E+0	3.986816E+0
4.7656	-2.104492E+0	-5.029297E-1	3.494568E+0	4.006653E+0
4.7812	-2.128601E+0	-5.087280E-1	3.494873E+0	4.024963E+0
4.7812	-2.160950E+0	-5.252075E-1	3.494568E+0	4.046631E+0
4.7968	-2.185974E+0	-5.288696E-1	3.494263E+0	4.065857E+0
4.7968	-2.215576E+0	-5.404663E-1	3.495178E+0	4.085083E+0
4.8125	-2.232056E+0	-5.480957E-1	3.495178E+0	4.107056E+0
4.8281	-2.222900E+0	-5.545044E-1	3.494568E+0	4.125977E+0
4.8281	-2.239990E+0	-5.545044E-1	3.494568E+0	4.145813E+0
4.8437	-2.178650E+0	-5.319214E-1	3.494568E+0	4.166870E+0
4.8593	-2.131042E+0	-5.081177E-1	3.494873E+0	4.185486E+0
4.8593	-2.085571E+0	-4.946899E-1	3.494873E+0	4.205322E+0
4.875	-2.052612E+0	-4.714966E-1	3.495178E+0	4.226685E+0
4.8906	-2.022705E+0	-4.641724E-1	3.494568E+0	4.245605E+0
4.8906	-2.024536E+0	-4.602051E-1	3.494873E+0	4.264832E+0
4.9062	-2.011719E+0	-4.553223E-1	3.494568E+0	4.286499E+0
4.9218	-2.019348E+0	-4.635620E-1	3.494873E+0	4.305725E+0
4.9218	-2.037964E+0	-4.638672E-1	3.494568E+0	4.324341E+0
4.9375	-2.066956E+0	-4.751587E-1	3.494568E+0	4.345703E+0
4.9531	-2.085266E+0	-4.843140E-1	3.494263E+0	4.365234E+0
4.9531	-2.109680E+0	-4.925537E-1	3.494568E+0	4.384766E+0
4.9687	-2.127075E+0	-5.007935E-1	3.494873E+0	4.405518E+0
4.9843	-2.142944E+0	-5.075073E-1	3.494263E+0	4.425049E+0
4.9843	-2.121582E+0	-4.998779E-1	3.494873E+0	4.443665E+0
5.0	-2.017822E+0	-4.541016E-1	3.494873E+0	4.465942E+0
5.0	-2.012634E+0	-4.571533E-1	3.494873E+0	4.485168E+0
5.0156	-2.022095E+0	-4.580688E-1	3.494568E+0	4.504089E+0
5.0312	-2.019043E+0	-4.461670E-1	3.495178E+0	4.525452E+0
5.0312	-1.983948E+0	-4.367065E-1	3.494568E+0	4.544983E+0
5.0468	-2.010193E+0	-4.440308E-1	3.493958E+0	4.564514E+0
5.0625	-1.979675E+0	-4.428101E-1	3.494568E+0	4.584961E+0
5.0625	-1.976929E+0	-4.336548E-1	3.495178E+0	4.604187E+0
5.0781	-1.952515E+0	-4.180908E-1	3.494873E+0	4.623718E+0
5.0937	-1.959534E+0	-4.125977E-1	3.495483E+0	4.645081E+0
5.0937	-1.936646E+0	-4.113770E-1	3.495178E+0	4.663696E+0
5.1093	-1.960449E+0	-4.248047E-1	3.494873E+0	4.682312E+0
5.1093	-1.937561E+0	-4.113770E-1	3.494873E+0	4.703979E+0
5.125	-1.950378E+0	-4.022217E-1	3.494263E+0	4.723206E+0
5.1406	-1.924744E+0	-4.037476E-1	3.494568E+0	4.741821E+0
5.1406	-1.930237E+0	-4.083252E-1	3.494873E+0	4.764709E+0
5.1562	-1.935120E+0	-4.037476E-1	3.495178E+0	4.783630E+0
5.1718	-1.930847E+0	-3.994751E-1	3.494263E+0	4.802856E+0
5.1718	-1.908264E+0	-3.921509E-1	3.495178E+0	4.823914E+0
5.1875	-1.902161E+0	-3.845215E-1	3.494873E+0	4.843140E+0
5.1875	-1.909180E+0	-3.930664E-1	3.495178E+0	4.861450E+0
5.2031	-1.884460E+0	-3.781128E-1	3.495178E+0	4.883118E+0
5.2187	-1.903687E+0	-3.906250E-1	3.495178E+0	4.902954E+0
5.2187	-1.900024E+0	-3.805542E-1	3.494568E+0	4.921265E+0
5.2343	-1.918335E+0	-3.829956E-1	3.495483E+0	4.943237E+0
5.25	-1.895447E+0	-3.854370E-1	3.494873E+0	4.962158E+0
5.25	-1.922913E+0	-3.967285E-1	3.494873E+0	4.981995E+0
5.2656	-1.899414E+0	-3.790283E-1	3.494873E+0	5.002747E+0
5.2812	-1.906738E+0	-3.784180E-1	3.494263E+0	5.022278E+0
5.2812	-1.894836E+0	-3.802490E-1	3.495178E+0	5.041809E+0
5.2968	-1.915588E+0	-3.890991E-1	3.494873E+0	5.061951E+0
5.3125	-1.907959E+0	-3.817749E-1	3.494873E+0	5.081482E+0
5.3125	-1.940918E+0	-4.006958E-1	3.495178E+0	5.100708E+0
5.3281	-1.946716E+0	-3.878784E-1	3.495178E+0	5.121765E+0
5.3437	-1.930847E+0	-3.909302E-1	3.495178E+0	5.141602E+0
5.3437	-1.925659E+0	-3.900146E-1	3.495789E+0	5.159912E+0
5.3593	-1.896362E+0	-3.738403E-1	3.494873E+0	5.181885E+0
5.3593	-1.874390E+0	-3.561401E-1	3.494568E+0	5.200806E+0
5.375	-1.876831E+0	-3.631592E-1	3.494568E+0	5.220337E+0
5.3906	-1.856384E+0	-3.610229E-1	3.494873E+0	5.241394E+0
5.3906	-1.858215E+0	-3.546143E-1	3.494568E+0	5.260925E+0
5.4062	-1.867981E+0	-3.576660E-1	3.494873E+0	5.280151E+0
5.4218	-1.873474E+0	-3.546143E-1	3.494568E+0	5.300903E+0
5.4218	-1.880493E+0	-3.607178E-1	3.495483E+0	5.320740E+0
5.4375	-1.873474E+0	-3.579712E-1	3.494873E+0	5.339355E+0
5.4531	-1.859131E+0	-3.558350E-1	3.495178E+0	5.361023E+0
5.4531	-1.839600E+0	-3.454590E-1	3.495178E+0	5.379639E+0
5.4687	-1.848755E+0	-3.451538E-1	3.494873E+0	5.399780E+0
5.4687	-1.825867E+0	-3.311157E-1	3.495483E+0	5.419922E+0
5.4843	-1.818237E+0	-3.311157E-1	3.494568E+0	5.439758E+0
5.5	-1.810913E+0	-3.240967E-1	3.494873E+0	5.458984E+0
5.5	-1.830139E+0	-3.353882E-1	3.494873E+0	5.479736E+0
5.5156	-1.827087E+0	-3.277588E-1	3.494873E+0	5.499573E+0
5.5312	-1.844177E+0	-3.384399E-1	3.495483E+0	5.517273E+0
5.5312	-1.828613E+0	-3.314209E-1	3.494568E+0	5.539856E+0
5.5468	-1.835632E+0	-3.305054E-1	3.494873E+0	5.558472E+0
5.5468	-1.842041E+0	-3.283691E-1	3.494873E+0	5.577698E+0
5.5625	-1.808167E+0	-3.295898E-1	3.495483E+0	5.599060E+0
5.5781	-1.822510E+0	-3.179932E-1	3.494568E+0	5.618896E+0
5.5781	-1.815186E+0	-3.189087E-1	3.494568E+0	5.637817E+0
5.5937	-1.839905E+0	-3.277588E-1	3.494873E+0	5.659180E+0
5.6093	-1.831970E+0	-3.222656E-1	3.494568E+0	5.678101E+0
5.6093	-1.847534E+0	-3.295898E-1	3.494873E+0	5.697021E+0
5.625	-1.831055E+0	-3.176880E-1	3.494873E+0	5.717773E+0
5.6406	-1.842041E+0	-3.271484E-1	3.495178E+0	5.737915E+0
5.6406	-1.830750E+0	-3.237915E-1	3.495483E+0	5.756836E+0
5.6562	-1.848450E+0	-3.271484E-1	3.494873E+0	5.778503E+0
5.6718	-1.823120E+0	-3.100586E-1	3.494873E+0	5.797729E+0
5.6718	-1.809692E+0	-3.057861E-1	3.495178E+0	5.815735E+0
5.6875	-1.762085E+0	-2.792358E-1	3.494873E+0	5.837708E+0
5.7031	-1.737061E+0	-2.630615E-1	3.494568E+0	5.856628E+0
5.7031	-1.704102E+0	-2.441406E-1	3.495483E+0	5.875854E+0
5.7187	-1.672058E+0	-2.429199E-1	3.495178E+0	5.897217E+0
5.7343	-1.622925E+0	-2.124023E-1	3.495178E+0	5.916443E+0
5.7343	-1.573181E+0	-1.834106E-1	3.495789E+0	5.934753E+0
5.75	-1.420898E+0	-9.063721E-2	3.495483E+0	5.957336E+0
5.75	1.940918E-1	1.779175E-1	3.495789E+0	5.975037E+0
5.7656	1.950073E-1	1.794434E-1	3.495483E+0	5.994263E+0
5.7812	2.005005E-1	1.824951E-1	3.494873E+0	6.016235E+0
5.7812	2.029419E-1	1.821899E-1	3.496094E+0	6.035767E+0
5.7968	2.005005E-1	1.770020E-1	3.496094E+0	6.054993E+0
5.8125	2.008057E-1	1.797485E-1	3.496094E+0	6.075745E+0
5.8125	1.998901E-1	1.766968E-1	3.496399E+0	6.094971E+0
5.8281	1.992798E-1	1.828003E-1	3.495789E+0	6.113586E+0
5.8437	1.968384E-1	1.800537E-1	3.496094E+0	6.134949E+0
5.8437	2.008057E-1	1.739502E-1	3.496399E+0	6.154480E+0
5.8593	1.971436E-1	1.773071E-1	3.495789E+0	6.172485E+0
5.8593	1.983643E-1	1.791382E-1	3.495789E+0	6.195068E+0
5.875	2.005005E-1	1.785278E-1	3.496094E+0	6.214294E+0
5.8906	1.959229E-1	1.834106E-1	3.495789E+0	6.232605E+0
5.8906	2.011108E-1	1.806641E-1	3.495789E+0	6.254883E+0
5.9062	2.001953E-1	1.837158E-1	3.496094E+0	6.273193E+0
5.9218	1.965332E-1	1.773071E-1	3.496094E+0	6.291809E+0
5.9218	1.995850E-1	1.831055E-1	3.495483E+0	6.313171E+0
5.9375	2.059937E-1	1.785278E-1	3.496094E+0	6.333008E+0
5.9375	2.001953E-1	1.773071E-1	3.496094E+0	6.351318E+0
5.9531	1.998901E-1	1.818848E-1	3.496094E+0	6.374207E+0
5.9687	1.995850E-1	1.788330E-1	3.496094E+0	6.392212E+0
5.9687	1.971436E-1	1.837158E-1	3.495483E+0	6.411133E+0
5.9843	2.038574E-1	1.846313E-1	3.495483E+0	6.433105E+0
6.0	1.986694E-1	1.785278E-1	3.495789E+0	6.452332E+0
6.0	1.995850E-1	1.806641E-1	3.495789E+0	6.471558E+0
6.0156	2.011108E-1	1.776123E-1	3.495789E+0	6.491699E+0
6.0312	1.986694E-1	1.849365E-1	3.496094E+0	6.510925E+0
6.0312	2.026367E-1	1.846313E-1	3.496094E+0	6.530457E+0
6.0468	2.044678E-1	1.815796E-1	3.496094E+0	6.551819E+0
6.0625	2.008057E-1	1.815796E-1	3.496094E+0	6.571045E+0
6.0625	1.953125E-1	1.803589E-1	3.495789E+0	6.589050E+0
6.0781	2.001953E-1	1.788330E-1	3.495178E+0	6.610718E+0
6.0937	1.989746E-1	1.818848E-1	3.495789E+0	6.630249E+0
6.0937	1.989746E-1	1.791382E-1	3.496094E+0	6.648865E+0
6.1093	2.020264E-1	1.806641E-1	3.496094E+0	6.670532E+0
6.1093	2.017212E-1	1.776123E-1	3.495483E+0	6.690369E+0
6.125	2.014160E-1	1.782227E-1	3.496399E+0	6.709290E+0
6.1406	1.956177E-1	1.837158E-1	3.496094E+0	6.729431E+0
6.1406	2.023315E-1	1.821899E-1	3.496094E+0	6.749878E+0
6.1562	2.032471E-1	1.864624E-1	3.496094E+0	6.767883E+0
6.1718	2.023315E-1	1.843262E-1	3.495483E+0	6.789856E+0
6.1718	2.026367E-1	1.852417E-1	3.495789E+0	6.808472E+0
6.1875	1.974487E-1	1.843262E-1	3.496094E+0	6.827087E+0
6.2031	2.011108E-1	1.788330E-1	3.496094E+0	6.849060E+0
6.2031	1.977539E-1	1.785278E-1	3.495789E+0	6.867371E+0
6.2187	1.931763E-1	1.785278E-1	3.496094E+0	6.887512E+0
6.2187	1.940918E-1	1.818848E-1	3.496094E+0	6.907959E+0
6.2343	1.971436E-1	1.846313E-1	3.495483E+0	6.927490E+0
6.25	1.983643E-1	1.815796E-1	3.495483E+0	6.946411E+0
6.25	2.017212E-1	1.824951E-1	3.496094E+0	6.967468E+0
6.2656	2.038574E-1	1.861572E-1	3.495483E+0	6.987000E+0
6.2812	1.925659E-1	1.849365E-1	3.495483E+0	7.005310E+0
6.2812	1.992798E-1	1.852417E-1	3.495789E+0	7.027283E+0
6.2968	2.026367E-1	1.809692E-1	3.495789E+0	7.046204E+0
6.2968	2.038574E-1	1.812744E-1	3.496094E+0	7.064514E+0
6.3125	1.986694E-1	1.791382E-1	3.495178E+0	7.086487E+0
6.3281	2.062988E-1	1.858521E-1	3.496399E+0	7.105103E+0
6.3281	1.998901E-1	1.831055E-1	3.496094E+0	7.125244E+0
6.3437	1.943970E-1	1.809692E-1	3.495789E+0	7.145386E+0
6.3593	2.026367E-1	1.791382E-1	3.495789E+0	7.165222E+0
6.3593	1.965332E-1	1.849365E-1	3.495483E+0	7.183838E+0
6.375	2.026367E-1	1.843262E-1	3.495789E+0	7.205505E+0
6.3906	2.044678E-1	1.824951E-1	3.495789E+0	7.224731E+0
6.3906	2.029419E-1	1.831055E-1	3.496094E+0	7.243042E+0
6.4062	1.968384E-1	1.818848E-1	3.496399E+0	7.265015E+0
6.4218	1.953125E-1	1.898193E-1	3.496094E+0	7.284241E+0
6.4218	2.047729E-1	1.785278E-1	3.496094E+0	7.302246E+0
6.4375	2.005005E-1	1.831055E-1	3.495789E+0	7.324829E+0
6.4531	1.934814E-1	1.766968E-1	3.495789E+0	7.342529E+0
6.4531	2.011108E-1	1.828003E-1	3.495789E+0	7.361755E+0
6.4687	2.050781E-1	1.831055E-1	3.494873E+0	7.383118E+0
6.4843	2.035522E-1	1.840210E-1	3.495789E+0	7.402344E+0
6.4843	1.971436E-1	1.818848E-1	3.495483E+0	7.421265E+0
6.5	1.998901E-1	1.870728E-1	3.496094E+0	7.442932E+0
6.5	2.029419E-1	1.824951E-1	3.495483E+0	7.461243E+0
6.5156	1.986694E-1	1.831055E-1	3.495789E+0	7.480164E+0
6.5312	1.922607E-1	1.812744E-1	3.495483E+0	7.502441E+0
6.5312	1.998901E-1	1.879883E-1	3.496399E+0	7.520752E+0
6.5468	1.995850E-1	1.898193E-1	3.496094E+0	7.540588E+0
6.5625	2.038574E-1	1.834106E-1	3.496094E+0	7.561646E+0
6.5625	2.081299E-1	1.803589E-1	3.496094E+0	7.580566E+0
6.5781	2.047729E-1	1.840210E-1	3.495483E+0	7.599182E+0
6.5937	1.992798E-1	1.861572E-1	3.496399E+0	7.620850E+0
6.5937	2.047729E-1	1.864624E-1	3.496094E+0	7.639771E+0
6.6093	2.026367E-1	1.803589E-1	3.496094E+0	7.657776E+0
6.6093	2.001953E-1	1.901245E-1	3.495483E+0	7.680359E+0
6.625	1.983643E-1	1.889038E-1	3.496094E+0	7.698669E+0
6.6406	2.017212E-1	1.840210E-1	3.496399E+0	7.716980E+0
6.6406	2.014160E-1	1.882935E-1	3.495789E+0	7.739563E+0
6.6562	2.014160E-1	1.812744E-1	3.496094E+0	7.758179E+0
6.6718	2.035522E-1	1.812744E-1	3.496094E+0	7.777405E+0
6.6718	2.044678E-1	1.892090E-1	3.495789E+0	7.798767E+0
6.6875	1.937866E-1	1.916504E-1	3.495789E+0	7.817993E+0
6.6875	2.041626E-1	1.861572E-1	3.495789E+0	7.835999E+0
6.7031	2.029419E-1	1.873779E-1	3.496399E+0	7.857971E+0
6.7187	2.069092E-1	1.870728E-1	3.496704E+0	7.877197E+0
6.7187	2.020264E-1	1.876831E-1	3.496094E+0	7.895813E+0
6.7343	1.983643E-1	1.895142E-1	3.496399E+0	7.917175E+0
6.75	2.008057E-1	1.849365E-1	3.496094E+0	7.937317E+0
6.75	2.047729E-1	1.876831E-1	3.496094E+0	7.954407E+0
6.7656	2.029419E-1	1.904297E-1	3.458862E+0	7.976685E+0
6.7812	2.062988E-1	1.892090E-1	3.349304E+0	7.976074E+0
6.7812	2.047729E-1	1.916504E-1	3.285217E+0	7.976379E+0
6.7968	2.041626E-1	1.986694E-1	3.170471E+0	7.975769E+0
6.8125	2.102661E-1	1.992798E-1	3.044739E+0	7.976074E+0
6.8125	2.053833E-1	2.005005E-1	2.985229E+0	7.975769E+0
6.8281	2.062988E-1	2.038574E-1	2.857056E+0	7.975464E+0
6.8437	2.084351E-1	2.078247E-1	2.746277E+0	7.975769E+0
6.8437	2.111816E-1	2.072144E-1	2.685852E+0	7.975464E+0
6.8593	2.011108E-1	2.124023E-1	2.560120E+0	7.975464E+0
6.8593	2.142334E-1	2.160645E-1	2.460937E+0	7.976074E+0
6.875	2.093506E-1	2.169800E-1	2.386780E+0	7.974548E+0
6.8906	2.053833E-1	2.133179E-1	2.263184E+0	7.975769E+0
6.8906	2.117920E-1	2.209473E-1	2.168579E+0	7.975464E+0
6.9062	2.093506E-1	2.255249E-1	2.087097E+0	7.975464E+0
6.9218	2.151489E-1	2.224731E-1	1.961670E+0	7.975159E+0
6.9218	2.182007E-1	2.261353E-1	1.860962E+0	7.975159E+0
6.9375	2.145386E-1	2.236938E-1	1.788635E+0	7.974854E+0
6.9531	2.099609E-1	2.267456E-1	1.664429E+0	7.975464E+0
6.9531	2.166748E-1	2.322388E-1	1.562805E+0	7.975464E+0
6.9687	2.130127E-1	2.297974E-1	1.497803E+0	7.975159E+0
6.9687	2.105713E-1	2.355957E-1	1.402283E+0	7.974243E+0
6.9843	2.212524E-1	2.377319E-1	1.277771E+0	7.974548E+0
7.0	2.160645E-1	2.331543E-1	1.191101E+0	7.974854E+0
7.0	2.206421E-1	2.371216E-1	1.089478E+0	7.975159E+0
7.0156	2.224731E-1	2.398682E-1	9.530640E-1	7.974854E+0
7.0312	2.163696E-1	2.413940E-1	8.929443E-1	7.975159E+0
7.0312	2.172852E-1	2.423096E-1	7.653809E-1	7.976074E+0
7.0468	2.197266E-1	2.426147E-1	6.530762E-1	7.974854E+0
7.0468	2.215576E-1	2.438354E-1	5.941772E-1	7.974854E+0
7.0625	2.209473E-1	2.444458E-1	4.714966E-1	7.974854E+0
7.0781	2.227783E-1	2.432251E-1	3.747559E-1	7.975159E+0
7.0781	2.206421E-1	2.438354E-1	2.990723E-1	7.975159E+0
7.0937	2.246094E-1	2.505493E-1	1.965332E-1	7.974854E+0
7.1093	2.236938E-1	2.481079E-1	7.476807E-2	7.974548E+0
7.1093	2.230835E-1	2.551270E-1	1.220703E-2	7.975159E+0
7.125	2.215576E-1	2.545166E-1	9.765625E-3	7.881165E+0
7.1406	2.276611E-1	2.505493E-1	1.068115E-2	7.785034E+0
7.1406	2.215576E-1	2.496338E-1	1.129150E-2	7.691650E+0
7.1562	2.246094E-1	2.447510E-1	1.190186E-2	7.582703E+0
7.1718	2.221680E-1	2.520752E-1	1.251221E-2	7.486267E+0
7.1718	2.227783E-1	2.471924E-1	1.190186E-2	7.392273E+0
7.1875	2.224731E-1	2.536011E-1	1.251221E-2	7.285156E+0
7.2031	2.151489E-1	2.481079E-1	1.312256E-2	7.187500E+0
7.2031	2.188110E-1	2.542114E-1	1.220703E-2	7.091980E+0
7.2187	2.221680E-1	2.462769E-1	1.251221E-2	6.986389E+0
7.2343	2.218628E-1	2.468872E-1	1.220703E-2	6.889038E+0
7.2343	2.264404E-1	2.435303E-1	1.281738E-2	6.794434E+0
7.25	2.182007E-1	2.429199E-1	1.251221E-2	6.687927E+0
7.25	2.239990E-1	2.465820E-1	1.342773E-2	6.590576E+0
7.2656	2.224731E-1	2.435303E-1	1.281738E-2	6.496582E+0
7.2812	2.227783E-1	2.514648E-1	1.220703E-2	6.389160E+0
7.2812	2.221680E-1	2.453613E-1	1.312256E-2	6.293335E+0
7.2968	2.233887E-1	2.462769E-1	1.342773E-2	6.194763E+0
7.3125	2.236938E-1	2.447510E-1	1.312256E-2	6.091614E+0
7.3125	2.206421E-1	2.444458E-1	1.281738E-2	5.994568E+0
7.3281	2.206421E-1	2.450562E-1	1.251221E-2	5.896912E+0
7.3437	2.246094E-1	2.447510E-1	1.281738E-2	5.792542E+0
7.3437	2.246094E-1	2.450562E-1	1.312256E-2	5.695801E+0
7.3593	2.175903E-1	2.401733E-1	1.251221E-2	5.601196E+0
7.3593	2.182007E-1	2.398682E-1	1.281738E-2	5.494690E+0
7.375	2.215576E-1	2.453613E-1	1.281738E-2	5.397339E+0
7.3906	2.230835E-1	2.432251E-1	1.281738E-2	5.303040E+0
7.3906	2.194214E-1	2.398682E-1	1.251221E-2	5.196838E+0
7.4062	2.221680E-1	2.377319E-1	1.342773E-2	5.097656E+0
7.4218	2.157593E-1	2.429199E-1	1.281738E-2	5.001221E+0
7.4218	2.188110E-1	2.407837E-1	1.373291E-2	4.897156E+0
7.4375	2.215576E-1	2.426147E-1	1.281738E-2	4.800415E+0
7.4375	2.239990E-1	2.426147E-1	1.251221E-2	4.703369E+0
7.4531	2.169800E-1	2.398682E-1	1.342773E-2	4.598389E+0
7.4687	2.166748E-1	2.441406E-1	1.281738E-2	4.500427E+0
7.4687	2.227783E-1	2.453613E-1	1.312256E-2	4.404297E+0
7.4843	2.191162E-1	2.383423E-1	1.220703E-2	4.299316E+0
7.5	2.157593E-1	2.404785E-1	1.312256E-2	4.202576E+0
7.5	2.221680E-1	2.413940E-1	1.251221E-2	4.102173E+0
7.5156	2.230835E-1	2.297974E-1	1.342773E-2	4.000549E+0
7.5312	2.178955E-1	2.389526E-1	1.342773E-2	3.902283E+0
7.5312	2.258301E-1	2.426147E-1	1.281738E-2	3.803406E+0
7.5468	2.157593E-1	2.423096E-1	1.312256E-2	3.700562E+0
7.5625	2.212524E-1	2.374268E-1	1.281738E-2	3.601379E+0
7.5625	2.236938E-1	2.386475E-1	1.251221E-2	3.506775E+0
7.5781	2.215576E-1	2.398682E-1	1.312256E-2	3.401489E+0
7.5937	2.209473E-1	2.325439E-1	1.312256E-2	3.302307E+0
7.5937	2.212524E-1	2.389526E-1	1.312256E-2	3.206787E+0
7.6093	2.163696E-1	2.346802E-1	1.342773E-2	3.101501E+0
7.6093	2.154541E-1	2.398682E-1	1.312256E-2	3.003540E+0
7.625	2.206421E-1	2.337646E-1	1.281738E-2	2.903137E+0
7.6406	2.209473E-1	2.377319E-1	1.312256E-2	2.801819E+0
7.6406	2.172852E-1	2.307129E-1	1.403809E-2	2.702332E+0
7.6562	2.185059E-1	2.426147E-1	1.342773E-2	2.604980E+0
7.6718	2.249146E-1	2.423096E-1	1.373291E-2	2.501831E+0
7.6718	2.188110E-1	2.441406E-1	1.373291E-2	2.403564E+0
7.6875	2.191162E-1	2.438354E-1	1.342773E-2	2.305908E+0
7.7031	2.191162E-1	2.398682E-1	1.403809E-2	2.201538E+0
7.7031	2.185059E-1	2.398682E-1	1.373291E-2	2.102966E+0
7.7187	2.197266E-1	2.359009E-1	1.312256E-2	2.004089E+0
7.7343	2.209473E-1	2.407837E-1	1.403809E-2	1.902771E+0
7.7343	2.218628E-1	2.386475E-1	1.403809E-2	1.802979E+0
7.75	2.218628E-1	2.392578E-1	1.312256E-2	1.704712E+0
7.75	2.197266E-1	2.432251E-1	1.464844E-2	1.602783E+0
7.7656	2.182007E-1	2.377319E-1	1.342773E-2	1.502991E+0
7.7812	2.221680E-1	2.432251E-1	1.342773E-2	1.406250E+0
7.7812	2.233887E-1	2.398682E-1	1.403809E-2	1.302795E+0
7.7968	2.200317E-1	2.352905E-1	1.373291E-2	1.203918E+0
7.7968	2.215576E-1	2.395630E-1	1.403809E-2	1.108704E+0
7.8125	2.203369E-1	2.413940E-1	1.403809E-2	1.002502E+0
7.8281	2.197266E-1	2.374268E-1	1.403809E-2	9.042358E-1
7.8281	2.209473E-1	2.413940E-1	1.373291E-2	8.053589E-1
7.8437	2.124023E-1	2.398682E-1	1.312256E-2	7.028198E-1
7.8593	2.221680E-1	2.371216E-1	1.373291E-2	6.036377E-1
7.8593	2.206421E-1	2.377319E-1	1.312256E-2	5.059814E-1
7.875	2.145386E-1	2.389526E-1	1.342773E-2	4.025269E-1
7.8906	2.203369E-1	2.392578E-1	1.403809E-2	3.039551E-1
7.8906	2.194214E-1	2.359009E-1	1.434326E-2	2.072144E-1
7.9062	2.178955E-1	2.334595E-1	1.403809E-2	1.031494E-1
7.9218	2.203369E-1	2.392578E-1	1.403809E-2	4.882812E-3
7.9218	2.148437E-1	2.334595E-1	1.434326E-2	6.103516E-3
7.9375	2.200317E-1	2.413940E-1	1.434326E-2	8.544922E-3
7.9531	2.191162E-1	2.468872E-1	1.373291E-2	8.850098E-3
7.9531	2.197266E-1	2.392578E-1	1.464844E-2	9.460449E-3
7.9687	2.163696E-1	2.377319E-1	1.434326E-2	1.037598E-2
7.9843	2.221680E-1	2.368164E-1	1.373291E-2	9.460449E-3
7.9843	2.148437E-1	2.398682E-1	1.403809E-2	9.460449E-3
8.0	2.218628E-1	2.429199E-1	1.373291E-2	1.007080E-2
8.0	2.197266E-1	2.389526E-1	1.403809E-2	1.037598E-2
8.0156	2.200317E-1	2.368164E-1	1.342773E-2	9.765625E-3
8.0312	2.163696E-1	2.429199E-1	1.373291E-2	1.037598E-2
8.0312	2.160645E-1	2.377319E-1	1.403809E-2	1.037598E-2
8.0468	2.139282E-1	2.401733E-1	1.373291E-2	9.460449E-3
8.0625	2.197266E-1	2.371216E-1	1.403809E-2	1.068115E-2
8.0625	2.191162E-1	2.377319E-1	1.434326E-2	1.007080E-2
8.0781	2.197266E-1	2.413940E-1	1.403809E-2	1.007080E-2
8.0937	2.148437E-1	2.416992E-1	1.373291E-2	1.037598E-2
8.0937	2.145386E-1	2.349854E-1	1.434326E-2	1.007080E-2
8.1093	2.130127E-1	2.383423E-1	1.434326E-2	1.068115E-2
8.1093	2.188110E-1	2.395630E-1	1.403809E-2	1.068115E-2
8.125	2.108765E-1	2.325439E-1	1.434326E-2	1.037598E-2
8.1406	2.200317E-1	2.401733E-1	1.373291E-2	1.068115E-2
8.1406	2.230835E-1	2.410889E-1	1.403809E-2	1.068115E-2
8.1562	2.151489E-1	2.389526E-1	1.373291E-2	1.068115E-2
8.1718	2.224731E-1	2.407837E-1	1.373291E-2	1.068115E-2
8.1718	2.188110E-1	2.404785E-1	1.342773E-2	1.068115E-2
8.1875	2.218628E-1	2.368164E-1	1.464844E-2	1.037598E-2
8.1875	2.227783E-1	2.423096E-1	1.403809E-2	1.037598E-2
8.2031	2.236938E-1	2.432251E-1	1.403809E-2	1.129150E-2
8.2187	2.157593E-1	2.291870E-1	1.434326E-2	1.068115E-2
8.2187	2.182007E-1	2.359009E-1	1.403809E-2	1.068115E-2
8.2343	2.124023E-1	2.413940E-1	1.403809E-2	1.098633E-2
8.25	2.191162E-1	2.410889E-1	1.464844E-2	1.098633E-2
8.25	2.194214E-1	2.416992E-1	1.464844E-2	1.098633E-2
8.2656	2.209473E-1	2.389526E-1	1.373291E-2	1.068115E-2
8.2812	2.175903E-1	2.365112E-1	1.373291E-2	1.129150E-2
8.2812	2.163696E-1	2.416992E-1	1.403809E-2	1.098633E-2
8.2968	2.151489E-1	2.346802E-1	1.342773E-2	1.098633E-2
8.3125	2.163696E-1	2.386475E-1	1.403809E-2	1.098633E-2
8.3125	2.151489E-1	2.404785E-1	1.403809E-2	1.068115E-2
8.3281	2.133179E-1	2.374268E-1	1.342773E-2	1.129150E-2
8.3437	2.169800E-1	2.359009E-1	1.403809E-2	1.129150E-2
8.3437	2.172852E-1	2.355957E-1	1.434326E-2	1.068115E-2
8.3593	2.218628E-1	2.423096E-1	1.464844E-2	1.098633E-2
8.3593	2.185059E-1	2.362061E-1	1.373291E-2	1.068115E-2
8.375	2.130127E-1	2.368164E-1	1.434326E-2	1.098633E-2
8.3906	2.160645E-1	2.420044E-1	1.373291E-2	1.098633E-2
8.3906	2.224731E-1	2.371216E-1	1.342773E-2	1.037598E-2
8.4062	2.172852E-1	2.392578E-1	1.373291E-2	1.098633E-2
8.4218	2.172852E-1	2.368164E-1	1.403809E-2	1.037598E-2
8.4218	2.188110E-1	2.386475E-1	1.403809E-2	1.068115E-2
8.4375	2.114868E-1	2.429199E-1	1.342773E-2	1.098633E-2
8.4531	2.209473E-1	2.395630E-1	1.434326E-2	1.068115E-2
8.4531	2.127075E-1	2.365112E-1	1.342773E-2	1.068115E-2
8.4687	2.166748E-1	2.416992E-1	1.342773E-2	1.068115E-2
8.4687	2.117920E-1	2.407837E-1	1.403809E-2	1.098633E-2
8.4843	2.200317E-1	2.386475E-1	1.373291E-2	1.068115E-2
8.5	2.169800E-1	2.389526E-1	1.434326E-2	1.068115E-2
8.5	2.191162E-1	2.383423E-1	1.403809E-2	1.159668E-2
8.5156	2.166748E-1	2.328491E-1	1.434326E-2	1.129150E-2
8.5312	2.209473E-1	2.362061E-1	1.373291E-2	1.129150E-2
8.5312	2.160645E-1	2.346802E-1	1.434326E-2	1.068115E-2
8.5468	2.099609E-1	2.407837E-1	1.403809E-2	1.068115E-2
8.5468	2.215576E-1	2.426147E-1	1.403809E-2	1.068115E-2
8.5625	2.185059E-1	2.450562E-1	1.373291E-2	1.068115E-2
8.5781	2.182007E-1	2.459717E-1	1.434326E-2	1.068115E-2
8.5781	2.166748E-1	2.386475E-1	1.373291E-2	1.098633E-2
8.5937	2.182007E-1	2.401733E-1	1.434326E-2	1.098633E-2
8.6093	2.212524E-1	2.395630E-1	1.403809E-2	1.068115E-2
8.6093	2.197266E-1	2.319336E-1	1.403809E-2	1.098633E-2
8.625	2.133179E-1	2.398682E-1	1.373291E-2	1.037598E-2
8.6406	2.142334E-1	2.386475E-1	1.403809E-2	1.068115E-2
8.6406	2.185059E-1	2.435303E-1	1.373291E-2	1.037598E-2
8.6562	2.200317E-1	2.420044E-1	1.434326E-2	1.098633E-2
8.6718	2.215576E-1	2.429199E-1	1.403809E-2	1.007080E-2
8.6718	2.151489E-1	2.352905E-1	1.373291E-2	1.068115E-2
8.6875	2.145386E-1	2.355957E-1	1.403809E-2	1.129150E-2
8.7031	2.209473E-1	2.377319E-1	1.373291E-2	1.098633E-2
8.7031	2.172852E-1	2.346802E-1	1.373291E-2	1.098633E-2
8.7187	2.166748E-1	2.340698E-1	1.373291E-2	1.129150E-2
8.7343	2.154541E-1	2.343750E-1	1.342773E-2	1.068115E-2
8.7343	2.178955E-1	2.374268E-1	1.403809E-2	1.129150E-2
8.75	2.178955E-1	2.389526E-1	1.403809E-2	1.098633E-2
8.75	2.218628E-1	2.337646E-1	1.403809E-2	1.068115E-2
8.7656	2.133179E-1	2.423096E-1	1.403809E-2	1.129150E-2
8.7812	2.139282E-1	2.383423E-1	1.403809E-2	1.037598E-2
8.7812	2.221680E-1	2.392578E-1	1.403809E-2	1.098633E-2
8.7968	2.133179E-1	2.340698E-1	1.373291E-2	1.098633E-2
8.8125	2.160645E-1	2.355957E-1	1.434326E-2	1.129150E-2
8.8125	2.215576E-1	2.331543E-1	1.403809E-2	1.068115E-2
8.8281	2.163696E-1	2.349854E-1	1.403809E-2	1.037598E-2
8.8437	2.166748E-1	2.392578E-1	1.403809E-2	1.068115E-2
8.8437	2.145386E-1	2.392578E-1	1.373291E-2	1.037598E-2
8.8593	2.169800E-1	2.395630E-1	1.464844E-2	1.098633E-2
8.8593	2.178955E-1	2.416992E-1	1.403809E-2	1.068115E-2
8.875	2.139282E-1	2.407837E-1	1.464844E-2	1.098633E-2
8.8906	2.169800E-1	2.380371E-1	1.434326E-2	1.129150E-2
8.8906	2.197266E-1	2.325439E-1	1.403809E-2	1.098633E-2
