March 02, 2010 12:41
529b02
H:\033-20100302-sws17-ls\traj\LS_p30_d80_vp20_vd20.traj
lateral amplification = 100
normal amp = 100
pitch angle = -3
roll angle = 280
cantilever = 529b02
<data>
time	voltageForceLateral	voltageForceNormal	voltagePositionX	voltagePositionY
8.6406	1.312256E-2	1.556396E-2	1.037598E-2	7.324219E-3
8.6406	1.495361E-2	7.019043E-3	9.765625E-3	7.934570E-3
8.6562	8.544922E-3	1.434326E-2	1.007080E-2	7.934570E-3
8.6718	1.220703E-3	1.159668E-2	1.007080E-2	7.324219E-3
8.6718	9.460449E-3	1.190186E-2	9.765625E-3	7.629395E-3
8.6875	6.408691E-3	1.068115E-2	1.037598E-2	7.629395E-3
8.7031	5.798340E-3	1.068115E-2	1.037598E-2	8.239746E-3
8.7031	1.098633E-2	1.342773E-2	1.007080E-2	8.239746E-3
8.7187	1.831055E-3	9.155273E-3	9.460449E-3	7.629395E-3
8.7343	1.403809E-2	1.190186E-2	1.068115E-2	7.324219E-3
8.7343	6.713867E-3	1.861572E-2	1.007080E-2	7.629395E-3
8.75	1.129150E-2	1.312256E-2	1.007080E-2	7.629395E-3
8.7656	8.239746E-3	1.373291E-2	1.037598E-2	7.934570E-3
8.7656	1.342773E-2	1.403809E-2	1.068115E-2	7.629395E-3
8.7812	6.408691E-3	9.155273E-3	1.068115E-2	7.934570E-3
8.7812	9.765625E-3	4.882812E-3	9.765625E-3	7.629395E-3
8.7968	1.068115E-2	1.403809E-2	1.068115E-2	7.324219E-3
8.8125	1.312256E-2	1.098633E-2	1.037598E-2	7.629395E-3
8.8125	2.136230E-3	8.544922E-3	1.037598E-2	7.629395E-3
8.8281	7.629395E-3	1.281738E-2	1.068115E-2	7.629395E-3
8.8437	7.934570E-3	1.495361E-2	1.007080E-2	8.239746E-3
8.8437	3.967285E-3	9.765625E-3	1.037598E-2	7.019043E-3
8.8593	7.019043E-3	1.647949E-2	1.007080E-2	7.629395E-3
8.875	9.460449E-3	1.129150E-2	1.007080E-2	7.324219E-3
8.875	1.190186E-2	1.373291E-2	1.068115E-2	7.629395E-3
8.8906	5.493164E-3	1.495361E-2	1.037598E-2	7.324219E-3
8.8906	1.159668E-2	1.007080E-2	1.068115E-2	7.629395E-3
8.9062	3.662109E-3	1.098633E-2	1.007080E-2	7.934570E-3
8.9218	1.098633E-2	1.617432E-2	1.007080E-2	7.629395E-3
8.9218	7.324219E-3	1.434326E-2	1.037598E-2	7.019043E-3
8.9375	1.281738E-2	1.342773E-2	9.460449E-3	7.629395E-3
8.9375	8.239746E-3	8.239746E-3	1.037598E-2	7.629395E-3
8.9531	1.220703E-2	1.464844E-2	1.037598E-2	7.934570E-3
8.9687	6.103516E-3	1.312256E-2	1.068115E-2	7.629395E-3
8.9687	7.934570E-3	1.220703E-2	1.007080E-2	7.629395E-3
8.9843	6.408691E-3	1.068115E-2	1.037598E-2	7.934570E-3
9.0	1.708984E-2	1.556396E-2	1.068115E-2	7.019043E-3
9.0	1.312256E-2	1.281738E-2	1.068115E-2	8.239746E-3
9.0156	1.342773E-2	1.220703E-2	1.037598E-2	8.239746E-3
9.0312	8.850098E-3	7.324219E-3	1.068115E-2	7.629395E-3
9.0312	1.342773E-2	1.068115E-2	1.037598E-2	7.934570E-3
9.0468	8.544922E-3	8.544922E-3	1.098633E-2	7.934570E-3
9.0625	9.460449E-3	1.159668E-2	1.037598E-2	7.324219E-3
9.0625	1.525879E-2	8.850098E-3	1.007080E-2	7.629395E-3
9.0781	1.037598E-2	1.159668E-2	1.007080E-2	7.629395E-3
9.0937	8.544922E-3	1.190186E-2	1.068115E-2	7.019043E-3
9.0937	1.281738E-2	1.037598E-2	1.007080E-2	7.324219E-3
9.1093	7.019043E-3	1.983643E-2	1.037598E-2	7.629395E-3
9.125	8.239746E-3	1.525879E-2	9.765625E-3	7.629395E-3
9.125	8.544922E-3	7.324219E-3	1.037598E-2	7.324219E-3
9.1406	2.441406E-3	1.464844E-2	1.068115E-2	7.934570E-3
9.1406	3.051758E-3	1.434326E-2	1.037598E-2	7.324219E-3
9.1562	1.129150E-2	1.220703E-2	1.037598E-2	7.629395E-3
9.1718	2.136230E-3	7.934570E-3	1.037598E-2	7.019043E-3
9.1718	1.342773E-2	5.798340E-3	1.068115E-2	7.019043E-3
9.1875	8.544922E-3	1.495361E-2	1.037598E-2	7.629395E-3
9.2031	9.155273E-3	1.403809E-2	1.037598E-2	6.713867E-3
9.2031	1.129150E-2	8.850098E-3	1.007080E-2	7.324219E-3
9.2187	7.629395E-3	1.281738E-2	1.037598E-2	7.019043E-3
9.2343	5.493164E-3	7.629395E-3	1.037598E-2	7.934570E-3
9.2343	-6.103516E-4	1.037598E-2	9.765625E-3	7.629395E-3
9.25	9.460449E-3	1.281738E-2	1.068115E-2	7.019043E-3
9.25	1.190186E-2	1.098633E-2	1.068115E-2	7.324219E-3
9.2656	7.629395E-3	1.098633E-2	1.007080E-2	7.629395E-3
9.2812	1.007080E-2	1.403809E-2	1.007080E-2	7.629395E-3
9.2812	1.586914E-2	8.239746E-3	1.037598E-2	7.934570E-3
9.2968	6.713867E-3	1.464844E-2	1.037598E-2	7.934570E-3
9.3125	1.007080E-2	8.544922E-3	1.007080E-2	7.019043E-3
9.3125	1.159668E-2	6.408691E-3	1.007080E-2	7.629395E-3
9.3281	1.556396E-2	6.713867E-3	1.037598E-2	8.239746E-3
9.3437	1.007080E-2	1.220703E-2	1.007080E-2	7.934570E-3
9.3437	1.373291E-2	1.373291E-2	1.007080E-2	7.324219E-3
9.3593	1.129150E-2	5.798340E-3	1.037598E-2	7.934570E-3
9.375	1.190186E-2	1.373291E-2	1.007080E-2	7.324219E-3
9.375	1.037598E-2	1.342773E-2	1.037598E-2	7.629395E-3
9.3906	5.798340E-3	1.068115E-2	1.037598E-2	7.629395E-3
9.3906	1.068115E-2	1.159668E-2	1.007080E-2	7.629395E-3
9.4062	3.356934E-3	1.037598E-2	1.007080E-2	7.934570E-3
9.4218	8.239746E-3	1.068115E-2	1.037598E-2	7.934570E-3
9.4218	1.373291E-2	1.220703E-2	9.765625E-3	7.324219E-3
9.4375	5.187988E-3	1.678467E-2	1.007080E-2	7.934570E-3
9.4531	9.155273E-3	1.159668E-2	1.037598E-2	7.324219E-3
9.4531	5.493164E-3	1.525879E-2	1.007080E-2	7.629395E-3
9.4687	6.408691E-3	7.629395E-3	1.007080E-2	7.629395E-3
9.4843	7.629395E-3	1.037598E-2	1.037598E-2	7.934570E-3
9.4843	1.098633E-2	6.103516E-3	1.007080E-2	8.239746E-3
9.5	1.556396E-2	1.373291E-2	1.068115E-2	7.324219E-3
9.5	1.464844E-2	6.713867E-3	1.007080E-2	7.934570E-3
9.5156	6.408691E-3	7.324219E-3	1.037598E-2	7.629395E-3
9.5312	1.037598E-2	8.544922E-3	1.037598E-2	6.713867E-3
9.5312	3.967285E-3	1.922607E-2	1.037598E-2	7.324219E-3
9.5468	8.239746E-3	1.739502E-2	1.007080E-2	7.629395E-3
9.5625	1.770020E-2	7.934570E-3	1.037598E-2	7.934570E-3
9.5625	1.068115E-2	8.850098E-3	1.037598E-2	7.629395E-3
9.5781	1.220703E-2	1.098633E-2	1.007080E-2	7.934570E-3
9.5781	8.239746E-3	1.068115E-2	1.007080E-2	7.019043E-3
9.5937	8.544922E-3	1.953125E-2	1.037598E-2	7.629395E-3
9.6093	7.324219E-3	1.586914E-2	9.765625E-3	6.713867E-3
9.6093	3.051758E-3	7.019043E-3	1.190186E-2	7.629395E-3
9.625	1.037598E-2	1.220703E-2	3.540039E-2	7.324219E-3
9.6406	3.967285E-3	7.324219E-3	5.767822E-2	6.713867E-3
9.6406	1.281738E-2	6.103516E-3	7.049561E-2	7.324219E-3
9.6562	7.629395E-3	1.525879E-2	9.674072E-2	7.934570E-3
9.6718	7.629395E-3	7.019043E-3	1.153564E-1	7.629395E-3
9.6718	1.098633E-2	6.713867E-3	1.321411E-1	7.934570E-3
9.6875	8.239746E-3	1.220703E-3	1.562500E-1	7.019043E-3
9.7031	6.713867E-3	4.577637E-3	1.791382E-1	7.324219E-3
9.7031	7.934570E-3	9.155273E-4	1.916504E-1	7.629395E-3
9.7187	1.098633E-2	0.000000E+0	2.145386E-1	7.629395E-3
9.7343	4.882812E-3	-1.831055E-3	2.380371E-1	7.934570E-3
9.7343	1.342773E-2	-3.051758E-4	2.514648E-1	7.934570E-3
9.75	4.882812E-3	3.051758E-3	2.755737E-1	7.019043E-3
9.7656	8.544922E-3	-7.019043E-3	2.987671E-1	7.934570E-3
9.7656	8.544922E-3	-5.798340E-3	3.112793E-1	7.324219E-3
9.7812	9.155273E-4	-1.098633E-2	3.356934E-1	7.324219E-3
9.7812	1.525879E-3	-3.967285E-3	3.549194E-1	7.629395E-3
9.7968	-3.662109E-3	-1.068115E-2	3.713989E-1	7.934570E-3
9.8125	6.103516E-4	-9.460449E-3	3.936768E-1	7.934570E-3
9.8125	3.662109E-3	-1.586914E-2	4.187012E-1	7.629395E-3
9.8281	3.051758E-3	-1.190186E-2	4.312134E-1	7.629395E-3
9.8437	2.746582E-3	-1.495361E-2	4.556274E-1	7.934570E-3
9.8437	-7.019043E-3	-2.105713E-2	4.776001E-1	7.934570E-3
9.8593	9.155273E-4	-1.983643E-2	4.904175E-1	7.324219E-3
9.875	-3.051758E-4	-1.800537E-2	5.130005E-1	8.544922E-3
9.875	-5.187988E-3	-1.739502E-2	5.374146E-1	7.324219E-3
9.8906	4.577637E-3	-1.708984E-2	5.490112E-1	7.934570E-3
9.8906	-2.746582E-3	-2.349854E-2	5.743408E-1	7.324219E-3
9.9062	-5.798340E-3	-2.380371E-2	5.969238E-1	7.629395E-3
9.9218	-3.051758E-3	-2.197266E-2	6.103516E-1	8.239746E-3
9.9218	-4.577637E-3	-2.655029E-2	6.326294E-1	7.629395E-3
9.9375	4.272461E-3	-2.746582E-2	6.573486E-1	7.934570E-3
9.9531	-4.882812E-3	-2.807617E-2	6.698608E-1	7.324219E-3
9.9531	-2.746582E-3	-2.502441E-2	6.942749E-1	7.934570E-3
9.9687	-8.850098E-3	-2.136230E-2	7.174683E-1	7.934570E-3
9.9687	0.000000E+0	-3.479004E-2	7.290649E-1	7.629395E-3
9.9843	-3.051758E-3	-3.479004E-2	7.540894E-1	7.934570E-3
10.0	-6.103516E-4	-3.234863E-2	7.739258E-1	7.934570E-3
10.0	-9.155273E-4	-3.875732E-2	7.897949E-1	7.629395E-3
10.0156	-7.629395E-3	-3.784180E-2	8.123779E-1	7.629395E-3
10.0312	-1.464844E-2	-3.631592E-2	8.331299E-1	6.713867E-3
10.0312	-9.765625E-3	-3.936768E-2	8.493042E-1	7.629395E-3
10.0468	-1.098633E-2	-4.333496E-2	8.731079E-1	7.324219E-3
10.0625	-5.798340E-3	-4.119873E-2	8.959961E-1	7.629395E-3
10.0625	-1.190186E-2	-4.150391E-2	9.088135E-1	7.324219E-3
10.0781	-1.037598E-2	-4.669189E-2	9.313965E-1	7.324219E-3
10.0937	-1.403809E-2	-4.852295E-2	9.558105E-1	7.629395E-3
10.0937	-1.342773E-2	-4.730225E-2	9.686279E-1	7.324219E-3
10.1093	-1.159668E-2	-4.760742E-2	9.933472E-1	7.629395E-3
10.125	-1.708984E-2	-4.913330E-2	1.013184E+0	7.629395E-3
10.125	-1.251221E-2	-5.218506E-2	1.028137E+0	7.629395E-3
10.1406	-4.882812E-3	-4.913330E-2	1.053162E+0	7.019043E-3
10.1406	-5.187988E-3	-5.493164E-2	1.075134E+0	7.629395E-3
10.1562	-1.434326E-2	-5.615234E-2	1.088257E+0	7.629395E-3
10.1718	-1.251221E-2	-4.913330E-2	1.112976E+0	7.934570E-3
10.1718	-1.312256E-2	-5.676270E-2	1.134949E+0	7.629395E-3
10.1875	-1.190186E-2	-6.011963E-2	1.148071E+0	7.934570E-3
10.2031	-1.861572E-2	-6.072998E-2	1.172180E+0	7.324219E-3
10.2031	-1.739502E-2	-6.408691E-2	1.191101E+0	7.019043E-3
10.2187	-1.800537E-2	-6.591797E-2	1.207886E+0	7.629395E-3
10.2343	-1.434326E-2	-6.866455E-2	1.230469E+0	7.324219E-3
10.2343	-1.983643E-2	-6.744385E-2	1.254883E+0	7.629395E-3
10.25	-1.861572E-2	-6.256104E-2	1.268005E+0	8.239746E-3
10.25	-2.349854E-2	-6.927490E-2	1.289978E+0	7.629395E-3
10.2656	-1.770020E-2	-6.927490E-2	1.312866E+0	7.019043E-3
10.2812	-2.044678E-2	-7.202148E-2	1.330872E+0	7.324219E-3
10.2812	-1.556396E-2	-7.049561E-2	1.347351E+0	7.629395E-3
10.2968	-2.655029E-2	-7.324219E-2	1.370850E+0	7.934570E-3
10.3125	-1.953125E-2	-7.568359E-2	1.394348E+0	7.324219E-3
10.3125	-2.136230E-2	-7.751465E-2	1.406250E+0	8.239746E-3
10.3281	-1.403809E-2	-8.148193E-2	1.429749E+0	7.324219E-3
10.3437	-2.349854E-2	-8.514404E-2	1.453247E+0	7.629395E-3
10.3437	-1.983643E-2	-9.124756E-2	1.466370E+0	7.934570E-3
10.3593	-1.953125E-2	-8.850098E-2	1.491699E+0	7.934570E-3
10.375	-2.563477E-2	-8.850098E-2	1.510315E+0	7.934570E-3
10.375	-2.502441E-2	-9.338379E-2	1.526489E+0	7.324219E-3
10.3906	-2.075195E-2	-9.490967E-2	1.548462E+0	7.629395E-3
10.3906	-2.807617E-2	-9.643555E-2	1.573486E+0	7.629395E-3
10.4062	-2.655029E-2	-9.368896E-2	1.585693E+0	7.934570E-3
10.4218	-2.746582E-2	-8.972168E-2	1.611023E+0	7.934570E-3
10.4218	-1.861572E-2	-9.765625E-2	1.632690E+0	7.324219E-3
10.4375	-2.197266E-2	-9.399414E-2	1.645813E+0	7.934570E-3
10.4531	-2.563477E-2	-1.043701E-1	1.669922E+0	7.019043E-3
10.4531	-3.143311E-2	-1.031494E-1	1.689453E+0	7.324219E-3
10.4687	-3.784180E-2	-9.979248E-2	1.705017E+0	7.934570E-3
10.4843	-3.204346E-2	-1.062012E-1	1.729736E+0	7.324219E-3
10.4843	-2.593994E-2	-1.129150E-1	1.752625E+0	7.324219E-3
10.5	-3.906250E-2	-1.077271E-1	1.765442E+0	7.324219E-3
10.5	-3.326416E-2	-1.174927E-1	1.787720E+0	7.629395E-3
10.5156	-3.021240E-2	-1.165771E-1	1.810303E+0	7.934570E-3
10.5312	-3.387451E-2	-1.153564E-1	1.824646E+0	7.934570E-3
10.5312	-3.295898E-2	-1.205444E-1	1.845398E+0	7.019043E-3
10.5468	-3.234863E-2	-1.202393E-1	1.867065E+0	8.239746E-3
10.5625	-3.295898E-2	-1.177979E-1	1.894531E+0	7.629395E-3
10.5625	-3.936768E-2	-1.266479E-1	1.904602E+0	7.934570E-3
10.5781	-3.356934E-2	-1.254272E-1	1.928101E+0	7.324219E-3
10.5937	-3.814697E-2	-1.290894E-1	1.951599E+0	7.324219E-3
10.5937	-3.570557E-2	-1.327515E-1	1.964111E+0	7.324219E-3
10.6093	-3.479004E-2	-1.303101E-1	1.988220E+0	7.629395E-3
10.625	-3.967285E-2	-1.351929E-1	2.008057E+0	8.239746E-3
10.625	-4.516602E-2	-1.330566E-1	2.023926E+0	7.324219E-3
10.6406	-4.272461E-2	-1.354980E-1	2.046509E+0	7.934570E-3
10.6406	-4.394531E-2	-1.367187E-1	2.070618E+0	7.324219E-3
10.6562	-4.272461E-2	-1.379395E-1	2.083435E+0	7.629395E-3
10.6718	-5.310059E-2	-1.449585E-1	2.109070E+0	7.629395E-3
10.6718	-4.608154E-2	-1.464844E-1	2.130432E+0	7.629395E-3
10.6875	-4.913330E-2	-1.446533E-1	2.142944E+0	7.934570E-3
10.7031	-4.364014E-2	-1.565552E-1	2.167664E+0	7.934570E-3
10.7031	-4.760742E-2	-1.443481E-1	2.186890E+0	7.934570E-3
10.7187	-4.638672E-2	-1.486206E-1	2.202454E+0	7.934570E-3
10.7343	-4.943848E-2	-1.565552E-1	2.225037E+0	7.629395E-3
10.7343	-4.455566E-2	-1.629639E-1	2.250366E+0	6.713867E-3
10.75	-5.126953E-2	-1.614380E-1	2.262268E+0	7.019043E-3
10.75	-4.699707E-2	-1.687622E-1	2.285156E+0	7.934570E-3
10.7656	-5.218506E-2	-1.638794E-1	2.301025E+0	7.324219E-3
10.7812	-5.462646E-2	-1.660156E-1	2.319641E+0	7.934570E-3
10.7812	-5.737305E-2	-1.766968E-1	2.342834E+0	7.934570E-3
10.7968	-4.943848E-2	-1.751709E-1	2.369080E+0	7.934570E-3
10.8125	-5.126953E-2	-1.696777E-1	2.382202E+0	7.629395E-3
10.8125	-5.401611E-2	-1.828003E-1	2.406006E+0	7.019043E-3
10.8281	-5.706787E-2	-1.794434E-1	2.426147E+0	7.019043E-3
10.8281	-5.981445E-2	-1.861572E-1	2.441101E+0	7.324219E-3
10.8437	-5.676270E-2	-1.910400E-1	2.465820E+0	7.629395E-3
10.8593	-6.011963E-2	-1.980591E-1	2.489014E+0	7.934570E-3
10.8593	-6.408691E-2	-1.940918E-1	2.503052E+0	7.934570E-3
10.875	-6.072998E-2	-1.931763E-1	2.527161E+0	7.934570E-3
10.8906	-6.683350E-2	-2.069092E-1	2.548523E+0	7.629395E-3
10.8906	-6.103516E-2	-2.008057E-1	2.560730E+0	7.629395E-3
10.9062	-6.652832E-2	-2.389526E-1	2.585449E+0	7.324219E-3
10.9218	-6.347656E-2	-1.995850E-1	2.604980E+0	7.629395E-3
10.9218	-6.378174E-2	-1.568604E-1	2.620850E+0	7.629395E-3
10.9375	-5.523682E-2	-9.918213E-2	2.643738E+0	7.629395E-3
10.9531	-4.974365E-2	-1.525879E-2	2.668152E+0	7.629395E-3
10.9531	-4.272461E-2	2.380371E-2	2.680359E+0	8.544922E-3
10.9687	-4.364014E-2	1.052856E-1	2.703247E+0	7.324219E-3
10.9843	-3.021240E-2	1.834106E-1	2.727356E+0	7.019043E-3
10.9843	-3.448486E-2	2.169800E-1	2.740173E+0	7.629395E-3
11.0	-3.356934E-2	3.024292E-1	2.766113E+0	8.239746E-3
11.0156	-3.204346E-2	3.738403E-1	2.787170E+0	7.629395E-3
11.0156	-1.739502E-2	4.162598E-1	2.799988E+0	7.629395E-3
11.0312	-1.495361E-2	5.166626E-1	2.825012E+0	7.934570E-3
11.0312	-1.403809E-2	5.633545E-1	2.844238E+0	7.324219E-3
11.0468	-5.798340E-3	6.140137E-1	2.859497E+0	7.324219E-3
11.0625	-2.746582E-3	6.933594E-1	2.884521E+0	7.629395E-3
11.0625	1.831055E-3	7.696533E-1	2.906799E+0	7.324219E-3
11.0781	6.713867E-3	8.090210E-1	2.919312E+0	7.324219E-3
11.0937	9.765625E-3	8.782959E-1	2.938843E+0	7.934570E-3
11.0937	6.713867E-3	9.762573E-1	2.966309E+0	7.629395E-3
11.1093	2.288818E-2	1.011658E+0	2.979736E+0	7.324219E-3
11.125	1.525879E-2	1.066895E+0	2.997131E+0	8.239746E-3
11.125	1.708984E-2	1.047058E+0	2.995911E+0	2.624512E-2
11.1406	-3.051758E-4	1.056213E+0	2.995300E+0	4.547119E-2
11.1406	-6.103516E-3	1.044922E+0	2.994995E+0	6.774902E-2
11.1562	-5.798340E-3	1.043396E+0	2.994690E+0	8.728027E-2
11.1718	-2.441406E-2	1.016846E+0	2.994080E+0	1.065063E-1
11.1718	-2.502441E-2	1.021729E+0	2.993774E+0	1.266479E-1
11.1875	-3.509521E-2	1.004028E+0	2.992859E+0	1.470947E-1
11.1875	-3.936768E-2	1.006470E+0	2.993469E+0	1.651001E-1
11.2031	-4.791260E-2	9.994507E-1	2.992859E+0	1.876831E-1
11.2187	-4.394531E-2	9.774780E-1	2.992249E+0	2.062988E-1
11.2187	-5.401611E-2	9.738159E-1	2.991943E+0	2.258301E-1
11.2343	-6.683350E-2	9.564209E-1	2.990723E+0	2.471924E-1
11.25	-7.110596E-2	9.545898E-1	2.990417E+0	2.670288E-1
11.25	-7.904053E-2	9.384155E-1	2.990723E+0	2.883911E-1
11.2656	-9.155273E-2	9.332275E-1	2.990112E+0	3.079224E-1
11.2812	-1.019287E-1	9.146118E-1	2.989502E+0	3.253174E-1
11.2968	-1.107788E-1	9.143066E-1	2.989807E+0	3.475952E-1
11.2968	-1.074219E-1	8.947754E-1	2.989807E+0	3.674316E-1
11.3125	-1.202393E-1	8.767700E-1	2.988281E+0	3.872681E-1
11.3125	-1.245117E-1	8.743286E-1	2.988586E+0	4.055786E-1
11.3281	-1.501465E-1	8.630371E-1	2.987976E+0	4.269409E-1
11.3437	-1.550293E-1	8.514404E-1	2.987671E+0	4.483032E-1
11.3437	-1.684570E-1	8.316040E-1	2.987671E+0	4.666138E-1
11.3593	-1.687622E-1	8.261108E-1	2.986755E+0	4.864502E-1
11.375	-1.803589E-1	7.943726E-1	2.986145E+0	5.078125E-1
11.375	-1.892090E-1	7.888794E-1	2.986450E+0	5.273437E-1
11.3906	-1.983643E-1	7.785034E-1	2.986145E+0	5.453491E-1
11.4062	-2.145386E-1	7.669067E-1	2.985535E+0	5.761719E-1
11.4062	-2.288818E-1	7.519531E-1	2.985229E+0	5.868530E-1
11.4218	-2.420044E-1	7.406616E-1	2.984619E+0	6.072998E-1
11.4218	-2.465820E-1	7.269287E-1	2.984314E+0	6.271362E-1
11.4375	-2.575684E-1	7.192993E-1	2.984314E+0	6.457520E-1
11.4531	-2.731323E-1	6.954956E-1	2.983704E+0	6.677246E-1
11.4531	-2.871704E-1	6.820679E-1	2.983398E+0	6.924438E-1
11.4687	-2.941895E-1	6.668091E-1	2.983398E+0	7.073975E-1
11.4843	-3.192139E-1	6.497192E-1	2.981873E+0	7.272339E-1
11.4843	-3.256226E-1	6.259155E-1	2.981873E+0	7.467651E-1
11.5	-3.344727E-1	6.158447E-1	2.981873E+0	7.666016E-1
11.5	-3.448486E-1	6.002808E-1	2.980957E+0	7.873535E-1
11.5156	-3.652954E-1	5.789185E-1	2.980957E+0	8.074951E-1
11.5312	-3.622437E-1	5.731201E-1	2.980957E+0	8.236694E-1
11.5312	-3.863525E-1	5.398560E-1	2.980347E+0	8.477783E-1
11.5468	-3.952026E-1	5.184937E-1	2.979736E+0	8.666992E-1
11.5625	-4.202271E-1	4.901123E-1	2.979736E+0	8.880615E-1
11.5625	-4.187012E-1	4.913330E-1	2.979736E+0	9.063721E-1
11.5781	-4.470825E-1	4.635620E-1	2.979431E+0	9.259033E-1
11.5937	-4.574585E-1	4.519653E-1	2.978821E+0	9.472656E-1
11.5937	-4.751587E-1	4.315186E-1	2.978821E+0	9.667969E-1
11.6093	-4.718018E-1	4.266357E-1	2.978210E+0	9.857178E-1
11.625	-5.068970E-1	3.887939E-1	2.977600E+0	1.007690E+0
11.625	-5.130005E-1	3.784180E-1	2.977600E+0	1.026306E+0
11.6406	-5.371094E-1	3.536987E-1	2.976990E+0	1.045532E+0
11.6406	-5.508423E-1	3.375244E-1	2.977295E+0	1.067505E+0
11.6562	-5.541992E-1	3.073120E-1	2.976379E+0	1.086426E+0
11.6718	-5.834961E-1	3.076172E-1	2.976074E+0	1.106262E+0
11.6718	-5.853271E-1	2.688599E-1	2.975159E+0	1.127014E+0
11.6875	-6.192017E-1	2.587891E-1	2.975464E+0	1.146545E+0
11.6875	-6.253052E-1	2.349854E-1	2.975159E+0	1.164856E+0
11.7031	-6.500244E-1	2.157593E-1	2.974243E+0	1.187744E+0
11.7187	-6.539917E-1	2.056885E-1	2.974243E+0	1.206665E+0
11.7187	-6.820679E-1	1.757812E-1	2.974243E+0	1.226196E+0
11.7343	-6.893921E-1	1.596069E-1	2.973328E+0	1.246948E+0
11.75	-7.214355E-1	1.324463E-1	2.973022E+0	1.266785E+0
11.75	-7.266235E-1	1.226807E-1	2.973022E+0	1.286011E+0
11.7656	-7.592773E-1	9.368896E-2	2.971802E+0	1.307373E+0
11.7812	-7.604980E-1	8.758545E-2	2.972107E+0	1.326294E+0
11.7812	-7.971191E-1	4.577637E-2	2.972107E+0	1.347351E+0
11.7968	-8.108521E-1	3.295898E-2	2.970886E+0	1.367187E+0
11.8125	-8.355713E-1	8.544922E-3	2.970886E+0	1.386719E+0
11.8125	-8.432007E-1	-1.831055E-3	2.971191E+0	1.405945E+0
11.8281	-8.718872E-1	-2.502441E-2	2.969971E+0	1.427002E+0
11.8437	-8.856201E-1	-4.211426E-2	2.970276E+0	1.445923E+0
11.8437	-9.078979E-1	-7.293701E-2	2.969360E+0	1.466980E+0
11.8593	-9.249878E-1	-1.000977E-1	2.969055E+0	1.486511E+0
11.875	-9.469604E-1	-1.199341E-1	2.968750E+0	1.506653E+0
11.875	-9.631348E-1	-1.373291E-1	2.967834E+0	1.525879E+0
11.8906	-9.814453E-1	-1.547241E-1	2.967529E+0	1.547241E+0
11.8906	-1.003723E+0	-1.791382E-1	2.966919E+0	1.566162E+0
11.9062	-1.029968E+0	-2.011108E-1	2.966919E+0	1.585083E+0
11.9218	-1.042480E+0	-2.142334E-1	2.966614E+0	1.607361E+0
11.9218	-1.056213E+0	-2.410889E-1	2.966919E+0	1.626282E+0
11.9375	-1.068726E+0	-2.490234E-1	2.965698E+0	1.645508E+0
11.9531	-1.076660E+0	-2.658081E-1	2.965393E+0	1.666870E+0
11.9531	-1.106567E+0	-2.859497E-1	2.965698E+0	1.686401E+0
11.9687	-1.110229E+0	-3.036499E-1	2.964783E+0	1.705933E+0
11.9843	-1.142273E+0	-3.152466E-1	2.965088E+0	1.726379E+0
11.9843	-1.153259E+0	-3.356934E-1	2.964478E+0	1.746216E+0
12.0	-1.167908E+0	-3.457642E-1	2.964478E+0	1.766052E+0
12.0	-1.158752E+0	-3.408813E-1	2.964172E+0	1.786804E+0
12.0156	-1.168213E+0	-3.543091E-1	2.963257E+0	1.806335E+0
12.0312	-1.171265E+0	-3.628540E-1	2.963257E+0	1.823120E+0
12.0312	-1.195984E+0	-3.836060E-1	2.962341E+0	1.846924E+0
12.0468	-1.195374E+0	-3.839111E-1	2.962646E+0	1.867065E+0
12.0625	-1.217651E+0	-4.074097E-1	2.961731E+0	1.884766E+0
12.0625	-1.201477E+0	-3.997803E-1	2.961121E+0	1.906128E+0
12.0781	-1.219482E+0	-4.153442E-1	2.960815E+0	1.925659E+0
12.0781	-1.220093E+0	-4.205322E-1	2.960815E+0	1.946411E+0
12.0937	-1.235046E+0	-4.205322E-1	2.960815E+0	1.966553E+0
12.1093	-1.225281E+0	-4.217529E-1	2.960510E+0	1.986389E+0
12.1093	-1.228943E+0	-4.266357E-1	2.959595E+0	2.005615E+0
12.125	-1.238098E+0	-4.241943E-1	2.959595E+0	2.026672E+0
12.1406	-1.237488E+0	-4.248047E-1	2.958679E+0	2.046509E+0
12.1406	-1.236877E+0	-4.211426E-1	2.958374E+0	2.064819E+0
12.1562	-1.241455E+0	-4.281616E-1	2.958374E+0	2.086792E+0
12.1718	-1.253662E+0	-4.498291E-1	2.957764E+0	2.105713E+0
12.1718	-1.241150E+0	-4.415894E-1	2.957764E+0	2.126160E+0
12.1875	-1.241760E+0	-4.446411E-1	2.957458E+0	2.145996E+0
12.2031	-1.246643E+0	-4.428101E-1	2.957458E+0	2.166443E+0
12.2031	-1.241455E+0	-4.437256E-1	2.958069E+0	2.184753E+0
12.2187	-1.229858E+0	-4.400635E-1	2.956848E+0	2.206726E+0
12.2343	-1.240540E+0	-4.467773E-1	2.955933E+0	2.225952E+0
12.2343	-1.242065E+0	-4.571533E-1	2.955322E+0	2.245178E+0
12.25	-1.240234E+0	-4.498291E-1	2.955627E+0	2.265930E+0
12.2656	-1.231689E+0	-4.425049E-1	2.954712E+0	2.285461E+0
12.2656	-1.238403E+0	-4.397583E-1	2.954712E+0	2.305908E+0
12.2812	-1.233521E+0	-4.476929E-1	2.954712E+0	2.326660E+0
12.2812	-1.234741E+0	-4.489136E-1	2.953491E+0	2.346191E+0
12.2968	-1.237183E+0	-4.495239E-1	2.953796E+0	2.365112E+0
12.3125	-1.231079E+0	-4.443359E-1	2.953186E+0	2.386780E+0
12.3125	-1.227722E+0	-4.434204E-1	2.952576E+0	2.405701E+0
12.3281	-1.232605E+0	-4.397583E-1	2.952576E+0	2.424622E+0
12.3437	-1.225586E+0	-4.446411E-1	2.951660E+0	2.445679E+0
12.3437	-1.221008E+0	-4.443359E-1	2.951660E+0	2.465515E+0
12.3593	-1.226196E+0	-4.525757E-1	2.951660E+0	2.484741E+0
12.375	-1.221619E+0	-4.367065E-1	2.951050E+0	2.506104E+0
12.375	-1.220703E+0	-4.415894E-1	2.951355E+0	2.525635E+0
12.3906	-1.220093E+0	-4.367065E-1	2.950745E+0	2.543945E+0
12.3906	-1.233215E+0	-4.394531E-1	2.949524E+0	2.566223E+0
12.4062	-1.220093E+0	-4.415894E-1	2.949829E+0	2.585754E+0
12.4218	-1.226501E+0	-4.522705E-1	2.949829E+0	2.604980E+0
12.4218	-1.212769E+0	-4.373169E-1	2.949524E+0	2.626038E+0
12.4375	-1.213379E+0	-4.455566E-1	2.949219E+0	2.644958E+0
12.4375	-1.218872E+0	-4.440308E-1	2.948608E+0	2.663879E+0
12.4531	-1.201782E+0	-4.290771E-1	2.947388E+0	2.686462E+0
12.4687	-1.203003E+0	-4.309082E-1	2.947998E+0	2.705994E+0
12.4687	-1.220398E+0	-4.464722E-1	2.947693E+0	2.723999E+0
12.4843	-1.214905E+0	-4.425049E-1	2.946777E+0	2.746582E+0
12.5	-1.209412E+0	-4.464722E-1	2.946167E+0	2.764282E+0
12.5	-1.215515E+0	-4.388428E-1	2.945862E+0	2.784729E+0
12.5156	-1.201477E+0	-4.421997E-1	2.945862E+0	2.805786E+0
12.5312	-1.214294E+0	-4.321289E-1	2.945557E+0	2.825317E+0
12.5312	-1.217957E+0	-4.528809E-1	2.945251E+0	2.844849E+0
12.5468	-1.214905E+0	-4.418945E-1	2.944946E+0	2.865906E+0
12.5625	-1.192017E+0	-4.367065E-1	2.944336E+0	2.885132E+0
12.5625	-1.203003E+0	-4.397583E-1	2.943726E+0	2.904053E+0
12.5781	-1.197510E+0	-4.275513E-1	2.943726E+0	2.926025E+0
12.5937	-1.191711E+0	-4.360962E-1	2.943726E+0	2.945862E+0
12.5937	-1.195068E+0	-4.339600E-1	2.942505E+0	2.963562E+0
12.6093	-1.187134E+0	-4.394531E-1	2.942810E+0	2.985535E+0
12.625	-1.194763E+0	-4.391479E-1	2.942505E+0	3.004761E+0
12.625	-1.193848E+0	-4.333496E-1	2.941895E+0	3.024902E+0
12.6406	-1.181641E+0	-4.287720E-1	2.942505E+0	3.045959E+0
12.6406	-1.186829E+0	-4.293823E-1	2.940979E+0	3.065491E+0
12.6562	-1.181641E+0	-4.339600E-1	2.940063E+0	3.083801E+0
12.6718	-1.172180E+0	-4.217529E-1	2.940674E+0	3.105774E+0
12.6718	-1.170349E+0	-4.156494E-1	2.940369E+0	3.124695E+0
12.6875	-1.174622E+0	-4.235840E-1	2.939453E+0	3.143616E+0
12.7031	-1.170044E+0	-4.086304E-1	2.940369E+0	3.165283E+0
12.7031	-1.167908E+0	-4.125977E-1	2.939453E+0	3.183899E+0
12.7187	-1.177063E+0	-4.196167E-1	2.939148E+0	3.204956E+0
12.7343	-1.169128E+0	-4.168701E-1	2.938843E+0	3.224792E+0
12.7343	-1.168518E+0	-4.180908E-1	2.937622E+0	3.244934E+0
12.75	-1.174011E+0	-4.135132E-1	2.937622E+0	3.264465E+0
12.7656	-1.178284E+0	-4.187012E-1	2.937927E+0	3.285217E+0
12.7656	-1.156616E+0	-4.107666E-1	2.937012E+0	3.303833E+0
12.7812	-1.158447E+0	-4.135132E-1	2.936707E+0	3.323364E+0
12.7812	-1.166992E+0	-4.290771E-1	2.936707E+0	3.342285E+0
12.7968	-1.172485E+0	-4.244995E-1	2.935791E+0	3.364563E+0
12.8125	-1.160278E+0	-4.177856E-1	2.936096E+0	3.383789E+0
12.8125	-1.171570E+0	-4.251099E-1	2.935791E+0	3.403015E+0
12.8281	-1.155396E+0	-4.074097E-1	2.934875E+0	3.423767E+0
12.8437	-1.168823E+0	-4.220581E-1	2.935486E+0	3.443298E+0
12.8437	-1.166077E+0	-4.205322E-1	2.934875E+0	3.462524E+0
12.8593	-1.162720E+0	-4.315186E-1	2.933960E+0	3.483887E+0
12.875	-1.159973E+0	-4.080200E-1	2.933960E+0	3.504333E+0
12.875	-1.157837E+0	-4.196167E-1	2.933655E+0	3.522949E+0
12.8906	-1.146240E+0	-4.168701E-1	2.933044E+0	3.543701E+0
12.8906	-1.141663E+0	-4.147339E-1	2.932739E+0	3.563538E+0
12.9062	-1.154785E+0	-4.199219E-1	2.933044E+0	3.582153E+0
12.9218	-1.152649E+0	-4.113770E-1	2.932129E+0	3.603516E+0
12.9218	-1.156616E+0	-4.232788E-1	2.931824E+0	3.623047E+0
12.9375	-1.147156E+0	-4.171753E-1	2.931213E+0	3.642273E+0
12.9531	-1.157532E+0	-4.147339E-1	2.930603E+0	3.663940E+0
12.9531	-1.144409E+0	-4.190063E-1	2.930298E+0	3.683167E+0
12.9687	-1.154785E+0	-4.229736E-1	2.929993E+0	3.702698E+0
12.9843	-1.140747E+0	-4.199219E-1	2.929993E+0	3.723755E+0
12.9843	-1.157837E+0	-4.302979E-1	2.929687E+0	3.742676E+0
13.0	-1.139832E+0	-4.202271E-1	2.929077E+0	3.762207E+0
13.0	-1.143494E+0	-4.144287E-1	2.929382E+0	3.782654E+0
13.0156	-1.142883E+0	-4.135132E-1	2.928772E+0	3.803406E+0
13.0312	-1.151428E+0	-4.302979E-1	2.928162E+0	3.819885E+0
13.0312	-1.137390E+0	-4.241943E-1	2.927551E+0	3.843079E+0
13.0468	-1.146851E+0	-4.290771E-1	2.928162E+0	3.862305E+0
13.0625	-1.156311E+0	-4.174805E-1	2.927551E+0	3.883057E+0
13.0625	-1.145630E+0	-4.153442E-1	2.926636E+0	3.902283E+0
13.0781	-1.155090E+0	-4.165649E-1	2.926941E+0	3.922424E+0
13.0937	-1.143494E+0	-4.226685E-1	2.926025E+0	3.942566E+0
13.0937	-1.147156E+0	-4.357910E-1	2.925720E+0	3.962402E+0
13.1093	-1.137390E+0	-4.244995E-1	2.925720E+0	3.981628E+0
13.125	-1.146851E+0	-4.235840E-1	2.924805E+0	4.002991E+0
13.125	-1.135254E+0	-4.208374E-1	2.924500E+0	4.021606E+0
13.1406	-1.149597E+0	-4.269409E-1	2.923889E+0	4.040833E+0
13.1406	-1.148682E+0	-4.214478E-1	2.923584E+0	4.062500E+0
13.1562	-1.151733E+0	-4.397583E-1	2.923584E+0	4.082336E+0
13.1718	-1.137695E+0	-4.324341E-1	2.922363E+0	4.100342E+0
13.1718	-1.139832E+0	-4.251099E-1	2.922974E+0	4.122620E+0
13.1875	-1.133423E+0	-4.238892E-1	2.922668E+0	4.142151E+0
13.1875	-1.143799E+0	-4.260254E-1	2.921753E+0	4.160767E+0
13.2031	-1.140747E+0	-4.101562E-1	2.922363E+0	4.182739E+0
13.2187	-1.126709E+0	-4.223633E-1	2.921143E+0	4.201965E+0
13.2187	-1.137695E+0	-4.217529E-1	2.920227E+0	4.221191E+0
13.2343	-1.123962E+0	-4.217529E-1	2.921448E+0	4.241943E+0
13.25	-1.135864E+0	-4.129028E-1	2.920532E+0	4.261475E+0
13.25	-1.126709E+0	-4.159546E-1	2.919922E+0	4.281006E+0
13.2656	-1.132202E+0	-4.150391E-1	2.920227E+0	4.301758E+0
13.2812	-1.120605E+0	-4.141235E-1	2.919006E+0	4.320374E+0
13.2812	-1.131897E+0	-4.312134E-1	2.919312E+0	4.341125E+0
13.2968	-1.117554E+0	-4.104614E-1	2.918701E+0	4.362488E+0
13.3125	-1.137085E+0	-4.235840E-1	2.918396E+0	4.380798E+0
13.3125	-1.117249E+0	-4.067993E-1	2.917480E+0	4.400635E+0
13.3281	-1.124878E+0	-4.165649E-1	2.917786E+0	4.421387E+0
13.3437	-1.133118E+0	-4.202271E-1	2.917480E+0	4.440918E+0
13.3437	-1.140747E+0	-4.345703E-1	2.917480E+0	4.459839E+0
13.3593	-1.132507E+0	-4.223633E-1	2.916870E+0	4.481812E+0
13.375	-1.138306E+0	-4.321289E-1	2.915955E+0	4.500427E+0
13.375	-1.128235E+0	-4.132080E-1	2.915955E+0	4.519958E+0
13.3906	-1.128235E+0	-4.135132E-1	2.915955E+0	4.540405E+0
13.3906	-1.111450E+0	-4.031372E-1	2.915649E+0	4.559937E+0
13.4062	-1.121216E+0	-4.022217E-1	2.914429E+0	4.578857E+0
13.4218	-1.082153E+0	-3.536987E-1	2.914124E+0	4.600830E+0
13.4218	-1.016846E+0	-2.923584E-1	2.914124E+0	4.620056E+0
13.4375	-7.354736E-2	-2.246094E-1	2.914429E+0	4.638977E+0
13.4531	-7.446289E-2	-2.261353E-1	2.913818E+0	4.660645E+0
13.4531	-7.934570E-2	-2.218628E-1	2.913208E+0	4.679565E+0
13.4687	-7.141113E-2	-2.212524E-1	2.913208E+0	4.699402E+0
13.4843	-7.751465E-2	-2.233887E-1	2.912292E+0	4.719849E+0
13.4843	-8.056641E-2	-2.215576E-1	2.912598E+0	4.739685E+0
13.5	-7.843018E-2	-2.270508E-1	2.911987E+0	4.758606E+0
13.5	-8.056641E-2	-2.252197E-1	2.911682E+0	4.780273E+0
13.5156	-7.720947E-2	-2.236938E-1	2.910461E+0	4.799500E+0
13.5312	-7.598877E-2	-2.191162E-1	2.911072E+0	4.816589E+0
13.5312	-7.385254E-2	-2.233887E-1	2.910767E+0	4.839172E+0
13.5468	-7.446289E-2	-2.285767E-1	2.909546E+0	4.859924E+0
13.5625	-7.049561E-2	-2.218628E-1	2.909241E+0	4.879456E+0
13.5625	-7.171631E-2	-2.175903E-1	2.908936E+0	4.897156E+0
13.5781	-7.171631E-2	-2.230835E-1	2.909241E+0	4.919739E+0
13.5937	-8.148193E-2	-2.178955E-1	2.908325E+0	4.938660E+0
13.5937	-7.690430E-2	-2.261353E-1	2.907715E+0	4.957581E+0
13.6093	-7.263184E-2	-2.267456E-1	2.908325E+0	4.978943E+0
13.625	-7.049561E-2	-2.261353E-1	2.907715E+0	4.998169E+0
13.625	-7.080078E-2	-2.246094E-1	2.907410E+0	5.018616E+0
13.6406	-7.781982E-2	-2.209473E-1	2.907410E+0	5.038757E+0
13.6406	-7.629395E-2	-2.218628E-1	2.906189E+0	5.058289E+0
13.6562	-7.812500E-2	-2.239990E-1	2.905884E+0	5.076904E+0
13.6718	-6.988525E-2	-2.227783E-1	2.906189E+0	5.098877E+0
13.6718	-7.507324E-2	-2.239990E-1	2.905579E+0	5.117493E+0
13.6875	-7.263184E-2	-2.249146E-1	2.904968E+0	5.136108E+0
13.7031	-7.232666E-2	-2.215576E-1	2.904968E+0	5.158386E+0
13.7031	-7.537842E-2	-2.233887E-1	2.904663E+0	5.177612E+0
13.7187	-7.385254E-2	-2.276611E-1	2.904358E+0	5.197449E+0
13.7343	-7.049561E-2	-2.203369E-1	2.905273E+0	5.217896E+0
13.7343	-7.415771E-2	-2.236938E-1	2.903442E+0	5.236816E+0
13.75	-7.202148E-2	-2.224731E-1	2.903137E+0	5.256348E+0
13.75	-7.110596E-2	-2.200317E-1	2.903137E+0	5.277405E+0
13.7656	-7.171631E-2	-2.209473E-1	2.903442E+0	5.297241E+0
13.7812	-6.195068E-2	-2.200317E-1	2.902222E+0	5.314331E+0
13.7812	-7.507324E-2	-2.166748E-1	2.901917E+0	5.336304E+0
13.7968	-7.385254E-2	-2.236938E-1	2.900696E+0	5.356445E+0
13.8125	-7.171631E-2	-2.197266E-1	2.901306E+0	5.375977E+0
13.8125	-7.598877E-2	-2.206421E-1	2.901001E+0	5.394592E+0
13.8281	-7.659912E-2	-2.230835E-1	2.900085E+0	5.416565E+0
13.8437	-8.117676E-2	-2.212524E-1	2.900391E+0	5.435791E+0
13.8437	-7.171631E-2	-2.252197E-1	2.899475E+0	5.454102E+0
13.8593	-7.080078E-2	-2.209473E-1	2.899170E+0	5.476685E+0
13.875	-7.659912E-2	-2.233887E-1	2.898560E+0	5.495300E+0
13.875	-7.263184E-2	-2.200317E-1	2.899475E+0	5.515137E+0
13.8906	-7.629395E-2	-2.224731E-1	2.898560E+0	5.535278E+0
13.8906	-7.171631E-2	-2.261353E-1	2.898254E+0	5.554504E+0
13.9062	-7.446289E-2	-2.236938E-1	2.897949E+0	5.574036E+0
13.9218	-6.713867E-2	-2.188110E-1	2.897034E+0	5.595703E+0
13.9218	-7.171631E-2	-2.224731E-1	2.896729E+0	5.614624E+0
13.9375	-7.720947E-2	-2.261353E-1	2.897339E+0	5.634155E+0
13.9531	-7.232666E-2	-2.197266E-1	2.896118E+0	5.655518E+0
13.9531	-7.263184E-2	-2.236938E-1	2.895813E+0	5.674744E+0
13.9687	-7.781982E-2	-2.163696E-1	2.896118E+0	5.693970E+0
13.9843	-6.652832E-2	-2.163696E-1	2.895813E+0	5.714722E+0
13.9843	-7.843018E-2	-2.239990E-1	2.894287E+0	5.734253E+0
14.0	-6.866455E-2	-2.163696E-1	2.893982E+0	5.753479E+0
14.0	-6.683350E-2	-2.227783E-1	2.893982E+0	5.774536E+0
14.0156	-7.049561E-2	-2.203369E-1	2.893982E+0	5.793152E+0
14.0312	-7.843018E-2	-2.212524E-1	2.893066E+0	5.810852E+0
14.0312	-7.476807E-2	-2.172852E-1	2.893372E+0	5.833435E+0
14.0468	-7.324219E-2	-2.252197E-1	2.892761E+0	5.853882E+0
14.0625	-7.263184E-2	-2.255249E-1	2.892456E+0	5.872498E+0
14.0625	-7.659912E-2	-2.273560E-1	2.892456E+0	5.891418E+0
14.0781	-7.263184E-2	-2.157593E-1	2.892151E+0	5.912781E+0
14.0937	-7.415771E-2	-2.218628E-1	2.891235E+0	5.932312E+0
14.0937	-7.568359E-2	-2.203369E-1	2.891846E+0	5.950928E+0
14.1093	-7.019043E-2	-2.252197E-1	2.890930E+0	5.972900E+0
14.125	-6.805420E-2	-2.212524E-1	2.890015E+0	5.992432E+0
14.125	-7.110596E-2	-2.203369E-1	2.890015E+0	6.011658E+0
14.1406	-6.652832E-2	-2.194214E-1	2.890015E+0	6.032715E+0
14.1406	-6.591797E-2	-2.185059E-1	2.889099E+0	6.051636E+0
14.1562	-6.561279E-2	-2.209473E-1	2.889099E+0	6.070251E+0
14.1718	-6.866455E-2	-2.215576E-1	2.888794E+0	6.092224E+0
14.1718	-6.896973E-2	-2.163696E-1	2.887878E+0	6.111145E+0
14.1875	-7.568359E-2	-2.227783E-1	2.888489E+0	6.130066E+0
14.2031	-7.049561E-2	-2.185059E-1	2.887573E+0	6.151123E+0
14.2031	-6.866455E-2	-2.182007E-1	2.887268E+0	6.170349E+0
14.2187	-7.751465E-2	-2.188110E-1	2.887268E+0	6.190186E+0
14.2343	-7.568359E-2	-2.203369E-1	2.886353E+0	6.210632E+0
14.2343	-6.683350E-2	-2.194214E-1	2.886353E+0	6.230469E+0
14.25	-6.927490E-2	-2.172852E-1	2.886353E+0	6.249084E+0
14.25	-7.812500E-2	-2.154541E-1	2.884827E+0	6.270142E+0
14.2656	-7.415771E-2	-2.230835E-1	2.885132E+0	6.289673E+0
14.2812	-6.622314E-2	-2.191162E-1	2.885437E+0	6.306152E+0
14.2812	-7.232666E-2	-2.249146E-1	2.884521E+0	6.329956E+0
14.2968	-7.507324E-2	-2.154541E-1	2.884521E+0	6.349182E+0
14.3125	-7.720947E-2	-2.145386E-1	2.884216E+0	6.368408E+0
14.3125	-6.774902E-2	-2.200317E-1	2.882690E+0	6.390076E+0
14.3281	-7.690430E-2	-2.191162E-1	2.882385E+0	6.408691E+0
14.3281	-7.202148E-2	-2.212524E-1	2.883301E+0	6.427917E+0
14.3437	-6.774902E-2	-2.191162E-1	2.882080E+0	6.448975E+0
14.3593	-7.141113E-2	-2.124023E-1	2.881775E+0	6.468201E+0
14.3593	-7.659912E-2	-2.197266E-1	2.882385E+0	6.487427E+0
14.375	-7.446289E-2	-2.166748E-1	2.881470E+0	6.508179E+0
14.3906	-7.171631E-2	-2.154541E-1	2.881165E+0	6.528015E+0
14.3906	-6.958008E-2	-2.127075E-1	2.881165E+0	6.546631E+0
14.4062	-6.805420E-2	-2.215576E-1	2.880859E+0	6.567688E+0
14.4218	-7.019043E-2	-2.194214E-1	2.879639E+0	6.586914E+0
14.4218	-7.415771E-2	-2.203369E-1	2.879639E+0	6.606750E+0
14.4375	-7.232666E-2	-2.169800E-1	2.879028E+0	6.627502E+0
14.4531	-6.530762E-2	-2.236938E-1	2.878723E+0	6.646729E+0
14.4531	-7.141113E-2	-2.163696E-1	2.878418E+0	6.666260E+0
14.4687	-6.988525E-2	-2.252197E-1	2.878113E+0	6.686401E+0
14.4843	-7.263184E-2	-2.218628E-1	2.877502E+0	6.706543E+0
14.4843	-7.781982E-2	-2.218628E-1	2.877808E+0	6.725159E+0
14.5	-7.568359E-2	-2.258301E-1	2.877808E+0	6.746521E+0
14.5156	-7.019043E-2	-2.239990E-1	2.877197E+0	6.765137E+0
14.5156	-6.713867E-2	-2.206421E-1	2.875977E+0	6.784973E+0
14.5312	-7.812500E-2	-2.191162E-1	2.876587E+0	6.805420E+0
14.5312	-7.659912E-2	-2.163696E-1	2.875366E+0	6.824341E+0
14.5468	-6.805420E-2	-2.151489E-1	2.875366E+0	6.844482E+0
14.5625	-6.744385E-2	-2.148437E-1	2.874756E+0	6.865540E+0
14.5625	-6.958008E-2	-2.200317E-1	2.874451E+0	6.884460E+0
14.5781	-7.385254E-2	-2.224731E-1	2.874756E+0	6.903687E+0
14.5937	-6.774902E-2	-2.194214E-1	2.874146E+0	6.924744E+0
14.5937	-7.659912E-2	-2.209473E-1	2.874146E+0	6.943665E+0
14.6093	-6.958008E-2	-2.178955E-1	2.873535E+0	6.962585E+0
14.625	-7.385254E-2	-2.218628E-1	2.873230E+0	6.984253E+0
14.625	-7.446289E-2	-2.197266E-1	2.872314E+0	7.003784E+0
14.6406	-7.781982E-2	-2.200317E-1	2.872620E+0	7.021790E+0
14.6406	-7.141113E-2	-2.178955E-1	2.871704E+0	7.044373E+0
14.6562	-7.751465E-2	-2.227783E-1	2.871094E+0	7.062073E+0
14.6718	-6.805420E-2	-2.209473E-1	2.871399E+0	7.081909E+0
14.6718	-6.988525E-2	-2.200317E-1	2.871094E+0	7.102966E+0
14.6875	-6.896973E-2	-2.178955E-1	2.870178E+0	7.122803E+0
14.6875	-7.781982E-2	-2.172852E-1	2.870178E+0	7.139282E+0
14.7031	-7.446289E-2	-2.206421E-1	2.870483E+0	7.162476E+0
14.7187	-7.324219E-2	-2.206421E-1	2.869568E+0	7.181396E+0
14.7187	-7.812500E-2	-2.258301E-1	2.869568E+0	7.199707E+0
14.7343	-7.141113E-2	-2.203369E-1	2.868958E+0	7.221985E+0
14.75	-7.324219E-2	-2.206421E-1	2.867737E+0	7.240295E+0
14.75	-7.141113E-2	-2.200317E-1	2.868347E+0	7.259827E+0
14.7656	-6.469727E-2	-2.148437E-1	2.868042E+0	7.280884E+0
14.7812	-7.049561E-2	-2.212524E-1	2.867126E+0	7.300110E+0
14.7812	-7.415771E-2	-2.246094E-1	2.867126E+0	7.319946E+0
14.7968	-7.293701E-2	-2.285767E-1	2.867126E+0	7.340698E+0
14.8125	-6.896973E-2	-2.157593E-1	2.866516E+0	7.359924E+0
14.8125	-7.263184E-2	-2.221680E-1	2.866211E+0	7.377930E+0
14.8281	-6.805420E-2	-2.191162E-1	2.866516E+0	7.400208E+0
14.8437	-6.652832E-2	-2.200317E-1	2.865601E+0	7.418518E+0
14.8437	-7.263184E-2	-2.145386E-1	2.865601E+0	7.437744E+0
14.8593	-7.232666E-2	-2.206421E-1	2.864380E+0	7.459106E+0
14.875	-7.354736E-2	-2.203369E-1	2.864380E+0	7.478638E+0
14.875	-7.263184E-2	-2.197266E-1	2.864075E+0	7.496948E+0
14.8906	-7.904053E-2	-2.215576E-1	2.864075E+0	7.518616E+0
14.8906	-7.293701E-2	-2.206421E-1	2.863464E+0	7.537537E+0
14.9062	-7.293701E-2	-2.185059E-1	2.863159E+0	7.556458E+0
14.9218	-7.476807E-2	-2.203369E-1	2.862549E+0	7.578125E+0
14.9218	-6.713867E-2	-2.212524E-1	2.862854E+0	7.597351E+0
14.9375	-6.713867E-2	-2.191162E-1	2.862244E+0	7.615051E+0
14.9531	-7.476807E-2	-2.182007E-1	2.861023E+0	7.637329E+0
14.9531	-7.476807E-2	-2.185059E-1	2.861023E+0	7.655945E+0
14.9687	-6.713867E-2	-2.172852E-1	2.861023E+0	7.675781E+0
14.9843	-7.720947E-2	-2.206421E-1	2.860413E+0	7.696228E+0
14.9843	-7.293701E-2	-2.169800E-1	2.860413E+0	7.715149E+0
15.0	-7.049561E-2	-2.185059E-1	2.860413E+0	7.734375E+0
15.0	-7.507324E-2	-2.218628E-1	2.859802E+0	7.755432E+0
15.0156	-7.476807E-2	-2.282715E-1	2.859802E+0	7.775879E+0
15.0312	-7.476807E-2	-2.221680E-1	2.859497E+0	7.792053E+0
15.0312	-6.744385E-2	-2.200317E-1	2.857971E+0	7.814331E+0
15.0468	-6.927490E-2	-2.188110E-1	2.858276E+0	7.835388E+0
15.0625	-7.385254E-2	-2.157593E-1	2.857666E+0	7.854004E+0
15.0625	-7.843018E-2	-2.160645E-1	2.857666E+0	7.872314E+0
15.0781	-7.110596E-2	-2.246094E-1	2.857971E+0	7.894287E+0
15.0937	-7.415771E-2	-2.255249E-1	2.856750E+0	7.913513E+0
15.0937	-6.958008E-2	-2.197266E-1	2.855835E+0	7.932129E+0
15.1093	-7.690430E-2	-2.206421E-1	2.856140E+0	7.953491E+0
15.125	-6.683350E-2	-2.133179E-1	2.820740E+0	7.972412E+0
15.125	-6.286621E-2	-2.072144E-1	2.743835E+0	7.973328E+0
15.1406	-5.798340E-2	-1.934814E-1	2.611694E+0	7.973633E+0
15.1406	-5.706787E-2	-1.800537E-1	2.496643E+0	7.972412E+0
15.1562	-5.706787E-2	-1.782227E-1	2.434692E+0	7.973022E+0
15.1718	-5.065918E-2	-1.675415E-1	2.300110E+0	7.972717E+0
15.1718	-4.913330E-2	-1.513672E-1	2.188416E+0	7.972412E+0
15.1875	-5.584717E-2	-1.422119E-1	2.130127E+0	7.972412E+0
15.2031	-4.882812E-2	-1.348877E-1	2.002258E+0	7.971802E+0
15.2031	-4.058838E-2	-1.235962E-1	1.903076E+0	7.972107E+0
15.2187	-3.814697E-2	-1.177979E-1	1.824646E+0	7.972107E+0
15.2343	-4.089355E-2	-1.150513E-1	1.707458E+0	7.972107E+0
15.2343	-2.502441E-2	-9.979248E-2	1.576538E+0	7.972107E+0
15.25	-2.319336E-2	-9.124756E-2	1.519165E+0	7.971802E+0
15.25	-2.105713E-2	-8.636475E-2	1.401062E+0	7.972412E+0
15.2656	-2.563477E-2	-8.575439E-2	1.325378E+0	7.972107E+0
15.2812	-2.441406E-2	-7.232666E-2	1.224670E+0	7.972412E+0
15.2812	-1.647949E-2	-6.652832E-2	1.111450E+0	7.971497E+0
15.2968	-1.983643E-2	-5.462646E-2	9.713745E-1	7.971497E+0
15.3125	-1.403809E-2	-5.310059E-2	9.085083E-1	7.971191E+0
15.3125	-1.586914E-2	-4.211426E-2	7.800293E-1	7.971802E+0
15.3281	-8.544922E-3	-3.265381E-2	6.814575E-1	7.971802E+0
15.3281	-3.356934E-3	-3.692627E-2	6.045532E-1	7.971191E+0
15.3437	-9.765625E-3	-2.838135E-2	4.809570E-1	7.972107E+0
15.3593	-6.103516E-3	-1.861572E-2	3.659058E-1	7.971497E+0
15.3593	1.220703E-3	-1.525879E-2	3.012085E-1	7.971191E+0
15.375	5.493164E-3	-7.019043E-3	1.834106E-1	7.972107E+0
15.3906	7.629395E-3	-6.103516E-4	7.415771E-2	7.972412E+0
15.3906	3.967285E-3	2.441406E-3	1.251221E-2	7.971802E+0
15.4062	5.798340E-3	4.272461E-3	4.577637E-3	7.877197E+0
15.4218	5.493164E-3	7.324219E-3	6.103516E-3	7.779846E+0
15.4218	8.850098E-3	9.155273E-4	6.713867E-3	7.680359E+0
15.4375	1.159668E-2	0.000000E+0	7.629395E-3	7.574768E+0
15.4531	1.098633E-2	6.103516E-4	7.934570E-3	7.476807E+0
15.4531	6.408691E-3	-1.525879E-3	8.544922E-3	7.379456E+0
15.4687	7.934570E-3	0.000000E+0	8.239746E-3	7.272339E+0
15.4843	3.662109E-3	9.155273E-4	8.850098E-3	7.174377E+0
15.4843	7.934570E-3	4.882812E-3	8.544922E-3	7.079163E+0
15.5	4.577637E-3	4.272461E-3	8.544922E-3	6.968994E+0
15.5156	7.324219E-3	-2.441406E-3	9.155273E-3	6.870117E+0
15.5156	8.239746E-3	1.037598E-2	9.155273E-3	6.778259E+0
15.5312	1.831055E-3	3.051758E-3	9.155273E-3	6.669617E+0
15.5312	7.324219E-3	1.831055E-3	8.544922E-3	6.568909E+0
15.5468	5.493164E-3	4.272461E-3	8.850098E-3	6.470032E+0
15.5625	6.713867E-3	3.967285E-3	9.155273E-3	6.366577E+0
15.5625	9.155273E-3	6.408691E-3	8.544922E-3	6.269226E+0
15.5781	3.356934E-3	7.019043E-3	8.544922E-3	6.168518E+0
15.5937	1.068115E-2	7.019043E-3	8.850098E-3	6.064148E+0
15.5937	6.103516E-3	-6.103516E-4	8.850098E-3	5.964966E+0
15.6093	5.187988E-3	3.967285E-3	8.850098E-3	5.869446E+0
15.625	3.051758E-4	3.051758E-3	9.155273E-3	5.760803E+0
15.625	4.882812E-3	4.272461E-3	8.850098E-3	5.662537E+0
15.6406	3.051758E-3	-2.136230E-3	8.544922E-3	5.566101E+0
15.6406	7.934570E-3	2.746582E-3	8.850098E-3	5.460205E+0
15.6562	4.882812E-3	3.356934E-3	9.460449E-3	5.359497E+0
15.6718	2.746582E-3	8.239746E-3	8.544922E-3	5.260010E+0
15.6718	4.577637E-3	-2.136230E-3	8.850098E-3	5.155945E+0
15.6875	3.967285E-3	3.967285E-3	9.155273E-3	5.057678E+0
15.6875	3.967285E-3	6.103516E-4	8.850098E-3	4.960632E+0
15.7031	6.103516E-3	5.493164E-3	9.155273E-3	4.854431E+0
15.7187	7.934570E-3	4.882812E-3	8.850098E-3	4.754639E+0
15.7187	7.934570E-3	6.103516E-4	9.155273E-3	4.658508E+0
15.7343	9.460449E-3	6.103516E-4	8.850098E-3	4.551086E+0
15.75	4.882812E-3	0.000000E+0	9.460449E-3	4.451904E+0
15.75	7.324219E-3	-1.220703E-3	8.239746E-3	4.352112E+0
15.7656	1.495361E-2	3.662109E-3	1.007080E-2	4.249268E+0
15.7812	3.051758E-3	1.068115E-2	9.155273E-3	4.154663E+0
15.7812	7.629395E-3	4.882812E-3	8.544922E-3	4.046936E+0
15.7968	1.068115E-2	1.831055E-3	9.155273E-3	3.945618E+0
15.8125	1.831055E-3	4.882812E-3	9.155273E-3	3.845825E+0
15.8125	9.460449E-3	-3.051758E-4	8.544922E-3	3.747864E+0
15.8281	8.544922E-3	9.155273E-4	9.155273E-3	3.641663E+0
15.8437	2.746582E-3	5.187988E-3	8.850098E-3	3.543091E+0
15.8437	1.190186E-2	4.577637E-3	8.239746E-3	3.445740E+0
15.8593	6.408691E-3	4.272461E-3	8.850098E-3	3.337708E+0
15.875	1.708984E-2	3.051758E-4	1.007080E-2	3.238525E+0
15.875	1.098633E-2	6.103516E-3	8.850098E-3	3.139038E+0
15.8906	7.934570E-3	7.934570E-3	9.460449E-3	3.035583E+0
15.8906	4.577637E-3	4.272461E-3	9.765625E-3	2.934875E+0
15.9062	6.408691E-3	6.103516E-3	1.007080E-2	2.836914E+0
15.9218	6.713867E-3	0.000000E+0	9.765625E-3	2.731628E+0
15.9218	5.798340E-3	2.746582E-3	1.007080E-2	2.632446E+0
15.9375	4.272461E-3	3.051758E-4	9.765625E-3	2.533264E+0
15.9531	8.239746E-3	4.272461E-3	1.007080E-2	2.427979E+0
15.9531	1.190186E-2	9.460449E-3	9.765625E-3	2.328796E+0
15.9687	1.007080E-2	1.220703E-3	9.155273E-3	2.228394E+0
15.9843	3.967285E-3	2.746582E-3	1.007080E-2	2.126160E+0
15.9843	2.746582E-3	3.662109E-3	9.155273E-3	2.025452E+0
16.0	1.007080E-2	9.155273E-3	9.765625E-3	1.923218E+0
16.0	1.068115E-2	7.629395E-3	1.007080E-2	1.821899E+0
16.0156	7.019043E-3	6.408691E-3	1.007080E-2	1.720581E+0
16.0312	7.324219E-3	4.882812E-3	9.460449E-3	1.627808E+0
16.0312	7.934570E-3	4.272461E-3	1.007080E-2	1.517334E+0
16.0468	3.662109E-3	-3.662109E-3	1.007080E-2	1.416931E+0
16.0625	8.850098E-3	8.544922E-3	1.007080E-2	1.316223E+0
16.0625	6.103516E-3	-3.051758E-4	1.037598E-2	1.217957E+0
16.0781	8.544922E-3	1.068115E-2	1.037598E-2	1.112671E+0
16.0937	4.577637E-3	5.798340E-3	1.007080E-2	1.013489E+0
16.0937	4.272461E-3	1.068115E-2	1.159668E-2	9.149170E-1
16.1093	5.187988E-3	1.708984E-2	9.765625E-3	8.081055E-1
16.125	1.068115E-2	5.187988E-3	9.460449E-3	7.095337E-1
16.125	6.713867E-3	1.281738E-2	9.765625E-3	6.085205E-1
16.1406	8.544922E-3	9.765625E-3	1.007080E-2	5.050659E-1
16.1406	9.460449E-3	8.239746E-3	1.007080E-2	4.055786E-1
16.1562	8.544922E-3	9.155273E-3	9.460449E-3	3.076172E-1
16.1718	1.495361E-2	4.272461E-3	1.037598E-2	2.020264E-1
16.1718	3.051758E-3	5.493164E-3	1.007080E-2	1.016235E-1
16.1875	9.155273E-3	1.098633E-2	1.007080E-2	5.187988E-3
16.2031	1.037598E-2	1.007080E-2	1.037598E-2	2.746582E-3
16.2031	5.798340E-3	1.708984E-2	1.068115E-2	5.187988E-3
16.2187	1.831055E-3	7.934570E-3	1.068115E-2	5.798340E-3
16.2343	1.251221E-2	7.934570E-3	1.007080E-2	6.408691E-3
16.2343	5.493164E-3	1.373291E-2	1.007080E-2	6.408691E-3
16.25	8.544922E-3	1.373291E-2	1.037598E-2	6.408691E-3
16.25	1.068115E-2	1.434326E-2	1.068115E-2	6.713867E-3
16.2656	7.019043E-3	1.129150E-2	1.068115E-2	6.713867E-3
16.2812	2.746582E-3	1.434326E-2	1.037598E-2	7.324219E-3
16.2812	1.129150E-2	1.647949E-2	1.037598E-2	6.713867E-3
16.2968	4.882812E-3	1.953125E-2	9.765625E-3	7.019043E-3
16.3125	9.765625E-3	6.103516E-3	1.068115E-2	7.019043E-3
16.3125	7.019043E-3	1.159668E-2	1.068115E-2	6.408691E-3
16.3281	1.037598E-2	8.850098E-3	1.098633E-2	6.713867E-3
16.3281	9.155273E-3	7.324219E-3	9.765625E-3	7.324219E-3
16.3437	6.713867E-3	6.408691E-3	1.037598E-2	7.324219E-3
16.3593	8.239746E-3	1.495361E-2	9.765625E-3	7.324219E-3
16.3593	1.129150E-2	1.464844E-2	1.037598E-2	7.934570E-3
16.375	1.342773E-2	9.155273E-3	1.068115E-2	7.324219E-3
16.3906	7.324219E-3	9.460449E-3	1.037598E-2	7.019043E-3
16.3906	1.190186E-2	7.324219E-3	1.037598E-2	7.324219E-3
16.4062	9.765625E-3	7.019043E-3	1.098633E-2	7.324219E-3
16.4218	1.068115E-2	9.155273E-3	9.765625E-3	7.629395E-3
16.4218	1.464844E-2	7.324219E-3	1.007080E-2	7.629395E-3
16.4375	6.408691E-3	1.129150E-2	1.007080E-2	7.324219E-3
16.4531	4.272461E-3	1.434326E-2	9.765625E-3	7.019043E-3
16.4531	1.525879E-3	1.220703E-2	1.007080E-2	7.629395E-3
16.4687	1.403809E-2	1.159668E-2	1.068115E-2	7.019043E-3
16.4843	1.251221E-2	1.495361E-2	1.037598E-2	7.324219E-3
16.4843	9.155273E-3	7.934570E-3	1.007080E-2	7.324219E-3
16.5	1.159668E-2	7.934570E-3	1.007080E-2	7.324219E-3
16.5156	1.098633E-2	1.098633E-2	1.007080E-2	7.324219E-3
16.5156	5.798340E-3	6.103516E-3	1.037598E-2	7.629395E-3
16.5312	1.159668E-2	1.647949E-2	1.068115E-2	7.934570E-3
16.5312	1.007080E-2	4.882812E-3	1.098633E-2	7.019043E-3
16.5468	1.098633E-2	1.220703E-2	1.068115E-2	7.019043E-3
16.5625	8.544922E-3	1.464844E-2	1.007080E-2	7.934570E-3
16.5625	5.493164E-3	1.312256E-2	1.037598E-2	7.934570E-3
16.5781	1.190186E-2	8.239746E-3	1.007080E-2	7.324219E-3
16.5937	1.495361E-2	1.190186E-2	1.068115E-2	7.629395E-3
16.5937	1.647949E-2	4.577637E-3	1.068115E-2	7.324219E-3
16.6093	8.544922E-3	1.525879E-2	9.765625E-3	6.713867E-3
16.625	7.019043E-3	1.312256E-2	1.007080E-2	7.324219E-3
16.625	9.460449E-3	9.155273E-3	1.068115E-2	7.629395E-3
16.6406	1.098633E-2	1.342773E-2	1.037598E-2	7.934570E-3
16.6406	1.068115E-2	1.037598E-2	1.037598E-2	7.629395E-3
16.6562	1.068115E-2	9.765625E-3	1.007080E-2	7.324219E-3
16.6718	8.544922E-3	1.403809E-2	1.037598E-2	6.713867E-3
16.6718	1.434326E-2	5.493164E-3	9.460449E-3	7.629395E-3
16.6875	6.103516E-3	1.037598E-2	1.068115E-2	7.324219E-3
16.6875	3.356934E-3	7.324219E-3	1.037598E-2	7.324219E-3
16.7031	1.342773E-2	1.159668E-2	1.068115E-2	7.629395E-3
16.7187	1.007080E-2	1.159668E-2	1.037598E-2	7.629395E-3
16.7187	6.713867E-3	2.441406E-3	1.068115E-2	7.934570E-3
16.7343	4.577637E-3	8.544922E-3	1.037598E-2	7.629395E-3
16.75	6.103516E-3	1.068115E-2	9.765625E-3	7.629395E-3
16.75	3.051758E-3	7.934570E-3	1.007080E-2	7.629395E-3
16.7656	9.460449E-3	4.272461E-3	1.037598E-2	7.324219E-3
16.7812	4.882812E-3	1.007080E-2	1.007080E-2	7.934570E-3
16.7812	1.098633E-2	4.272461E-3	1.037598E-2	7.629395E-3
16.7968	1.098633E-2	3.967285E-3	1.037598E-2	7.324219E-3
16.8125	9.460449E-3	2.136230E-3	1.037598E-2	7.019043E-3
16.8125	3.967285E-3	7.934570E-3	1.037598E-2	7.629395E-3
16.8281	1.342773E-2	8.850098E-3	1.037598E-2	7.629395E-3
16.8437	6.103516E-3	2.746582E-3	9.765625E-3	7.629395E-3
16.8437	6.408691E-3	1.373291E-2	1.037598E-2	7.324219E-3
16.8593	8.544922E-3	1.403809E-2	1.037598E-2	7.629395E-3
16.875	2.136230E-3	4.272461E-3	1.068115E-2	7.324219E-3
16.875	9.155273E-4	1.464844E-2	1.037598E-2	7.934570E-3
16.8906	9.155273E-3	7.629395E-3	1.007080E-2	7.629395E-3
16.8906	3.051758E-3	1.037598E-2	1.037598E-2	7.934570E-3
16.9062	4.577637E-3	1.586914E-2	1.007080E-2	7.629395E-3
16.9218	1.098633E-2	1.007080E-2	1.068115E-2	7.934570E-3
16.9218	7.019043E-3	1.098633E-2	1.007080E-2	7.629395E-3
16.9375	1.831055E-3	8.850098E-3	1.007080E-2	7.629395E-3
16.9531	5.798340E-3	3.967285E-3	1.007080E-2	8.239746E-3
16.9531	1.190186E-2	4.882812E-3	1.068115E-2	7.324219E-3
16.9687	1.037598E-2	6.408691E-3	9.765625E-3	6.713867E-3
16.9843	8.239746E-3	8.239746E-3	1.037598E-2	7.019043E-3
16.9843	8.239746E-3	7.629395E-3	9.460449E-3	7.019043E-3
17.0	9.155273E-3	5.187988E-3	1.068115E-2	7.324219E-3
17.0	1.220703E-2	7.324219E-3	1.068115E-2	7.629395E-3
17.0156	9.765625E-3	6.713867E-3	1.037598E-2	7.629395E-3
17.0312	6.408691E-3	7.629395E-3	1.098633E-2	8.239746E-3
17.0312	1.007080E-2	2.136230E-3	1.007080E-2	7.324219E-3
17.0468	1.342773E-2	7.324219E-3	1.007080E-2	8.239746E-3
17.0625	1.525879E-3	4.882812E-3	1.068115E-2	7.324219E-3
17.0625	9.765625E-3	1.159668E-2	1.007080E-2	7.629395E-3
17.0781	7.324219E-3	1.281738E-2	1.007080E-2	7.324219E-3
17.0781	7.019043E-3	3.356934E-3	1.007080E-2	7.324219E-3
17.0937	0.000000E+0	1.007080E-2	9.765625E-3	7.324219E-3
17.1093	6.713867E-3	3.356934E-3	1.007080E-2	7.934570E-3
17.1093	7.324219E-3	1.342773E-2	1.007080E-2	7.324219E-3
17.125	1.831055E-3	5.493164E-3	1.007080E-2	7.629395E-3
17.1406	1.129150E-2	9.155273E-3	1.068115E-2	7.019043E-3
17.1406	7.324219E-3	1.007080E-2	1.007080E-2	7.934570E-3
17.1562	5.187988E-3	9.765625E-3	1.037598E-2	7.324219E-3
17.1718	3.051758E-4	1.190186E-2	1.037598E-2	7.324219E-3
17.1718	7.629395E-3	6.103516E-3	1.037598E-2	7.629395E-3
17.1875	7.019043E-3	9.155273E-3	1.037598E-2	7.934570E-3
17.2031	7.019043E-3	4.882812E-3	1.068115E-2	7.019043E-3
