March 02, 2010 12:52
529b02
H:\033-20100302-sws17-ls\traj\LS_p33_d80_vp20_vd20.traj
lateral amplification = 100
normal amp = 100
pitch angle = -3
roll angle = 280
cantilever = 529b02
<data>
time	voltageForceLateral	voltageForceNormal	voltagePositionX	voltagePositionY
35.0313	1.983643E-2	2.227783E-2	1.007080E-2	7.629395E-3
35.0469	1.861572E-2	2.044678E-2	1.037598E-2	7.629395E-3
35.0469	1.647949E-2	1.586914E-2	1.037598E-2	7.324219E-3
35.0625	2.166748E-2	1.434326E-2	1.037598E-2	8.239746E-3
35.0782	2.044678E-2	1.861572E-2	1.007080E-2	7.629395E-3
35.0782	1.678467E-2	2.349854E-2	1.068115E-2	7.934570E-3
35.0938	1.098633E-2	1.739502E-2	9.765625E-3	7.629395E-3
35.1094	1.647949E-2	1.922607E-2	1.068115E-2	7.934570E-3
35.1094	2.105713E-2	7.324219E-3	1.037598E-2	7.324219E-3
35.125	1.373291E-2	1.617432E-2	1.098633E-2	7.629395E-3
35.1407	1.434326E-2	2.349854E-2	1.068115E-2	8.239746E-3
35.1407	1.617432E-2	2.105713E-2	1.007080E-2	8.239746E-3
35.1563	1.495361E-2	2.105713E-2	1.007080E-2	7.629395E-3
35.1719	2.197266E-2	2.014160E-2	1.007080E-2	7.629395E-3
35.1719	1.800537E-2	1.770020E-2	1.007080E-2	7.934570E-3
35.1875	1.770020E-2	2.105713E-2	1.037598E-2	7.934570E-3
35.1875	2.380371E-2	2.136230E-2	1.068115E-2	7.629395E-3
35.2032	2.136230E-2	1.983643E-2	1.068115E-2	7.629395E-3
35.2188	1.586914E-2	2.624512E-2	1.068115E-2	7.324219E-3
35.2188	9.765625E-3	2.593994E-2	1.068115E-2	7.934570E-3
35.2344	2.105713E-2	2.166748E-2	1.037598E-2	7.629395E-3
35.25	2.258301E-2	1.770020E-2	1.098633E-2	7.934570E-3
35.25	1.983643E-2	1.678467E-2	1.007080E-2	7.934570E-3
35.2657	1.495361E-2	1.953125E-2	1.098633E-2	7.934570E-3
35.2813	2.105713E-2	2.136230E-2	1.037598E-2	7.934570E-3
35.2813	1.434326E-2	1.983643E-2	1.037598E-2	7.934570E-3
35.2969	1.922607E-2	2.258301E-2	1.007080E-2	7.629395E-3
35.3125	9.765625E-3	2.136230E-2	9.765625E-3	7.629395E-3
35.3125	2.105713E-2	2.380371E-2	1.098633E-2	7.934570E-3
35.3282	1.312256E-2	2.288818E-2	1.068115E-2	7.629395E-3
35.3282	1.831055E-2	2.349854E-2	1.098633E-2	7.324219E-3
35.3438	1.159668E-2	1.403809E-2	1.007080E-2	7.324219E-3
35.3594	1.281738E-2	2.075195E-2	1.007080E-2	7.629395E-3
35.3594	1.983643E-2	2.075195E-2	1.037598E-2	7.629395E-3
35.375	1.708984E-2	1.525879E-2	1.068115E-2	7.324219E-3
35.375	1.831055E-2	2.197266E-2	1.037598E-2	7.934570E-3
35.3907	1.159668E-2	2.288818E-2	1.037598E-2	7.629395E-3
35.4063	2.655029E-2	2.288818E-2	9.765625E-3	7.629395E-3
35.4063	2.075195E-2	1.892090E-2	1.037598E-2	8.239746E-3
35.4219	1.647949E-2	1.708984E-2	1.068115E-2	7.324219E-3
35.4375	1.861572E-2	1.831055E-2	1.007080E-2	8.239746E-3
35.4375	1.831055E-2	1.739502E-2	1.007080E-2	8.239746E-3
35.4532	1.617432E-2	1.586914E-2	1.007080E-2	7.324219E-3
35.4688	1.617432E-2	2.258301E-2	9.765625E-3	8.239746E-3
35.4688	2.136230E-2	2.593994E-2	9.765625E-3	7.629395E-3
35.4844	2.227783E-2	1.953125E-2	1.037598E-2	7.019043E-3
35.5	1.647949E-2	1.922607E-2	1.007080E-2	7.324219E-3
35.5	2.410889E-2	1.617432E-2	1.037598E-2	7.629395E-3
35.5157	1.953125E-2	1.312256E-2	1.037598E-2	7.629395E-3
35.5313	1.953125E-2	2.014160E-2	1.037598E-2	7.629395E-3
35.5313	1.129150E-2	1.831055E-2	1.037598E-2	7.629395E-3
35.5469	2.075195E-2	1.556396E-2	1.037598E-2	7.324219E-3
35.5469	1.403809E-2	2.197266E-2	1.037598E-2	7.324219E-3
35.5625	1.281738E-2	1.342773E-2	1.037598E-2	7.934570E-3
35.5782	1.403809E-2	2.136230E-2	1.068115E-2	7.629395E-3
35.5782	1.403809E-2	2.075195E-2	1.068115E-2	7.629395E-3
35.5938	1.708984E-2	2.593994E-2	1.037598E-2	8.544922E-3
35.6094	2.044678E-2	1.739502E-2	1.037598E-2	7.629395E-3
35.6094	2.075195E-2	2.014160E-2	1.037598E-2	7.629395E-3
35.625	1.831055E-2	2.441406E-2	1.007080E-2	8.239746E-3
35.6407	1.403809E-2	2.471924E-2	1.037598E-2	7.934570E-3
35.6407	1.922607E-2	2.319336E-2	1.098633E-2	7.934570E-3
35.6563	2.380371E-2	2.563477E-2	1.068115E-2	7.934570E-3
35.6719	2.044678E-2	1.678467E-2	1.037598E-2	7.324219E-3
35.6719	1.556396E-2	2.044678E-2	1.037598E-2	7.324219E-3
35.6875	2.075195E-2	2.563477E-2	1.068115E-2	7.934570E-3
35.6875	2.044678E-2	1.922607E-2	1.098633E-2	7.934570E-3
35.7032	1.464844E-2	2.593994E-2	1.007080E-2	7.629395E-3
35.7188	1.556396E-2	2.655029E-2	1.007080E-2	8.239746E-3
35.7188	2.105713E-2	2.655029E-2	1.037598E-2	7.324219E-3
35.7344	2.532959E-2	2.441406E-2	1.068115E-2	7.934570E-3
35.7344	1.342773E-2	2.105713E-2	1.007080E-2	8.239746E-3
35.75	1.342773E-2	2.197266E-2	1.068115E-2	7.629395E-3
35.7657	1.892090E-2	2.655029E-2	1.037598E-2	7.934570E-3
35.7657	1.495361E-2	2.075195E-2	1.037598E-2	8.239746E-3
35.7813	1.983643E-2	1.861572E-2	1.007080E-2	7.629395E-3
35.7969	2.410889E-2	1.678467E-2	9.765625E-3	7.629395E-3
35.7969	1.739502E-2	1.800537E-2	1.007080E-2	7.324219E-3
35.8125	2.105713E-2	2.136230E-2	1.007080E-2	7.934570E-3
35.8282	1.525879E-2	1.922607E-2	1.007080E-2	7.629395E-3
35.8282	1.831055E-2	1.892090E-2	1.007080E-2	7.324219E-3
35.8438	1.647949E-2	1.617432E-2	1.068115E-2	7.019043E-3
35.8594	2.258301E-2	2.288818E-2	1.037598E-2	7.629395E-3
35.8594	2.075195E-2	2.014160E-2	1.068115E-2	7.629395E-3
35.875	2.868652E-2	2.258301E-2	1.037598E-2	8.239746E-3
35.8907	1.708984E-2	2.593994E-2	1.068115E-2	7.934570E-3
35.8907	1.861572E-2	2.288818E-2	1.068115E-2	7.934570E-3
35.9063	1.983643E-2	2.197266E-2	1.068115E-2	7.629395E-3
35.9219	2.227783E-2	2.197266E-2	1.007080E-2	7.324219E-3
35.9219	2.166748E-2	2.288818E-2	1.007080E-2	7.934570E-3
35.9375	1.983643E-2	2.166748E-2	1.007080E-2	7.934570E-3
35.9375	1.098633E-2	1.861572E-2	1.068115E-2	7.324219E-3
35.9532	1.892090E-2	1.861572E-2	1.007080E-2	7.934570E-3
35.9688	1.831055E-2	1.678467E-2	1.037598E-2	7.629395E-3
35.9688	1.861572E-2	2.319336E-2	1.037598E-2	7.629395E-3
35.9844	1.892090E-2	2.380371E-2	1.007080E-2	7.934570E-3
36.0	1.586914E-2	1.800537E-2	1.037598E-2	8.239746E-3
36.0	2.197266E-2	2.532959E-2	1.800537E-2	7.934570E-3
36.0157	1.647949E-2	1.708984E-2	3.051758E-2	7.629395E-3
36.0313	1.617432E-2	2.014160E-2	5.401611E-2	7.629395E-3
36.0313	1.556396E-2	1.922607E-2	7.873535E-2	7.324219E-3
36.0469	2.014160E-2	2.166748E-2	9.185791E-2	7.629395E-3
36.0625	2.136230E-2	1.647949E-2	1.165771E-1	7.934570E-3
36.0625	1.983643E-2	1.525879E-2	1.385498E-1	8.239746E-3
36.0782	1.068115E-2	1.434326E-2	1.519775E-1	7.629395E-3
36.0782	1.281738E-2	8.850098E-3	1.754761E-1	7.629395E-3
36.0938	1.403809E-2	6.103516E-3	1.959229E-1	7.629395E-3
36.1094	1.922607E-2	2.136230E-3	2.111816E-1	7.934570E-3
36.1094	1.159668E-2	1.037598E-2	2.340698E-1	7.934570E-3
36.125	2.075195E-2	0.000000E+0	2.581787E-1	7.934570E-3
36.125	1.800537E-2	1.068115E-2	2.719116E-1	7.629395E-3
36.1407	1.708984E-2	2.441406E-3	2.966309E-1	7.629395E-3
36.1563	1.892090E-2	6.103516E-4	3.186035E-1	7.934570E-3
36.1563	2.105713E-2	7.019043E-3	3.311157E-1	7.324219E-3
36.1719	1.403809E-2	-2.441406E-3	3.558350E-1	7.629395E-3
36.1875	8.544922E-3	6.103516E-4	3.701782E-1	7.629395E-3
36.1875	1.403809E-2	3.051758E-4	3.894043E-1	7.324219E-3
36.2032	6.713867E-3	-3.051758E-3	4.110718E-1	7.324219E-3
36.2188	9.155273E-4	-1.342773E-2	4.382324E-1	7.629395E-3
36.2188	1.312256E-2	-7.019043E-3	4.507446E-1	8.239746E-3
36.2344	1.190186E-2	-7.934570E-3	4.736328E-1	7.629395E-3
36.25	1.037598E-2	-1.190186E-2	4.974365E-1	7.324219E-3
36.25	5.493164E-3	-7.019043E-3	5.111694E-1	7.629395E-3
36.2657	1.159668E-2	-9.765625E-3	5.355835E-1	7.324219E-3
36.2813	1.037598E-2	-1.098633E-2	5.569458E-1	7.324219E-3
36.2813	1.220703E-2	-1.312256E-2	5.691528E-1	7.629395E-3
36.2969	7.934570E-3	-2.105713E-2	5.892944E-1	7.934570E-3
36.2969	1.098633E-2	-1.647949E-2	6.094360E-1	7.934570E-3
36.3125	5.493164E-3	-1.281738E-2	6.311035E-1	7.324219E-3
36.3282	6.103516E-3	-1.922607E-2	6.597900E-1	7.324219E-3
36.3282	1.159668E-2	-2.014160E-2	6.701660E-1	7.629395E-3
36.3438	3.967285E-3	-1.800537E-2	6.951904E-1	7.324219E-3
36.3594	3.662109E-3	-2.014160E-2	7.135010E-1	7.934570E-3
36.3594	2.441406E-3	-1.953125E-2	7.293701E-1	7.629395E-3
36.375	9.765625E-3	-1.739502E-2	7.519531E-1	7.934570E-3
36.3907	6.713867E-3	-2.532959E-2	7.733154E-1	8.239746E-3
36.3907	0.000000E+0	-2.044678E-2	7.894897E-1	7.934570E-3
36.4063	7.629395E-3	-3.295898E-2	8.117676E-1	7.934570E-3
36.4219	2.746582E-3	-2.532959E-2	8.343506E-1	7.934570E-3
36.4219	-9.155273E-4	-3.326416E-2	8.489990E-1	7.934570E-3
36.4375	2.136230E-3	-3.173828E-2	8.740234E-1	7.629395E-3
36.4375	3.051758E-4	-3.051758E-2	8.969116E-1	7.934570E-3
36.4532	-2.746582E-3	-3.601074E-2	9.091187E-1	8.239746E-3
36.4688	-3.051758E-3	-3.417969E-2	9.341431E-1	7.629395E-3
36.4688	2.746582E-3	-3.448486E-2	9.530640E-1	7.629395E-3
36.4844	3.051758E-4	-3.631592E-2	9.692383E-1	7.324219E-3
36.5	0.000000E+0	-3.753662E-2	9.930420E-1	7.934570E-3
36.5	-6.103516E-4	-4.302979E-2	1.015320E+0	7.934570E-3
36.5157	-1.037598E-2	-4.364014E-2	1.029053E+0	7.934570E-3
36.5313	-4.577637E-3	-4.241943E-2	1.051025E+0	7.324219E-3
36.5313	-3.051758E-3	-4.791260E-2	1.075439E+0	7.934570E-3
36.5469	-2.746582E-3	-4.608154E-2	1.088562E+0	7.934570E-3
36.5625	-9.460449E-3	-5.187988E-2	1.112976E+0	7.324219E-3
36.5625	-7.324219E-3	-4.608154E-2	1.135864E+0	7.324219E-3
36.5782	-5.798340E-3	-4.974365E-2	1.147766E+0	8.239746E-3
36.5782	-1.190186E-2	-5.584717E-2	1.172180E+0	7.019043E-3
36.5938	-1.098633E-2	-5.615234E-2	1.192322E+0	7.629395E-3
36.6094	-5.187988E-3	-6.134033E-2	1.207581E+0	7.324219E-3
36.6094	-5.798340E-3	-6.072998E-2	1.232300E+0	8.239746E-3
36.625	-2.746582E-3	-6.072998E-2	1.254883E+0	7.019043E-3
36.625	-4.882812E-3	-5.889893E-2	1.267395E+0	7.934570E-3
36.6407	-7.019043E-3	-5.645752E-2	1.293030E+0	7.629395E-3
36.6563	-1.373291E-2	-6.011963E-2	1.314392E+0	8.239746E-3
36.6563	-1.312256E-2	-6.561279E-2	1.327209E+0	7.934570E-3
36.6719	-9.765625E-3	-6.835937E-2	1.351624E+0	7.629395E-3
36.6875	-1.129150E-2	-6.713867E-2	1.372070E+0	7.019043E-3
36.6875	-1.281738E-2	-7.049561E-2	1.391602E+0	7.324219E-3
36.7032	-1.190186E-2	-6.652832E-2	1.405945E+0	7.324219E-3
36.7188	-1.098633E-2	-7.171631E-2	1.431580E+0	7.629395E-3
36.7188	-1.434326E-2	-6.927490E-2	1.450500E+0	7.324219E-3
36.7344	-1.342773E-2	-6.927490E-2	1.466370E+0	8.239746E-3
36.75	-1.525879E-2	-7.965088E-2	1.491394E+0	7.324219E-3
36.75	-1.403809E-2	-7.049561E-2	1.513062E+0	7.629395E-3
36.7657	-1.617432E-2	-7.995605E-2	1.526489E+0	7.934570E-3
36.7813	-1.678467E-2	-8.026123E-2	1.549377E+0	7.324219E-3
36.7813	-1.403809E-2	-8.392334E-2	1.573486E+0	8.239746E-3
36.7969	-1.556396E-2	-8.117676E-2	1.585999E+0	7.019043E-3
36.8125	-2.136230E-2	-8.697510E-2	1.611023E+0	7.629395E-3
36.8125	-1.495361E-2	-8.300781E-2	1.632996E+0	7.629395E-3
36.8282	-1.495361E-2	-9.063721E-2	1.646423E+0	7.934570E-3
36.8282	-1.892090E-2	-9.552002E-2	1.670227E+0	7.324219E-3
36.8438	-1.556396E-2	-9.857178E-2	1.689453E+0	7.934570E-3
36.8594	-2.319336E-2	-9.674072E-2	1.705017E+0	7.324219E-3
36.8594	-2.136230E-2	-9.613037E-2	1.727600E+0	8.239746E-3
36.875	-2.166748E-2	-9.735107E-2	1.752625E+0	7.629395E-3
36.875	-1.586914E-2	-8.972168E-2	1.765747E+0	7.324219E-3
36.8907	-2.288818E-2	-9.704590E-2	1.790161E+0	7.629395E-3
36.9063	-2.502441E-2	-1.025391E-1	1.812439E+0	7.629395E-3
36.9063	-1.892090E-2	-9.857178E-2	1.824646E+0	7.629395E-3
36.9219	-2.197266E-2	-1.055908E-1	1.849060E+0	7.324219E-3
36.9375	-2.227783E-2	-1.022339E-1	1.869812E+0	7.629395E-3
36.9375	-2.532959E-2	-1.104736E-1	1.890869E+0	7.324219E-3
36.9532	-2.441406E-2	-1.055908E-1	1.904297E+0	7.934570E-3
36.9688	-2.532959E-2	-1.150513E-1	1.929626E+0	7.324219E-3
36.9688	-2.075195E-2	-1.119995E-1	1.948242E+0	7.629395E-3
36.9844	-2.593994E-2	-1.184082E-1	1.964722E+0	7.324219E-3
37.0	-2.716064E-2	-1.184082E-1	1.989136E+0	7.934570E-3
37.0	-3.662109E-2	-1.208496E-1	2.011719E+0	7.934570E-3
37.0157	-3.479004E-2	-1.232910E-1	2.023926E+0	7.629395E-3
37.0313	-2.471924E-2	-1.205444E-1	2.047119E+0	7.629395E-3
37.0313	-3.692627E-2	-1.284790E-1	2.071228E+0	7.324219E-3
37.0469	-2.624512E-2	-1.232910E-1	2.083740E+0	7.019043E-3
37.0625	-3.601074E-2	-1.309204E-1	2.108459E+0	8.239746E-3
37.0625	-3.448486E-2	-1.306152E-1	2.131348E+0	7.629395E-3
37.0782	-3.234863E-2	-1.416016E-1	2.142944E+0	7.934570E-3
37.0782	-2.929687E-2	-1.364136E-1	2.168274E+0	7.324219E-3
37.0938	-4.364014E-2	-1.373291E-1	2.187500E+0	7.629395E-3
37.1094	-4.089355E-2	-1.443481E-1	2.202759E+0	7.324219E-3
37.1094	-3.479004E-2	-1.425171E-1	2.227478E+0	7.934570E-3
37.125	-4.150391E-2	-1.480103E-1	2.250671E+0	7.629395E-3
37.125	-3.967285E-2	-1.492310E-1	2.262878E+0	7.019043E-3
37.1407	-4.241943E-2	-1.461792E-1	2.288208E+0	8.239746E-3
37.1563	-3.662109E-2	-1.559448E-1	2.309875E+0	7.629395E-3
37.1563	-3.479004E-2	-1.525879E-1	2.321777E+0	7.629395E-3
37.1719	-4.028320E-2	-1.599121E-1	2.347717E+0	7.934570E-3
37.1875	-3.814697E-2	-1.596069E-1	2.360229E+0	7.324219E-3
37.1875	-3.814697E-2	-1.647949E-1	2.379456E+0	7.934570E-3
37.2032	-4.516602E-2	-1.608276E-1	2.402344E+0	7.324219E-3
37.2188	-4.547119E-2	-1.672363E-1	2.428589E+0	7.934570E-3
37.2188	-4.913330E-2	-1.678467E-1	2.441711E+0	7.324219E-3
37.2344	-4.699707E-2	-1.785278E-1	2.464600E+0	7.324219E-3
37.25	-4.638672E-2	-1.821899E-1	2.488403E+0	7.629395E-3
37.25	-4.333496E-2	-1.791382E-1	2.501526E+0	7.934570E-3
37.2657	-4.943848E-2	-1.849365E-1	2.527161E+0	8.239746E-3
37.2813	-5.249023E-2	-1.898193E-1	2.548523E+0	7.324219E-3
37.2813	-4.943848E-2	-1.937866E-1	2.561340E+0	7.324219E-3
37.2969	-6.347656E-2	-2.374268E-1	2.586060E+0	7.629395E-3
37.2969	-4.943848E-2	-1.858521E-1	2.605286E+0	7.629395E-3
37.3125	-6.042480E-2	-1.568604E-1	2.620544E+0	7.934570E-3
37.3282	-5.035400E-2	-1.065063E-1	2.645569E+0	7.629395E-3
37.3282	-4.272461E-2	-2.563477E-2	2.668762E+0	7.629395E-3
37.3438	-3.479004E-2	2.288818E-2	2.680969E+0	7.324219E-3
37.3594	-3.723145E-2	9.033203E-2	2.705688E+0	7.629395E-3
37.3594	-2.166748E-2	1.803589E-1	2.728271E+0	7.934570E-3
37.375	-2.349854E-2	2.102661E-1	2.740479E+0	7.934570E-3
37.3907	-1.647949E-2	2.856445E-1	2.762756E+0	7.934570E-3
37.3907	-1.770020E-2	3.701782E-1	2.787781E+0	7.934570E-3
37.4063	-8.850098E-3	4.043579E-1	2.800903E+0	7.324219E-3
37.4219	-1.098633E-2	4.830933E-1	2.825928E+0	7.629395E-3
37.4219	-8.239746E-3	5.340576E-1	2.842407E+0	7.934570E-3
37.4375	6.103516E-4	6.109619E-1	2.860718E+0	7.629395E-3
37.4375	2.746582E-3	6.784058E-1	2.880859E+0	7.629395E-3
37.4532	1.770020E-2	7.617187E-1	2.907104E+0	7.934570E-3
37.4688	2.044678E-2	8.001709E-1	2.920227E+0	8.239746E-3
37.4688	1.708984E-2	8.847046E-1	2.945557E+0	7.324219E-3
37.4844	2.471924E-2	9.591675E-1	2.967529E+0	7.934570E-3
37.4844	3.204346E-2	9.890747E-1	2.979431E+0	7.934570E-3
37.5	3.082275E-2	1.082764E+0	3.004150E+0	7.324219E-3
37.5157	2.716064E-2	1.147461E+0	3.023376E+0	7.324219E-3
37.5157	3.479004E-2	1.195374E+0	3.039856E+0	7.324219E-3
37.5313	4.119873E-2	1.278381E+0	3.063049E+0	8.544922E-3
37.5469	5.004883E-2	1.351013E+0	3.087158E+0	7.324219E-3
37.5469	4.730225E-2	1.407471E+0	3.100586E+0	8.239746E-3
37.5625	5.950928E-2	1.481628E+0	3.122559E+0	7.324219E-3
37.5782	5.950928E-2	1.563110E+0	3.146973E+0	7.629395E-3
37.5782	6.988525E-2	1.598816E+0	3.159790E+0	7.934570E-3
37.5938	6.896973E-2	1.674194E+0	3.182678E+0	7.629395E-3
37.6094	7.843018E-2	1.768799E+0	3.206482E+0	7.934570E-3
37.6094	9.185791E-2	1.805725E+0	3.219910E+0	8.239746E-3
37.625	8.209229E-2	1.876831E+0	3.244019E+0	7.629395E-3
37.6407	8.239746E-2	1.962891E+0	3.264160E+0	7.324219E-3
37.6407	8.819580E-2	2.004700E+0	3.279114E+0	7.629395E-3
37.6563	8.605957E-2	2.058411E+0	3.296204E+0	7.629395E-3
37.6719	8.331299E-2	2.033386E+0	3.294067E+0	2.685547E-2
37.6719	7.629395E-2	2.048035E+0	3.292847E+0	4.516602E-2
37.6875	8.514404E-2	2.021484E+0	3.291321E+0	6.713867E-2
37.6875	7.598877E-2	2.017517E+0	3.289185E+0	8.666992E-2
37.7032	7.324219E-2	2.001953E+0	3.288879E+0	1.058960E-1
37.7188	6.713867E-2	1.991882E+0	3.286133E+0	1.278687E-1
37.7188	6.805420E-2	1.986389E+0	3.284912E+0	1.467896E-1
37.7344	6.500244E-2	1.959839E+0	3.283691E+0	1.663208E-1
37.75	5.920410E-2	1.958313E+0	3.281555E+0	1.873779E-1
37.75	4.760742E-2	1.940002E+0	3.280640E+0	2.069092E-1
37.7657	4.669189E-2	1.942444E+0	3.280029E+0	2.258301E-1
37.7813	5.096436E-2	1.912537E+0	3.277588E+0	2.459717E-1
37.7813	4.302979E-2	1.890259E+0	3.276367E+0	2.664185E-1
37.7969	3.875732E-2	1.881104E+0	3.275146E+0	2.847290E-1
37.8125	2.410889E-2	1.874084E+0	3.273926E+0	3.063965E-1
37.8125	2.532959E-2	1.856995E+0	3.272095E+0	3.256226E-1
37.8282	1.983643E-2	1.842346E+0	3.271484E+0	3.451538E-1
37.8282	1.861572E-2	1.819153E+0	3.269958E+0	3.665161E-1
37.8438	5.798340E-3	1.812439E+0	3.267822E+0	3.860474E-1
37.8594	2.746582E-3	1.791992E+0	3.267212E+0	4.052734E-1
37.8594	-2.136230E-3	1.775818E+0	3.265686E+0	4.266357E-1
37.875	-1.556396E-2	1.757507E+0	3.263855E+0	4.461670E-1
37.875	-1.556396E-2	1.744995E+0	3.262939E+0	4.656982E-1
37.8907	-2.960205E-2	1.726990E+0	3.261108E+0	4.870605E-1
37.9063	-4.241943E-2	1.701660E+0	3.259583E+0	5.050659E-1
37.9063	-4.425049E-2	1.701050E+0	3.258667E+0	5.252075E-1
37.9219	-5.584717E-2	1.679993E+0	3.257141E+0	5.468750E-1
37.9375	-6.530762E-2	1.655579E+0	3.255310E+0	5.664062E-1
37.9375	-6.469727E-2	1.634521E+0	3.254395E+0	5.853271E-1
37.9532	-8.056641E-2	1.617737E+0	3.252869E+0	6.054687E-1
37.9688	-9.155273E-2	1.596985E+0	3.251343E+0	6.253052E-1
37.9688	-1.031494E-1	1.559143E+0	3.249512E+0	6.451416E-1
37.9844	-9.521484E-2	1.557312E+0	3.248596E+0	6.646729E-1
38.0	-1.074219E-1	1.530762E+0	3.246765E+0	6.854248E-1
38.0	-1.214600E-1	1.508484E+0	3.245850E+0	7.055664E-1
38.0157	-1.345825E-1	1.491699E+0	3.244934E+0	7.241821E-1
38.0313	-1.385498E-1	1.472778E+0	3.242187E+0	7.452393E-1
38.0313	-1.486206E-1	1.443481E+0	3.241882E+0	7.650757E-1
38.0469	-1.623535E-1	1.416321E+0	3.240967E+0	7.843018E-1
38.0625	-1.751709E-1	1.402893E+0	3.238831E+0	8.053589E-1
38.0625	-1.837158E-1	1.380310E+0	3.237000E+0	8.245850E-1
38.0782	-2.078247E-1	1.369324E+0	3.235474E+0	8.438110E-1
38.0782	-2.102661E-1	1.351013E+0	3.234558E+0	8.657837E-1
38.0938	-2.307129E-1	1.315308E+0	3.233337E+0	8.850098E-1
38.1094	-2.334595E-1	1.295166E+0	3.232422E+0	9.045410E-1
38.1094	-2.578735E-1	1.269836E+0	3.230286E+0	9.249878E-1
38.125	-2.761841E-1	1.250916E+0	3.228455E+0	9.451294E-1
38.125	-2.832031E-1	1.217957E+0	3.227539E+0	9.643555E-1
38.1407	-2.929687E-1	1.192017E+0	3.226318E+0	9.857178E-1
38.1563	-3.060913E-1	1.174316E+0	3.224792E+0	1.004944E+0
38.1563	-3.186035E-1	1.162415E+0	3.223572E+0	1.024170E+0
38.1719	-3.375244E-1	1.113892E+0	3.221436E+0	1.044006E+0
38.1875	-3.491211E-1	1.096802E+0	3.220825E+0	1.064758E+0
38.1875	-3.585815E-1	1.078491E+0	3.219604E+0	1.082764E+0
38.2032	-3.802490E-1	1.065369E+0	3.217773E+0	1.103821E+0
38.2188	-4.052734E-1	1.020203E+0	3.215942E+0	1.124268E+0
38.2188	-4.095459E-1	1.013489E+0	3.214417E+0	1.143494E+0
38.2344	-4.208374E-1	9.786987E-1	3.213196E+0	1.162415E+0
38.25	-4.501343E-1	9.576416E-1	3.211975E+0	1.184692E+0
38.25	-4.595947E-1	9.292603E-1	3.210754E+0	1.203918E+0
38.2657	-4.754639E-1	9.182739E-1	3.209534E+0	1.222839E+0
38.2813	-4.968262E-1	8.843994E-1	3.208313E+0	1.244202E+0
38.2813	-5.197144E-1	8.551025E-1	3.206177E+0	1.264038E+0
38.2969	-5.300903E-1	8.340454E-1	3.205566E+0	1.282654E+0
38.3125	-5.532837E-1	7.980347E-1	3.203125E+0	1.304932E+0
38.3125	-5.639648E-1	7.781982E-1	3.201904E+0	1.323547E+0
38.3282	-5.911255E-1	7.455444E-1	3.200989E+0	1.343079E+0
38.3282	-6.060791E-1	7.330322E-1	3.199463E+0	1.364746E+0
38.3438	-6.335449E-1	6.903076E-1	3.197327E+0	1.383057E+0
38.3594	-6.448364E-1	6.674194E-1	3.196411E+0	1.403809E+0
38.3594	-6.677246E-1	6.430054E-1	3.194580E+0	1.423645E+0
38.375	-6.896973E-1	6.225586E-1	3.193665E+0	1.442566E+0
38.375	-7.055664E-1	5.834961E-1	3.192139E+0	1.461487E+0
38.3907	-7.278442E-1	5.685425E-1	3.190308E+0	1.482849E+0
38.4063	-7.424927E-1	5.389404E-1	3.189392E+0	1.502991E+0
38.4063	-7.708740E-1	5.139160E-1	3.188477E+0	1.521606E+0
38.4219	-7.894897E-1	4.833984E-1	3.186646E+0	1.542664E+0
38.4375	-8.090210E-1	4.464722E-1	3.184814E+0	1.563110E+0
38.4375	-8.312988E-1	4.168701E-1	3.183899E+0	1.582336E+0
38.4532	-8.602905E-1	3.936768E-1	3.182068E+0	1.600647E+0
38.4688	-8.700562E-1	3.771973E-1	3.181152E+0	1.622620E+0
38.4688	-9.127808E-1	3.369141E-1	3.179321E+0	1.643066E+0
38.4844	-9.133911E-1	2.987671E-1	3.178101E+0	1.662598E+0
38.5	-9.481812E-1	2.737427E-1	3.177185E+0	1.683044E+0
38.5	-9.671021E-1	2.478027E-1	3.174438E+0	1.701965E+0
38.5157	-9.957886E-1	2.297974E-1	3.174438E+0	1.721802E+0
38.5313	-1.017456E+0	1.898193E-1	3.172607E+0	1.743164E+0
38.5313	-1.043396E+0	1.593018E-1	3.170471E+0	1.762085E+0
38.5469	-1.056213E+0	1.345825E-1	3.169861E+0	1.781616E+0
38.5625	-1.100159E+0	9.185791E-2	3.167419E+0	1.802673E+0
38.5625	-1.110535E+0	8.300781E-2	3.166504E+0	1.821899E+0
38.5782	-1.146545E+0	5.126953E-2	3.165588E+0	1.841736E+0
38.5782	-1.173096E+0	2.563477E-2	3.163452E+0	1.861877E+0
38.5938	-1.196594E+0	-2.014160E-2	3.162231E+0	1.881104E+0
38.6094	-1.220093E+0	-2.899170E-2	3.160095E+0	1.900940E+0
38.6094	-1.248169E+0	-6.866455E-2	3.159790E+0	1.921997E+0
38.625	-1.270447E+0	-9.521484E-2	3.158264E+0	1.942139E+0
38.625	-1.302795E+0	-1.257324E-1	3.157043E+0	1.961060E+0
38.6407	-1.325684E+0	-1.376343E-1	3.154907E+0	1.981812E+0
38.6563	-1.359558E+0	-1.852417E-1	3.153381E+0	2.001343E+0
38.6563	-1.371460E+0	-2.020264E-1	3.152161E+0	2.020569E+0
38.6719	-1.385803E+0	-2.200317E-1	3.151245E+0	2.041931E+0
38.6875	-1.413269E+0	-2.539062E-1	3.149109E+0	2.061768E+0
38.6875	-1.427612E+0	-2.764893E-1	3.148193E+0	2.079773E+0
38.7032	-1.452332E+0	-2.966309E-1	3.146973E+0	2.101135E+0
38.7188	-1.476135E+0	-3.033447E-1	3.145447E+0	2.121277E+0
38.7188	-1.496582E+0	-3.344727E-1	3.144531E+0	2.140808E+0
38.7344	-1.496582E+0	-3.442383E-1	3.142700E+0	2.161255E+0
38.75	-1.507874E+0	-3.604126E-1	3.141479E+0	2.181091E+0
38.75	-1.529541E+0	-3.665161E-1	3.139648E+0	2.201538E+0
38.7657	-1.527100E+0	-3.845215E-1	3.138428E+0	2.220459E+0
38.7813	-1.532593E+0	-3.735352E-1	3.136597E+0	2.241516E+0
38.7813	-1.526489E+0	-3.869629E-1	3.135071E+0	2.259827E+0
38.7969	-1.543579E+0	-3.982544E-1	3.134766E+0	2.278748E+0
38.8125	-1.543274E+0	-4.022217E-1	3.132935E+0	2.300720E+0
38.8125	-1.543274E+0	-4.095459E-1	3.131409E+0	2.320862E+0
38.8282	-1.549377E+0	-4.171753E-1	3.130188E+0	2.338867E+0
38.8282	-1.553040E+0	-4.171753E-1	3.128357E+0	2.360840E+0
38.8438	-1.540833E+0	-4.122925E-1	3.127747E+0	2.379150E+0
38.8594	-1.557922E+0	-4.339600E-1	3.126526E+0	2.399597E+0
38.8594	-1.540833E+0	-4.299927E-1	3.125000E+0	2.420349E+0
38.875	-1.549377E+0	-4.281616E-1	3.122864E+0	2.439880E+0
38.875	-1.542664E+0	-4.306030E-1	3.122253E+0	2.459412E+0
38.8907	-1.565247E+0	-4.586792E-1	3.120728E+0	2.480164E+0
38.9063	-1.563110E+0	-4.632568E-1	3.118286E+0	2.499390E+0
38.9063	-1.587524E+0	-4.769897E-1	3.117981E+0	2.518616E+0
38.9219	-1.595764E+0	-4.885864E-1	3.115845E+0	2.540283E+0
38.9375	-1.583557E+0	-4.879761E-1	3.114624E+0	2.560120E+0
38.9375	-1.575012E+0	-4.656982E-1	3.113708E+0	2.577820E+0
38.9532	-1.573181E+0	-4.803467E-1	3.112183E+0	2.599792E+0
38.9688	-1.558228E+0	-4.644775E-1	3.110352E+0	2.619629E+0
38.9688	-1.547241E+0	-4.629517E-1	3.110352E+0	2.638550E+0
38.9844	-1.528931E+0	-4.415894E-1	3.107910E+0	2.659302E+0
39.0	-1.517334E+0	-4.388428E-1	3.106384E+0	2.678223E+0
39.0	-1.521912E+0	-4.415894E-1	3.106079E+0	2.696533E+0
39.0157	-1.504517E+0	-4.223633E-1	3.103638E+0	2.718811E+0
39.0157	-1.507874E+0	-4.357910E-1	3.102417E+0	2.737427E+0
39.0313	-1.496582E+0	-4.360962E-1	3.100281E+0	2.759094E+0
39.0469	-1.481018E+0	-4.205322E-1	3.099670E+0	2.777100E+0
39.0625	-1.476440E+0	-4.168701E-1	3.097839E+0	2.799072E+0
39.0625	-1.489868E+0	-4.260254E-1	3.096619E+0	2.818298E+0
39.0782	-1.480103E+0	-4.299927E-1	3.095703E+0	2.836914E+0
39.0782	-1.471558E+0	-4.187012E-1	3.094177E+0	2.858887E+0
39.0938	-1.488953E+0	-4.281616E-1	3.092346E+0	2.878113E+0
39.1094	-1.514893E+0	-4.635620E-1	3.091431E+0	2.897034E+0
39.1094	-1.526489E+0	-4.779053E-1	3.090210E+0	2.918701E+0
39.125	-1.520996E+0	-4.830933E-1	3.088379E+0	2.938843E+0
39.125	-1.523132E+0	-4.742432E-1	3.088074E+0	2.957458E+0
39.1407	-1.502075E+0	-4.635620E-1	3.085937E+0	2.978516E+0
39.1563	-1.490173E+0	-4.565430E-1	3.084106E+0	2.997742E+0
39.1563	-1.490479E+0	-4.586792E-1	3.082886E+0	3.017273E+0
39.1719	-1.477356E+0	-4.455566E-1	3.081665E+0	3.038940E+0
39.1875	-1.454468E+0	-4.302979E-1	3.079529E+0	3.058472E+0
39.1875	-1.447449E+0	-4.214478E-1	3.078003E+0	3.076477E+0
39.2032	-1.446228E+0	-4.260254E-1	3.077698E+0	3.095703E+0
39.2188	-1.449280E+0	-4.354858E-1	3.075562E+0	3.117065E+0
39.2188	-1.453857E+0	-4.351807E-1	3.075256E+0	3.136292E+0
39.2344	-1.441040E+0	-4.266357E-1	3.074036E+0	3.156128E+0
39.25	-1.424255E+0	-4.162598E-1	3.071899E+0	3.177490E+0
39.25	-1.420898E+0	-4.092407E-1	3.070374E+0	3.197021E+0
39.2657	-1.399841E+0	-4.098511E-1	3.068848E+0	3.216248E+0
39.2813	-1.400452E+0	-4.086304E-1	3.067627E+0	3.237000E+0
39.2813	-1.387024E+0	-3.958130E-1	3.066711E+0	3.256836E+0
39.2969	-1.383972E+0	-3.915405E-1	3.065186E+0	3.276367E+0
39.3125	-1.367798E+0	-3.854370E-1	3.063049E+0	3.297424E+0
39.3125	-1.358643E+0	-3.918457E-1	3.060913E+0	3.316956E+0
39.3282	-1.363831E+0	-3.759766E-1	3.059998E+0	3.336182E+0
39.3282	-1.343994E+0	-3.741455E-1	3.059692E+0	3.356628E+0
39.3438	-1.345520E+0	-3.756714E-1	3.057556E+0	3.376770E+0
39.3594	-1.338196E+0	-3.753662E-1	3.057251E+0	3.395691E+0
39.3594	-1.342773E+0	-3.717041E-1	3.055115E+0	3.417053E+0
39.375	-1.335144E+0	-3.713989E-1	3.053589E+0	3.436584E+0
39.375	-1.351624E+0	-3.854370E-1	3.052979E+0	3.456421E+0
39.3907	-1.336670E+0	-3.756714E-1	3.050842E+0	3.476562E+0
39.4063	-1.334229E+0	-3.823853E-1	3.049316E+0	3.495178E+0
39.4063	-1.329041E+0	-3.897095E-1	3.048401E+0	3.514404E+0
39.4219	-1.342163E+0	-3.890991E-1	3.047180E+0	3.536072E+0
39.4375	-1.319580E+0	-3.729248E-1	3.046265E+0	3.555603E+0
39.4375	-1.337891E+0	-3.887939E-1	3.044128E+0	3.573303E+0
39.4532	-1.313782E+0	-3.817749E-1	3.042908E+0	3.595886E+0
39.4688	-1.324768E+0	-3.903198E-1	3.040466E+0	3.615417E+0
39.4688	-1.319275E+0	-3.912354E-1	3.040466E+0	3.634644E+0
39.4844	-1.313477E+0	-3.884888E-1	3.038940E+0	3.656311E+0
39.5	-1.313477E+0	-3.851318E-1	3.036804E+0	3.675232E+0
39.5	-1.326599E+0	-3.927612E-1	3.035583E+0	3.693848E+0
39.5157	-1.319580E+0	-3.948975E-1	3.034058E+0	3.715515E+0
39.5313	-1.309509E+0	-3.903198E-1	3.033142E+0	3.735046E+0
39.5313	-1.312561E+0	-3.970337E-1	3.032227E+0	3.754272E+0
39.5469	-1.306763E+0	-4.006958E-1	3.029785E+0	3.775330E+0
39.5469	-1.311340E+0	-4.077148E-1	3.028870E+0	3.794861E+0
39.5625	-1.304932E+0	-4.019165E-1	3.028259E+0	3.814697E+0
39.5782	-1.305542E+0	-4.098511E-1	3.025818E+0	3.835144E+0
39.5782	-1.302490E+0	-4.113770E-1	3.024292E+0	3.854370E+0
39.5938	-1.310120E+0	-4.064941E-1	3.023376E+0	3.874207E+0
39.6094	-1.294556E+0	-4.089355E-1	3.022156E+0	3.894348E+0
39.6094	-1.308594E+0	-4.125977E-1	3.020020E+0	3.913879E+0
39.625	-1.299438E+0	-4.202271E-1	3.019714E+0	3.932800E+0
39.6407	-1.298828E+0	-4.077148E-1	3.018188E+0	3.954773E+0
39.6407	-1.284485E+0	-4.022217E-1	3.015747E+0	3.973389E+0
39.6563	-1.304016E+0	-4.129028E-1	3.014832E+0	3.992310E+0
39.6719	-1.284180E+0	-4.135132E-1	3.013611E+0	4.013977E+0
39.6719	-1.298828E+0	-4.232788E-1	3.011780E+0	4.032593E+0
39.6875	-1.293640E+0	-4.180908E-1	3.010864E+0	4.053040E+0
39.6875	-1.295471E+0	-4.266357E-1	3.008728E+0	4.073792E+0
39.7032	-1.288757E+0	-4.229736E-1	3.007812E+0	4.093018E+0
39.7188	-1.294556E+0	-4.351807E-1	3.007202E+0	4.111938E+0
39.7188	-1.293030E+0	-4.299927E-1	3.004456E+0	4.133911E+0
39.7344	-1.287842E+0	-4.373169E-1	3.003235E+0	4.153442E+0
39.7344	-1.296387E+0	-4.348755E-1	3.002319E+0	4.171753E+0
39.75	-1.288757E+0	-4.376221E-1	3.000793E+0	4.194336E+0
39.7657	-1.297607E+0	-4.379272E-1	2.999573E+0	4.212036E+0
39.7657	-1.287842E+0	-4.492187E-1	2.998352E+0	4.232788E+0
39.7813	-1.286926E+0	-4.476929E-1	2.995605E+0	4.252625E+0
39.7969	-1.293335E+0	-4.623413E-1	2.994690E+0	4.272461E+0
39.7969	-1.304932E+0	-4.602051E-1	2.993469E+0	4.291382E+0
39.8125	-1.296997E+0	-4.632568E-1	2.992554E+0	4.312439E+0
39.8282	-1.292419E+0	-4.708862E-1	2.990723E+0	4.331360E+0
39.8282	-1.287537E+0	-4.623413E-1	2.990112E+0	4.350281E+0
39.8438	-1.278992E+0	-4.580688E-1	2.987976E+0	4.371948E+0
39.8594	-1.280212E+0	-4.556274E-1	2.987061E+0	4.391479E+0
39.8594	-1.277161E+0	-4.660034E-1	2.986450E+0	4.409790E+0
39.875	-1.280212E+0	-4.553223E-1	2.984619E+0	4.432068E+0
39.8907	-1.268616E+0	-4.571533E-1	2.982788E+0	4.450378E+0
39.8907	-1.283264E+0	-4.656982E-1	2.980957E+0	4.470520E+0
39.9063	-1.265259E+0	-4.553223E-1	2.980042E+0	4.490967E+0
39.9219	-1.267700E+0	-4.666138E-1	2.978821E+0	4.510498E+0
39.9219	-1.266785E+0	-4.641724E-1	2.977295E+0	4.529114E+0
39.9375	-1.257629E+0	-4.663086E-1	2.975769E+0	4.551392E+0
39.9375	-1.253052E+0	-4.470825E-1	2.974548E+0	4.569702E+0
39.9532	-1.248474E+0	-4.586792E-1	2.973328E+0	4.589233E+0
39.9688	-1.235962E+0	-4.495239E-1	2.971497E+0	4.611206E+0
39.9688	-1.252441E+0	-4.559326E-1	2.969971E+0	4.629517E+0
39.9844	-1.231689E+0	-4.415894E-1	2.968445E+0	4.649658E+0
40.0	-1.229553E+0	-4.425049E-1	2.967834E+0	4.670715E+0
40.0	-1.212769E+0	-4.208374E-1	2.966003E+0	4.690247E+0
40.0157	-1.212158E+0	-4.165649E-1	2.965698E+0	4.708862E+0
40.0313	-1.188049E+0	-3.753662E-1	2.963867E+0	4.729309E+0
40.0313	-1.124573E+0	-3.265381E-1	2.962036E+0	4.747925E+0
40.0469	-5.126953E-2	-2.093506E-1	2.962036E+0	4.767761E+0
40.0625	-6.072998E-2	-2.148437E-1	2.959290E+0	4.789734E+0
40.0625	-5.767822E-2	-2.169800E-1	2.958069E+0	4.808655E+0
40.0782	-5.889893E-2	-2.166748E-1	2.956543E+0	4.827576E+0
40.0782	-6.500244E-2	-2.148437E-1	2.955017E+0	4.848328E+0
40.0938	-6.195068E-2	-2.111816E-1	2.954102E+0	4.867859E+0
40.1094	-6.286621E-2	-2.172852E-1	2.953186E+0	4.887695E+0
40.1094	-6.561279E-2	-2.127075E-1	2.951355E+0	4.908752E+0
40.125	-6.683350E-2	-2.151489E-1	2.949524E+0	4.927979E+0
40.125	-6.011963E-2	-2.145386E-1	2.948608E+0	4.947510E+0
40.1407	-6.378174E-2	-2.145386E-1	2.947388E+0	4.968262E+0
40.1563	-6.469727E-2	-2.108765E-1	2.945862E+0	4.987488E+0
40.1563	-6.256104E-2	-2.099609E-1	2.944641E+0	5.005493E+0
40.1719	-6.347656E-2	-2.102661E-1	2.942810E+0	5.027771E+0
40.1875	-6.896973E-2	-2.093506E-1	2.941895E+0	5.047607E+0
40.1875	-6.042480E-2	-2.197266E-1	2.940369E+0	5.065308E+0
40.2032	-6.530762E-2	-2.102661E-1	2.938843E+0	5.087280E+0
40.2188	-6.866455E-2	-2.160645E-1	2.937012E+0	5.107117E+0
40.2188	-5.676270E-2	-2.160645E-1	2.935791E+0	5.124207E+0
40.2344	-5.798340E-2	-2.090454E-1	2.934570E+0	5.146179E+0
40.25	-6.225586E-2	-2.169800E-1	2.933044E+0	5.165405E+0
40.25	-6.286621E-2	-2.111816E-1	2.931824E+0	5.184326E+0
40.2657	-6.134033E-2	-2.093506E-1	2.930603E+0	5.205688E+0
40.2813	-6.500244E-2	-2.084351E-1	2.928467E+0	5.224915E+0
40.2813	-5.950928E-2	-2.133179E-1	2.928162E+0	5.243225E+0
40.2969	-6.622314E-2	-2.087402E-1	2.926941E+0	5.265808E+0
40.2969	-6.378174E-2	-2.056885E-1	2.925415E+0	5.284424E+0
40.3125	-6.195068E-2	-2.127075E-1	2.924500E+0	5.304260E+0
40.3282	-6.530762E-2	-2.099609E-1	2.922058E+0	5.325012E+0
40.3282	-6.317139E-2	-2.136230E-1	2.920532E+0	5.344543E+0
40.3438	-6.011963E-2	-2.145386E-1	2.920227E+0	5.363464E+0
40.3594	-6.286621E-2	-2.139282E-1	2.917480E+0	5.384827E+0
40.3594	-6.378174E-2	-2.120972E-1	2.916565E+0	5.404968E+0
40.375	-5.950928E-2	-2.130127E-1	2.915649E+0	5.422974E+0
40.3907	-6.530762E-2	-2.102661E-1	2.914124E+0	5.444641E+0
40.3907	-6.164551E-2	-2.105713E-1	2.911987E+0	5.463562E+0
40.4063	-6.195068E-2	-2.117920E-1	2.910461E+0	5.482178E+0
40.4219	-6.103516E-2	-2.148437E-1	2.909851E+0	5.503845E+0
40.4219	-6.195068E-2	-2.059937E-1	2.908936E+0	5.522766E+0
40.4375	-6.408691E-2	-2.133179E-1	2.907104E+0	5.542603E+0
40.4375	-6.591797E-2	-2.050781E-1	2.905884E+0	5.562439E+0
40.4532	-7.049561E-2	-2.108765E-1	2.903442E+0	5.582886E+0
40.4688	-6.500244E-2	-2.117920E-1	2.903137E+0	5.601196E+0
40.4688	-5.859375E-2	-2.111816E-1	2.901917E+0	5.622559E+0
40.4844	-6.896973E-2	-2.120972E-1	2.899170E+0	5.642090E+0
40.4844	-6.011963E-2	-2.090454E-1	2.899170E+0	5.660095E+0
40.5	-6.042480E-2	-2.062988E-1	2.897339E+0	5.682373E+0
40.5157	-6.683350E-2	-2.200317E-1	2.895508E+0	5.700684E+0
40.5157	-6.500244E-2	-2.093506E-1	2.895203E+0	5.721130E+0
40.5313	-7.110596E-2	-2.145386E-1	2.892761E+0	5.741577E+0
40.5469	-6.683350E-2	-2.114868E-1	2.890930E+0	5.760803E+0
40.5469	-6.530762E-2	-2.084351E-1	2.890320E+0	5.780029E+0
40.5625	-6.408691E-2	-2.127075E-1	2.888794E+0	5.801086E+0
40.5782	-5.798340E-2	-2.108765E-1	2.886963E+0	5.820312E+0
40.5782	-6.378174E-2	-2.108765E-1	2.886047E+0	5.838623E+0
40.5938	-6.164551E-2	-2.105713E-1	2.885437E+0	5.860596E+0
40.6094	-6.469727E-2	-2.139282E-1	2.882690E+0	5.879517E+0
40.6094	-5.767822E-2	-2.093506E-1	2.881470E+0	5.899963E+0
40.625	-6.195068E-2	-2.056885E-1	2.880859E+0	5.919189E+0
40.6407	-6.530762E-2	-2.017212E-1	2.878418E+0	5.938416E+0
40.6407	-5.981445E-2	-2.059937E-1	2.877808E+0	5.957947E+0
40.6563	-6.256104E-2	-2.096558E-1	2.877197E+0	5.979004E+0
40.6719	-6.042480E-2	-2.084351E-1	2.874146E+0	5.997925E+0
40.6719	-6.408691E-2	-2.148437E-1	2.873840E+0	6.017151E+0
40.6875	-6.317139E-2	-2.087402E-1	2.872925E+0	6.038818E+0
40.6875	-6.713867E-2	-2.075195E-1	2.870178E+0	6.057434E+0
40.7032	-6.042480E-2	-2.087402E-1	2.868652E+0	6.075745E+0
40.7188	-5.859375E-2	-2.148437E-1	2.868042E+0	6.097717E+0
40.7188	-6.744385E-2	-2.117920E-1	2.866516E+0	6.117249E+0
40.7344	-6.530762E-2	-2.069092E-1	2.865295E+0	6.137085E+0
40.75	-6.927490E-2	-2.078247E-1	2.863770E+0	6.157227E+0
40.75	-6.896973E-2	-2.096558E-1	2.862244E+0	6.176758E+0
40.7657	-6.225586E-2	-2.093506E-1	2.861328E+0	6.195068E+0
40.7813	-6.805420E-2	-2.139282E-1	2.859802E+0	6.217346E+0
40.7813	-6.347656E-2	-2.078247E-1	2.857971E+0	6.236267E+0
40.7969	-6.347656E-2	-2.053833E-1	2.857361E+0	6.254578E+0
40.8125	-5.950928E-2	-2.117920E-1	2.855530E+0	6.276550E+0
40.8125	-6.774902E-2	-2.114868E-1	2.853699E+0	6.295471E+0
40.8282	-5.889893E-2	-2.081299E-1	2.853088E+0	6.313782E+0
40.8282	-6.866455E-2	-2.175903E-1	2.851562E+0	6.336060E+0
40.8438	-6.256104E-2	-2.133179E-1	2.849731E+0	6.354370E+0
40.8594	-6.530762E-2	-2.093506E-1	2.848816E+0	6.373596E+0
40.8594	-6.256104E-2	-2.105713E-1	2.846985E+0	6.394653E+0
40.875	-6.225586E-2	-2.145386E-1	2.845459E+0	6.413574E+0
40.875	-6.500244E-2	-2.127075E-1	2.844238E+0	6.433105E+0
40.8907	-6.927490E-2	-2.157593E-1	2.843018E+0	6.454163E+0
40.9063	-5.554199E-2	-2.084351E-1	2.841187E+0	6.473389E+0
40.9063	-6.744385E-2	-2.191162E-1	2.839661E+0	6.492004E+0
40.9219	-6.408691E-2	-2.038574E-1	2.838745E+0	6.513367E+0
40.9375	-6.225586E-2	-2.087402E-1	2.837524E+0	6.532593E+0
40.9375	-6.439209E-2	-2.111816E-1	2.836609E+0	6.550293E+0
40.9532	-6.835937E-2	-2.096558E-1	2.835388E+0	6.572571E+0
40.9688	-6.286621E-2	-2.047729E-1	2.833252E+0	6.592407E+0
40.9688	-5.981445E-2	-2.124023E-1	2.832336E+0	6.611328E+0
40.9844	-5.859375E-2	-2.053833E-1	2.829895E+0	6.632080E+0
41.0	-6.439209E-2	-2.084351E-1	2.829285E+0	6.651611E+0
41.0	-5.584717E-2	-2.059937E-1	2.828064E+0	6.669922E+0
41.0157	-7.354736E-2	-2.084351E-1	2.825928E+0	6.692505E+0
41.0313	-5.859375E-2	-2.130127E-1	2.824097E+0	6.710510E+0
41.0313	-7.293701E-2	-2.056885E-1	2.823792E+0	6.729736E+0
41.0469	-5.706787E-2	-2.084351E-1	2.822571E+0	6.749878E+0
41.0469	-5.889893E-2	-2.114868E-1	2.820435E+0	6.769104E+0
41.0625	-6.408691E-2	-2.053833E-1	2.818909E+0	6.788330E+0
41.0782	-6.439209E-2	-2.066040E-1	2.817993E+0	6.809692E+0
41.0782	-6.347656E-2	-2.111816E-1	2.816162E+0	6.828918E+0
41.0938	-6.134033E-2	-2.087402E-1	2.815857E+0	6.847839E+0
41.1094	-6.561279E-2	-2.111816E-1	2.813721E+0	6.869507E+0
41.1094	-6.713867E-2	-2.130127E-1	2.811890E+0	6.888123E+0
41.125	-6.286621E-2	-2.114868E-1	2.810974E+0	6.906738E+0
41.1407	-6.225586E-2	-2.056885E-1	2.808838E+0	6.929016E+0
41.1407	-6.774902E-2	-2.029419E-1	2.808228E+0	6.947937E+0
41.1563	-6.225586E-2	-2.087402E-1	2.807617E+0	6.966248E+0
41.1719	-6.469727E-2	-2.093506E-1	2.805481E+0	6.987915E+0
41.1719	-6.286621E-2	-2.038574E-1	2.804565E+0	7.005005E+0
41.1875	-6.011963E-2	-2.069092E-1	2.803040E+0	7.027283E+0
41.1875	-7.263184E-2	-2.075195E-1	2.801514E+0	7.047119E+0
41.2032	-6.835937E-2	-2.056885E-1	2.799072E+0	7.066956E+0
41.2188	-6.195068E-2	-2.075195E-1	2.798767E+0	7.084656E+0
41.2188	-6.835937E-2	-2.078247E-1	2.796936E+0	7.107849E+0
41.2344	-6.225586E-2	-2.069092E-1	2.795715E+0	7.125244E+0
41.2344	-6.072998E-2	-2.044678E-1	2.794189E+0	7.144165E+0
41.25	-6.469727E-2	-2.102661E-1	2.792969E+0	7.165833E+0
41.2657	-5.889893E-2	-2.099609E-1	2.791138E+0	7.184448E+0
41.2657	-6.896973E-2	-2.035522E-1	2.790527E+0	7.203369E+0
41.2813	-6.774902E-2	-2.117920E-1	2.788696E+0	7.224426E+0
41.2969	-6.042480E-2	-2.078247E-1	2.787781E+0	7.243652E+0
41.2969	-6.805420E-2	-2.056885E-1	2.786560E+0	7.262573E+0
41.3125	-5.950928E-2	-2.056885E-1	2.784729E+0	7.284546E+0
41.3282	-6.439209E-2	-2.038574E-1	2.782898E+0	7.303772E+0
41.3282	-6.622314E-2	-2.041626E-1	2.782288E+0	7.320557E+0
41.3438	-6.927490E-2	-2.069092E-1	2.780762E+0	7.343445E+0
41.3594	-6.286621E-2	-2.090454E-1	2.779236E+0	7.361145E+0
41.3594	-6.195068E-2	-2.078247E-1	2.777710E+0	7.381897E+0
41.375	-5.950928E-2	-2.044678E-1	2.777100E+0	7.402649E+0
41.3907	-6.164551E-2	-2.029419E-1	2.775269E+0	7.421570E+0
41.3907	-6.225586E-2	-2.011108E-1	2.774048E+0	7.441406E+0
41.4063	-6.469727E-2	-2.096558E-1	2.772217E+0	7.462463E+0
41.4219	-5.859375E-2	-2.062988E-1	2.770081E+0	7.481079E+0
41.4219	-5.950928E-2	-2.066040E-1	2.769775E+0	7.499084E+0
41.4375	-6.408691E-2	-2.096558E-1	2.767639E+0	7.521362E+0
41.4375	-6.561279E-2	-2.041626E-1	2.766418E+0	7.540894E+0
41.4532	-6.195068E-2	-2.062988E-1	2.765198E+0	7.558289E+0
41.4688	-6.530762E-2	-2.062988E-1	2.763367E+0	7.579956E+0
41.4688	-5.828857E-2	-2.038574E-1	2.763062E+0	7.598572E+0
41.4844	-6.042480E-2	-2.035522E-1	2.762146E+0	7.618713E+0
41.5	-6.072998E-2	-2.020264E-1	2.759705E+0	7.639465E+0
41.5	-6.103516E-2	-2.053833E-1	2.757874E+0	7.658386E+0
41.5157	-6.835937E-2	-2.059937E-1	2.756653E+0	7.676697E+0
41.5313	-5.737305E-2	-2.087402E-1	2.755737E+0	7.698364E+0
41.5313	-6.378174E-2	-2.050781E-1	2.754211E+0	7.717590E+0
41.5469	-5.920410E-2	-2.035522E-1	2.751770E+0	7.735901E+0
41.5625	-6.317139E-2	-2.059937E-1	2.752380E+0	7.758484E+0
41.5625	-6.469727E-2	-2.050781E-1	2.749939E+0	7.777100E+0
41.5782	-5.828857E-2	-2.026367E-1	2.748413E+0	7.796631E+0
41.5782	-6.164551E-2	-2.011108E-1	2.747498E+0	7.817078E+0
41.5938	-5.798340E-2	-2.014160E-1	2.745361E+0	7.835999E+0
41.6094	-7.202148E-2	-2.111816E-1	2.745056E+0	7.854919E+0
41.6094	-6.347656E-2	-2.062988E-1	2.743225E+0	7.876282E+0
41.625	-6.561279E-2	-2.044678E-1	2.741699E+0	7.895508E+0
41.625	-6.500244E-2	-2.075195E-1	2.740479E+0	7.914734E+0
41.6407	-6.744385E-2	-2.038574E-1	2.738647E+0	7.936096E+0
41.6563	-6.042480E-2	-2.001953E-1	2.686768E+0	7.954407E+0
41.6563	-6.317139E-2	-1.928711E-1	2.625427E+0	7.955627E+0
41.6719	-5.859375E-2	-1.821899E-1	2.496643E+0	7.955933E+0
41.6875	-4.791260E-2	-1.699829E-1	2.428894E+0	7.955017E+0
41.6875	-4.821777E-2	-1.663208E-1	2.325745E+0	7.955017E+0
41.7032	-3.631592E-2	-1.467896E-1	2.214966E+0	7.954712E+0
41.7188	-3.753662E-2	-1.385498E-1	2.078247E+0	7.954407E+0
41.7188	-3.601074E-2	-1.370239E-1	2.015381E+0	7.955017E+0
41.7344	-3.265381E-2	-1.272583E-1	1.898193E+0	7.954712E+0
41.75	-2.288818E-2	-1.095581E-1	1.773376E+0	7.955017E+0
41.75	-2.044678E-2	-1.086426E-1	1.711731E+0	7.954102E+0
41.7657	-2.777100E-2	-9.704590E-2	1.580811E+0	7.954102E+0
41.7813	-1.861572E-2	-8.239746E-2	1.469116E+0	7.953796E+0
41.7813	-1.892090E-2	-8.300781E-2	1.408691E+0	7.954102E+0
41.7969	-1.525879E-2	-6.683350E-2	1.282043E+0	7.954102E+0
41.7969	-1.800537E-2	-6.713867E-2	1.180725E+0	7.954102E+0
41.8125	-1.464844E-2	-6.500244E-2	1.106873E+0	7.954407E+0
41.8282	-4.882812E-3	-4.791260E-2	9.783936E-1	7.954102E+0
41.8282	1.831055E-3	-4.272461E-2	8.645630E-1	7.954102E+0
41.8438	3.051758E-4	-4.394531E-2	8.016968E-1	7.953796E+0
41.8594	3.051758E-4	-3.112793E-2	6.719971E-1	7.954407E+0
41.8594	1.525879E-3	-2.410889E-2	5.621338E-1	7.953796E+0
41.875	1.831055E-3	-1.464844E-2	4.989624E-1	7.954407E+0
41.8907	0.000000E+0	-9.765625E-3	3.842163E-1	7.954102E+0
41.8907	8.850098E-3	-1.098633E-2	2.658081E-1	7.954407E+0
41.9063	1.159668E-2	0.000000E+0	2.111816E-1	7.954102E+0
41.9219	1.159668E-2	4.272461E-3	1.083374E-1	7.953796E+0
41.9219	1.800537E-2	8.239746E-3	2.471924E-2	7.954102E+0
41.9375	1.861572E-2	1.098633E-2	6.103516E-3	7.858276E+0
41.9375	1.403809E-2	1.281738E-2	5.493164E-3	7.758789E+0
41.9532	2.075195E-2	1.190186E-2	7.019043E-3	7.665405E+0
41.9688	7.934570E-3	1.434326E-2	7.019043E-3	7.557068E+0
41.9688	1.373291E-2	1.342773E-2	8.239746E-3	7.458496E+0
41.9844	1.007080E-2	1.464844E-2	7.934570E-3	7.360229E+0
42.0	1.708984E-2	1.098633E-2	8.544922E-3	7.255554E+0
42.0	1.373291E-2	1.251221E-2	8.544922E-3	7.157288E+0
42.0157	1.770020E-2	7.324219E-3	8.239746E-3	7.060242E+0
42.0313	1.220703E-2	1.312256E-2	9.460449E-3	6.954041E+0
42.0313	6.713867E-3	4.272461E-3	9.155273E-3	6.855774E+0
42.0469	9.765625E-3	4.272461E-3	8.239746E-3	6.760559E+0
42.0625	1.098633E-2	5.493164E-3	9.460449E-3	6.651611E+0
42.0625	1.007080E-2	6.713867E-3	8.850098E-3	6.554871E+0
42.0782	1.586914E-2	2.441406E-3	8.850098E-3	6.457825E+0
42.0782	1.281738E-2	2.746582E-3	8.850098E-3	6.351013E+0
42.0938	1.861572E-2	5.798340E-3	9.155273E-3	6.253357E+0
42.1094	1.251221E-2	7.019043E-3	8.544922E-3	6.154785E+0
42.1094	1.251221E-2	0.000000E+0	9.155273E-3	6.050415E+0
42.125	1.251221E-2	4.272461E-3	9.155273E-3	5.951538E+0
42.125	1.159668E-2	6.103516E-3	8.544922E-3	5.852356E+0
42.1407	9.765625E-3	3.967285E-3	9.460449E-3	5.748596E+0
42.1563	1.586914E-2	6.408691E-3	9.155273E-3	5.649719E+0
42.1563	7.629395E-3	9.155273E-3	8.544922E-3	5.550537E+0
42.1719	1.464844E-2	0.000000E+0	8.544922E-3	5.446472E+0
42.1875	1.068115E-2	5.187988E-3	8.544922E-3	5.346680E+0
42.2032	2.105713E-2	9.155273E-3	9.460449E-3	5.249939E+0
42.2188	2.105713E-2	3.051758E-3	9.155273E-3	5.044250E+0
42.2188	1.556396E-2	8.850098E-3	9.460449E-3	4.950256E+0
42.2344	1.800537E-2	6.103516E-3	9.765625E-3	4.843445E+0
42.25	9.460449E-3	8.239746E-3	9.155273E-3	4.743347E+0
42.25	9.765625E-3	9.765625E-3	8.850098E-3	4.644165E+0
42.2657	1.007080E-2	4.272461E-3	8.850098E-3	4.543457E+0
42.2813	1.678467E-2	4.882812E-3	9.460449E-3	4.396057E+0
42.2813	1.922607E-2	1.190186E-2	9.155273E-3	4.339905E+0
42.2969	1.800537E-2	6.713867E-3	8.850098E-3	4.246216E+0
42.3125	1.129150E-2	5.187988E-3	9.460449E-3	4.139099E+0
42.3125	8.544922E-3	8.850098E-3	9.155273E-3	4.037781E+0
42.3282	1.708984E-2	4.577637E-3	9.765625E-3	3.937073E+0
42.3282	1.281738E-2	9.155273E-3	9.155273E-3	3.843384E+0
42.3438	1.403809E-2	1.403809E-2	9.155273E-3	3.735046E+0
42.3594	1.159668E-2	9.460449E-3	9.155273E-3	3.634338E+0
42.3594	1.098633E-2	6.408691E-3	9.155273E-3	3.534851E+0
42.375	1.464844E-2	8.544922E-3	8.850098E-3	3.428345E+0
42.3907	1.708984E-2	1.403809E-2	9.460449E-3	3.333130E+0
42.3907	1.739502E-2	1.831055E-2	8.850098E-3	3.232422E+0
42.4063	1.312256E-2	4.272461E-3	9.460449E-3	3.129272E+0
42.4219	1.495361E-2	1.037598E-2	9.460449E-3	3.030701E+0
42.4219	5.187988E-3	1.617432E-2	9.460449E-3	2.931519E+0
42.4375	1.129150E-2	1.159668E-2	1.068115E-2	2.826233E+0
42.4375	1.617432E-2	1.281738E-2	1.068115E-2	2.727356E+0
42.4532	1.312256E-2	8.239746E-3	9.460449E-3	2.628784E+0
42.4688	1.647949E-2	1.434326E-2	1.007080E-2	2.523193E+0
42.4688	2.075195E-2	5.798340E-3	1.007080E-2	2.423706E+0
42.4844	1.678467E-2	8.239746E-3	9.765625E-3	2.323608E+0
42.5	7.019043E-3	1.586914E-2	9.765625E-3	2.220154E+0
42.5	2.014160E-2	9.460449E-3	9.765625E-3	2.120667E+0
42.5157	1.434326E-2	1.373291E-2	9.765625E-3	2.021790E+0
42.5313	1.586914E-2	1.312256E-2	9.765625E-3	1.917114E+0
42.5313	1.708984E-2	1.129150E-2	9.765625E-3	1.817627E+0
42.5469	1.861572E-2	9.765625E-3	9.460449E-3	1.720276E+0
42.5625	1.159668E-2	1.220703E-2	1.007080E-2	1.614380E+0
42.5625	2.044678E-2	1.068115E-2	1.037598E-2	1.515503E+0
42.5782	1.556396E-2	1.647949E-2	9.765625E-3	1.416321E+0
42.5782	1.129150E-2	2.197266E-2	1.007080E-2	1.311340E+0
42.5938	1.922607E-2	1.953125E-2	9.765625E-3	1.212769E+0
42.6094	1.068115E-2	1.190186E-2	1.007080E-2	1.112976E+0
42.6094	1.800537E-2	1.861572E-2	1.037598E-2	1.008911E+0
42.625	1.800537E-2	1.708984E-2	9.765625E-3	9.094238E-1
42.625	1.739502E-2	1.159668E-2	9.460449E-3	8.105469E-1
42.6407	2.227783E-2	2.380371E-2	1.037598E-2	7.064819E-1
42.6563	1.403809E-2	1.373291E-2	9.765625E-3	6.066895E-1
42.6563	2.044678E-2	1.617432E-2	1.037598E-2	5.075073E-1
42.6719	1.037598E-2	1.373291E-2	1.037598E-2	4.031372E-1
42.6875	1.678467E-2	1.831055E-2	1.037598E-2	3.027344E-1
42.6875	1.739502E-2	1.159668E-2	1.037598E-2	2.038574E-1
42.7032	2.502441E-2	2.136230E-2	1.037598E-2	1.049805E-1
42.7188	2.197266E-2	1.861572E-2	1.007080E-2	-6.103516E-4
42.7188	1.953125E-2	2.685547E-2	1.037598E-2	3.356934E-3
42.7344	2.044678E-2	1.373291E-2	1.037598E-2	5.187988E-3
42.75	1.708984E-2	2.563477E-2	1.037598E-2	6.408691E-3
42.75	9.155273E-3	1.739502E-2	1.037598E-2	5.493164E-3
42.7657	1.983643E-2	1.892090E-2	1.068115E-2	6.713867E-3
42.7813	1.922607E-2	2.502441E-2	1.068115E-2	7.019043E-3
42.7813	2.136230E-2	1.464844E-2	1.007080E-2	6.713867E-3
42.7969	2.166748E-2	1.708984E-2	1.007080E-2	6.713867E-3
42.8125	1.647949E-2	1.403809E-2	1.037598E-2	7.324219E-3
42.8125	2.685547E-2	1.495361E-2	1.037598E-2	7.019043E-3
42.8282	1.159668E-2	1.983643E-2	1.007080E-2	7.324219E-3
42.8282	1.556396E-2	2.014160E-2	1.068115E-2	7.324219E-3
42.8438	1.678467E-2	1.739502E-2	1.037598E-2	7.019043E-3
42.8594	1.800537E-2	1.953125E-2	1.037598E-2	7.324219E-3
42.8594	2.075195E-2	1.770020E-2	1.007080E-2	6.713867E-3
42.875	1.861572E-2	1.861572E-2	1.068115E-2	7.629395E-3
42.875	1.861572E-2	1.281738E-2	1.037598E-2	7.629395E-3
42.8907	1.190186E-2	2.258301E-2	1.007080E-2	7.324219E-3
42.9063	2.044678E-2	1.831055E-2	1.007080E-2	7.324219E-3
42.9063	1.464844E-2	1.831055E-2	1.098633E-2	7.934570E-3
42.9219	2.105713E-2	1.007080E-2	9.460449E-3	7.629395E-3
42.9375	2.197266E-2	1.617432E-2	1.068115E-2	7.019043E-3
42.9375	1.464844E-2	1.739502E-2	1.068115E-2	7.019043E-3
42.9532	2.044678E-2	1.892090E-2	1.068115E-2	7.934570E-3
42.9688	1.220703E-2	1.647949E-2	1.037598E-2	7.324219E-3
42.9688	1.800537E-2	1.342773E-2	1.037598E-2	7.324219E-3
42.9844	1.464844E-2	1.525879E-2	1.068115E-2	7.324219E-3
43.0	1.647949E-2	1.617432E-2	1.068115E-2	7.019043E-3
43.0	6.713867E-3	1.617432E-2	1.037598E-2	7.019043E-3
43.0157	2.075195E-2	1.861572E-2	1.007080E-2	7.629395E-3
43.0313	1.525879E-2	1.403809E-2	1.068115E-2	7.934570E-3
43.0313	2.105713E-2	2.136230E-2	1.037598E-2	7.629395E-3
43.0469	1.800537E-2	1.312256E-2	1.098633E-2	7.019043E-3
43.0625	1.281738E-2	2.563477E-2	1.068115E-2	7.629395E-3
43.0625	1.464844E-2	2.105713E-2	1.037598E-2	7.324219E-3
43.0782	2.258301E-2	1.007080E-2	1.037598E-2	7.934570E-3
43.0782	1.312256E-2	2.075195E-2	1.098633E-2	7.629395E-3
43.0938	1.495361E-2	1.831055E-2	9.765625E-3	7.324219E-3
43.1094	1.525879E-2	2.227783E-2	1.007080E-2	7.629395E-3
43.1094	1.556396E-2	1.831055E-2	1.037598E-2	7.629395E-3
43.125	2.136230E-2	1.983643E-2	1.068115E-2	7.324219E-3
43.125	1.464844E-2	1.281738E-2	1.037598E-2	7.629395E-3
43.1407	2.258301E-2	2.075195E-2	1.037598E-2	7.934570E-3
43.1563	2.044678E-2	1.739502E-2	1.068115E-2	7.324219E-3
43.1563	2.227783E-2	1.525879E-2	1.098633E-2	7.324219E-3
43.1719	1.464844E-2	1.953125E-2	1.098633E-2	8.239746E-3
43.1875	2.197266E-2	2.044678E-2	1.068115E-2	8.239746E-3
43.1875	1.068115E-2	1.861572E-2	1.098633E-2	7.324219E-3
43.2032	2.105713E-2	8.544922E-3	1.037598E-2	7.324219E-3
43.2188	1.251221E-2	1.770020E-2	1.098633E-2	7.629395E-3
43.2188	1.251221E-2	1.586914E-2	1.037598E-2	7.324219E-3
43.2344	1.953125E-2	1.556396E-2	1.098633E-2	7.629395E-3
43.25	2.532959E-2	1.770020E-2	1.007080E-2	7.629395E-3
43.25	1.556396E-2	1.708984E-2	1.007080E-2	7.629395E-3
43.2657	1.495361E-2	2.166748E-2	1.129150E-2	7.324219E-3
43.2813	1.190186E-2	1.739502E-2	1.037598E-2	7.629395E-3
43.2813	1.129150E-2	1.647949E-2	9.765625E-3	7.629395E-3
43.2969	1.586914E-2	1.434326E-2	1.068115E-2	7.324219E-3
43.2969	2.136230E-2	1.800537E-2	1.037598E-2	7.324219E-3
43.3125	1.220703E-2	1.708984E-2	1.037598E-2	7.934570E-3
43.3282	1.037598E-2	1.892090E-2	1.098633E-2	7.629395E-3
43.3282	1.647949E-2	1.434326E-2	1.007080E-2	7.629395E-3
43.3438	1.312256E-2	1.739502E-2	1.037598E-2	7.324219E-3
43.3594	1.708984E-2	1.220703E-2	1.037598E-2	8.239746E-3
43.3594	1.922607E-2	1.525879E-2	1.007080E-2	7.019043E-3
43.375	1.007080E-2	1.708984E-2	1.007080E-2	7.934570E-3
43.3907	1.708984E-2	1.678467E-2	1.068115E-2	7.629395E-3
43.3907	1.495361E-2	1.281738E-2	1.037598E-2	7.934570E-3
43.4063	1.861572E-2	1.068115E-2	1.068115E-2	7.324219E-3
43.4219	1.770020E-2	1.556396E-2	1.037598E-2	7.934570E-3
43.4219	2.044678E-2	2.166748E-2	1.037598E-2	7.629395E-3
43.4375	1.800537E-2	1.525879E-2	1.098633E-2	7.629395E-3
43.4375	1.708984E-2	1.129150E-2	1.068115E-2	7.324219E-3
43.4532	1.708984E-2	1.251221E-2	1.068115E-2	7.934570E-3
43.4688	1.556396E-2	1.861572E-2	1.037598E-2	7.324219E-3
43.4688	1.739502E-2	2.105713E-2	1.068115E-2	7.629395E-3
43.4844	1.556396E-2	1.586914E-2	1.007080E-2	7.629395E-3
43.4844	1.129150E-2	2.136230E-2	1.007080E-2	7.934570E-3
43.5	1.525879E-2	1.831055E-2	1.068115E-2	7.629395E-3
43.5157	1.220703E-2	1.739502E-2	1.098633E-2	7.629395E-3
43.5157	1.953125E-2	1.983643E-2	1.068115E-2	7.629395E-3
43.5313	1.739502E-2	1.708984E-2	1.037598E-2	7.629395E-3
43.5469	2.075195E-2	1.312256E-2	1.007080E-2	7.629395E-3
43.5469	1.617432E-2	1.922607E-2	1.007080E-2	7.324219E-3
43.5625	1.831055E-2	1.281738E-2	9.765625E-3	7.934570E-3
43.5782	2.380371E-2	1.617432E-2	1.037598E-2	7.019043E-3
43.5782	1.953125E-2	1.861572E-2	1.037598E-2	7.934570E-3
43.5938	2.502441E-2	1.892090E-2	1.037598E-2	7.019043E-3
43.6094	1.892090E-2	1.281738E-2	9.765625E-3	7.934570E-3
43.6094	1.953125E-2	1.953125E-2	1.068115E-2	7.629395E-3
43.625	1.922607E-2	2.044678E-2	1.098633E-2	7.629395E-3
43.6407	1.647949E-2	1.434326E-2	1.098633E-2	7.934570E-3
43.6407	1.708984E-2	1.739502E-2	1.007080E-2	7.629395E-3
43.6563	1.647949E-2	1.922607E-2	1.037598E-2	7.324219E-3
43.6719	1.708984E-2	2.227783E-2	1.007080E-2	7.629395E-3
43.6719	2.410889E-2	1.159668E-2	1.037598E-2	7.934570E-3
43.6875	1.434326E-2	2.014160E-2	1.007080E-2	7.324219E-3
43.6875	2.044678E-2	1.708984E-2	1.037598E-2	7.324219E-3
43.7032	1.464844E-2	1.647949E-2	1.007080E-2	7.629395E-3
43.7188	1.342773E-2	1.586914E-2	1.037598E-2	7.629395E-3
43.7188	1.983643E-2	1.495361E-2	1.068115E-2	7.324219E-3
43.7344	2.288818E-2	1.190186E-2	1.068115E-2	7.324219E-3
43.75	1.434326E-2	1.800537E-2	1.037598E-2	7.629395E-3
