March 02, 2010 12:55
529b02
H:\033-20100302-sws17-ls\traj\LS_p36_d80_vp20_vd20.traj
lateral amplification = 100
normal amp = 100
pitch angle = -3
roll angle = 280
cantilever = 529b02
<data>
time	voltageForceLateral	voltageForceNormal	voltagePositionX	voltagePositionY
143.5782	3.601074E-2	3.479004E-2	1.037598E-2	7.934570E-3
143.5938	3.112793E-2	4.211426E-2	9.460449E-3	7.324219E-3
143.5938	3.692627E-2	3.692627E-2	1.068115E-2	7.324219E-3
143.6094	3.417969E-2	3.509521E-2	9.765625E-3	8.239746E-3
143.6094	3.601074E-2	3.967285E-2	1.007080E-2	7.629395E-3
143.625	3.356934E-2	4.577637E-2	1.007080E-2	7.629395E-3
143.6407	4.455566E-2	3.753662E-2	1.068115E-2	7.324219E-3
143.6407	3.723145E-2	3.631592E-2	1.098633E-2	7.324219E-3
143.6563	3.356934E-2	4.516602E-2	1.068115E-2	7.324219E-3
143.6719	3.692627E-2	4.394531E-2	1.037598E-2	7.934570E-3
143.6719	3.875732E-2	3.753662E-2	1.007080E-2	7.934570E-3
143.6875	3.479004E-2	3.509521E-2	1.037598E-2	7.324219E-3
143.7032	3.509521E-2	4.730225E-2	1.098633E-2	7.629395E-3
143.7032	2.960205E-2	4.608154E-2	1.007080E-2	7.934570E-3
143.7188	3.753662E-2	3.692627E-2	1.068115E-2	7.629395E-3
143.7344	2.838135E-2	4.150391E-2	1.068115E-2	7.629395E-3
143.7344	4.272461E-2	4.180908E-2	1.068115E-2	7.324219E-3
143.75	3.479004E-2	4.333496E-2	1.129150E-2	7.629395E-3
143.75	3.479004E-2	4.730225E-2	1.068115E-2	6.713867E-3
143.7657	3.417969E-2	3.692627E-2	1.037598E-2	7.019043E-3
143.7813	3.540039E-2	3.570557E-2	1.037598E-2	7.629395E-3
143.7813	3.845215E-2	4.760742E-2	1.037598E-2	7.629395E-3
143.7969	4.058838E-2	3.662109E-2	1.068115E-2	8.239746E-3
143.8125	3.723145E-2	4.028320E-2	9.460449E-3	7.629395E-3
143.8125	3.753662E-2	4.241943E-2	1.037598E-2	7.324219E-3
143.8282	3.143311E-2	3.509521E-2	1.037598E-2	7.324219E-3
143.8438	3.997803E-2	4.089355E-2	1.037598E-2	8.239746E-3
143.8438	2.899170E-2	3.906250E-2	1.098633E-2	7.934570E-3
143.8594	3.387451E-2	3.448486E-2	1.068115E-2	7.629395E-3
143.8594	3.417969E-2	4.577637E-2	1.037598E-2	7.934570E-3
143.875	2.532959E-2	3.692627E-2	1.037598E-2	7.629395E-3
143.8907	3.204346E-2	4.455566E-2	1.068115E-2	7.629395E-3
143.8907	3.356934E-2	3.662109E-2	1.068115E-2	7.324219E-3
143.9063	2.838135E-2	3.784180E-2	1.068115E-2	7.629395E-3
143.9063	3.601074E-2	4.394531E-2	1.068115E-2	8.239746E-3
143.9219	3.723145E-2	3.601074E-2	1.068115E-2	7.629395E-3
143.9375	3.601074E-2	3.204346E-2	1.068115E-2	7.629395E-3
143.9375	3.387451E-2	3.723145E-2	1.068115E-2	8.239746E-3
143.9532	3.875732E-2	3.845215E-2	1.068115E-2	7.934570E-3
143.9688	3.112793E-2	4.150391E-2	1.037598E-2	7.629395E-3
143.9688	3.662109E-2	3.479004E-2	1.007080E-2	8.544922E-3
143.9844	3.387451E-2	4.058838E-2	1.037598E-2	7.934570E-3
144.0	3.204346E-2	4.119873E-2	1.037598E-2	7.324219E-3
144.0	3.509521E-2	4.058838E-2	1.068115E-2	6.713867E-3
144.0157	3.997803E-2	3.448486E-2	1.007080E-2	7.019043E-3
144.0313	3.417969E-2	3.906250E-2	9.460449E-3	7.324219E-3
144.0313	2.777100E-2	3.662109E-2	1.037598E-2	7.934570E-3
144.0469	3.417969E-2	3.570557E-2	1.068115E-2	7.629395E-3
144.0625	3.448486E-2	3.540039E-2	1.068115E-2	7.934570E-3
144.0625	3.173828E-2	4.394531E-2	1.037598E-2	7.629395E-3
144.0782	3.784180E-2	3.265381E-2	1.068115E-2	7.629395E-3
144.0938	3.143311E-2	4.119873E-2	1.007080E-2	7.934570E-3
144.0938	3.387451E-2	4.516602E-2	1.068115E-2	7.324219E-3
144.1094	3.204346E-2	3.417969E-2	1.037598E-2	7.629395E-3
144.1094	2.960205E-2	3.295898E-2	1.068115E-2	7.629395E-3
144.125	3.631592E-2	4.211426E-2	1.007080E-2	7.629395E-3
144.1407	2.777100E-2	4.333496E-2	1.068115E-2	7.629395E-3
144.1407	3.540039E-2	3.570557E-2	1.068115E-2	8.544922E-3
144.1563	3.326416E-2	3.845215E-2	1.037598E-2	8.239746E-3
144.1719	4.058838E-2	3.662109E-2	1.098633E-2	7.324219E-3
144.1719	2.655029E-2	3.814697E-2	1.007080E-2	7.934570E-3
144.1875	3.234863E-2	4.364014E-2	1.037598E-2	7.324219E-3
144.2032	3.326416E-2	3.479004E-2	1.037598E-2	7.324219E-3
144.2032	3.295898E-2	4.241943E-2	1.068115E-2	7.324219E-3
144.2188	3.540039E-2	3.601074E-2	1.068115E-2	8.239746E-3
144.2344	3.448486E-2	2.899170E-2	1.037598E-2	7.934570E-3
144.2344	2.960205E-2	3.448486E-2	1.098633E-2	7.629395E-3
144.25	3.814697E-2	4.089355E-2	1.007080E-2	7.629395E-3
144.25	3.601074E-2	3.814697E-2	1.068115E-2	8.239746E-3
144.2657	3.479004E-2	3.417969E-2	1.037598E-2	7.934570E-3
144.2813	3.875732E-2	3.082275E-2	1.068115E-2	7.324219E-3
144.2813	3.234863E-2	4.089355E-2	1.037598E-2	7.629395E-3
144.2969	2.960205E-2	3.479004E-2	1.800537E-2	7.629395E-3
144.2969	2.990723E-2	3.631592E-2	3.112793E-2	7.629395E-3
144.3125	2.990723E-2	3.540039E-2	5.371094E-2	8.239746E-3
144.3282	2.868652E-2	2.502441E-2	7.659912E-2	7.934570E-3
144.3282	2.655029E-2	3.356934E-2	9.063721E-2	7.934570E-3
144.3438	3.479004E-2	2.441406E-2	1.162720E-1	7.629395E-3
144.3594	2.502441E-2	3.051758E-2	1.354980E-1	7.324219E-3
144.3594	2.838135E-2	3.234863E-2	1.522827E-1	7.629395E-3
144.375	2.899170E-2	2.838135E-2	1.736450E-1	7.629395E-3
144.3907	2.563477E-2	3.112793E-2	1.959229E-1	7.629395E-3
144.3907	3.173828E-2	2.136230E-2	2.111816E-1	7.934570E-3
144.4063	2.532959E-2	2.441406E-2	2.340698E-1	7.324219E-3
144.4219	3.082275E-2	2.014160E-2	2.572632E-1	7.324219E-3
144.4219	2.655029E-2	2.166748E-2	2.709961E-1	7.629395E-3
144.4375	3.143311E-2	2.502441E-2	2.969360E-1	7.934570E-3
144.4532	2.441406E-2	1.586914E-2	3.182983E-1	7.019043E-3
144.4532	2.532959E-2	2.685547E-2	3.314209E-1	7.934570E-3
144.4688	1.708984E-2	2.349854E-2	3.536987E-1	7.324219E-3
144.4844	2.624512E-2	1.525879E-2	3.790283E-1	7.629395E-3
144.4844	2.044678E-2	1.739502E-2	3.909302E-1	7.934570E-3
144.5	2.349854E-2	1.770020E-2	4.156494E-1	7.629395E-3
144.5	2.410889E-2	1.159668E-2	4.385376E-1	7.629395E-3
144.5157	1.647949E-2	1.373291E-2	4.507446E-1	7.629395E-3
144.5313	2.410889E-2	7.629395E-3	4.736328E-1	7.324219E-3
144.5313	1.739502E-2	1.037598E-2	4.983521E-1	7.934570E-3
144.5469	2.624512E-2	4.882812E-3	5.105591E-1	8.239746E-3
144.5625	2.044678E-2	8.544922E-3	5.355835E-1	7.629395E-3
144.5625	1.739502E-2	-1.220703E-3	5.578613E-1	7.934570E-3
144.5782	2.136230E-2	5.493164E-3	5.706787E-1	7.934570E-3
144.5938	2.044678E-2	9.155273E-4	5.947876E-1	7.324219E-3
144.5938	2.655029E-2	-3.051758E-4	6.146240E-1	7.934570E-3
144.6094	1.647949E-2	0.000000E+0	6.304932E-1	7.324219E-3
144.6094	2.288818E-2	-4.272461E-3	6.546021E-1	7.934570E-3
144.625	1.953125E-2	-5.187988E-3	6.777954E-1	7.324219E-3
144.6407	1.586914E-2	-2.746582E-3	6.900024E-1	7.324219E-3
144.6407	2.471924E-2	-4.882812E-3	7.147217E-1	7.629395E-3
144.6563	1.983643E-2	-5.798340E-3	7.366943E-1	7.629395E-3
144.6563	1.190186E-2	-9.155273E-3	7.498169E-1	7.629395E-3
144.6719	1.525879E-2	-9.765625E-3	7.723999E-1	8.850098E-3
144.6875	1.739502E-2	-1.098633E-2	7.971191E-1	7.629395E-3
144.6875	1.953125E-2	-8.544922E-3	8.093262E-1	7.934570E-3
144.7032	1.464844E-2	-1.861572E-2	8.337402E-1	8.239746E-3
144.7188	1.556396E-2	-1.892090E-2	8.535767E-1	7.934570E-3
144.7188	1.586914E-2	-1.220703E-2	8.691406E-1	7.629395E-3
144.7344	1.647949E-2	-2.319336E-2	8.932495E-1	7.629395E-3
144.75	1.220703E-2	-1.617432E-2	9.161377E-1	7.629395E-3
144.75	1.403809E-2	-2.349854E-2	9.286499E-1	7.019043E-3
144.7657	1.007080E-2	-1.647949E-2	9.539795E-1	7.324219E-3
144.7813	1.525879E-2	-2.746582E-2	9.759521E-1	7.934570E-3
144.7813	1.159668E-2	-2.197266E-2	9.887695E-1	7.934570E-3
144.7969	1.251221E-2	-3.295898E-2	1.013489E+0	7.324219E-3
144.8125	8.544922E-3	-2.990723E-2	1.032715E+0	7.629395E-3
144.8125	6.713867E-3	-2.563477E-2	1.047974E+0	7.934570E-3
144.8282	6.713867E-3	-3.082275E-2	1.073303E+0	8.239746E-3
144.8438	1.190186E-2	-3.387451E-2	1.095276E+0	7.629395E-3
144.8438	8.239746E-3	-3.540039E-2	1.108093E+0	8.239746E-3
144.8594	9.765625E-3	-2.685547E-2	1.130676E+0	7.934570E-3
144.8594	5.798340E-3	-3.723145E-2	1.154785E+0	7.934570E-3
144.875	1.373291E-2	-3.204346E-2	1.167603E+0	7.934570E-3
144.8907	2.746582E-3	-3.326416E-2	1.190796E+0	7.934570E-3
144.8907	0.000000E+0	-3.784180E-2	1.214600E+0	7.324219E-3
144.9063	8.239746E-3	-4.699707E-2	1.226196E+0	7.629395E-3
144.9219	3.662109E-3	-3.936768E-2	1.246033E+0	7.629395E-3
144.9219	4.272461E-3	-3.723145E-2	1.266785E+0	7.324219E-3
144.9375	-3.051758E-3	-4.455566E-2	1.287842E+0	7.934570E-3
144.9532	4.272461E-3	-4.943848E-2	1.314392E+0	7.324219E-3
144.9532	-9.155273E-4	-5.401611E-2	1.326904E+0	8.239746E-3
144.9688	0.000000E+0	-4.852295E-2	1.349487E+0	7.324219E-3
144.9844	7.629395E-3	-5.096436E-2	1.374207E+0	8.239746E-3
144.9844	6.408691E-3	-4.638672E-2	1.387024E+0	7.934570E-3
145.0	8.850098E-3	-5.706787E-2	1.411743E+0	7.629395E-3
145.0	1.220703E-3	-6.347656E-2	1.433716E+0	7.629395E-3
145.0157	4.882812E-3	-5.950928E-2	1.446838E+0	7.324219E-3
145.0313	-3.967285E-3	-6.072998E-2	1.468811E+0	7.934570E-3
145.0313	4.577637E-3	-5.859375E-2	1.493225E+0	7.019043E-3
145.0469	0.000000E+0	-6.774902E-2	1.506348E+0	7.629395E-3
145.0625	-8.239746E-3	-6.408691E-2	1.531067E+0	7.934570E-3
145.0625	-4.577637E-3	-6.774902E-2	1.553650E+0	7.629395E-3
145.0782	-2.441406E-3	-6.805420E-2	1.565857E+0	7.629395E-3
145.0938	-2.746582E-3	-7.171631E-2	1.590881E+0	7.934570E-3
145.0938	-3.662109E-3	-7.293701E-2	1.610718E+0	7.629395E-3
145.1094	2.136230E-3	-7.751465E-2	1.625366E+0	7.934570E-3
145.1094	-4.577637E-3	-7.019043E-2	1.651001E+0	7.629395E-3
145.125	-4.882812E-3	-7.720947E-2	1.672668E+0	8.544922E-3
145.1407	-6.713867E-3	-7.659912E-2	1.685486E+0	7.324219E-3
145.1407	-6.713867E-3	-7.904053E-2	1.710510E+0	7.934570E-3
145.1563	-7.019043E-3	-7.995605E-2	1.732483E+0	7.629395E-3
145.1563	-5.798340E-3	-8.270264E-2	1.745300E+0	7.934570E-3
145.1719	-9.155273E-3	-8.331299E-2	1.768188E+0	7.629395E-3
145.1875	-1.495361E-2	-8.453369E-2	1.791992E+0	8.239746E-3
145.1875	-1.098633E-2	-8.850098E-2	1.803589E+0	8.239746E-3
145.2032	-1.129150E-2	-8.605957E-2	1.824341E+0	7.934570E-3
145.2188	-1.098633E-2	-9.613037E-2	1.843872E+0	7.324219E-3
145.2188	-9.765625E-3	-9.399414E-2	1.865540E+0	7.629395E-3
145.2344	-1.861572E-2	-9.704590E-2	1.892090E+0	7.934570E-3
145.25	-1.312256E-2	-1.049805E-1	1.904297E+0	7.324219E-3
145.25	-1.464844E-2	-9.521484E-2	1.928101E+0	7.324219E-3
145.2657	-1.586914E-2	-9.735107E-2	1.947937E+0	7.629395E-3
145.2813	-2.288818E-2	-9.857178E-2	1.964722E+0	7.629395E-3
145.2813	-1.892090E-2	-1.028442E-1	1.986694E+0	7.324219E-3
145.2969	-2.288818E-2	-1.113892E-1	2.011108E+0	7.324219E-3
145.2969	-1.892090E-2	-1.098633E-1	2.023621E+0	7.629395E-3
145.3125	-2.532959E-2	-1.104736E-1	2.046509E+0	7.324219E-3
145.3282	-1.983643E-2	-1.232910E-1	2.069092E+0	7.019043E-3
145.3282	-1.708984E-2	-1.132202E-1	2.083130E+0	7.934570E-3
145.3438	-2.197266E-2	-1.165771E-1	2.107849E+0	7.629395E-3
145.3594	-2.563477E-2	-1.235962E-1	2.127075E+0	7.934570E-3
145.3594	-2.044678E-2	-1.174927E-1	2.143860E+0	7.629395E-3
145.375	-2.044678E-2	-1.251221E-1	2.167664E+0	7.934570E-3
145.3907	-2.777100E-2	-1.193237E-1	2.188110E+0	7.324219E-3
145.3907	-2.014160E-2	-1.211548E-1	2.202759E+0	7.629395E-3
145.4063	-2.563477E-2	-1.367187E-1	2.225647E+0	8.239746E-3
145.4219	-2.807617E-2	-1.321411E-1	2.250061E+0	7.934570E-3
145.4219	-2.441406E-2	-1.330566E-1	2.262878E+0	7.629395E-3
145.4375	-3.143311E-2	-1.431274E-1	2.288513E+0	7.019043E-3
145.4532	-2.288818E-2	-1.431274E-1	2.310181E+0	7.629395E-3
145.4532	-2.990723E-2	-1.437378E-1	2.322388E+0	7.934570E-3
145.4688	-3.082275E-2	-1.483154E-1	2.344666E+0	7.934570E-3
145.4844	-3.448486E-2	-1.486206E-1	2.368774E+0	7.629395E-3
145.4844	-2.777100E-2	-1.480103E-1	2.382507E+0	7.934570E-3
145.5	-3.326416E-2	-1.553345E-1	2.406616E+0	7.019043E-3
145.5	-3.326416E-2	-1.574707E-1	2.429504E+0	8.239746E-3
145.5157	-3.051758E-2	-1.602173E-1	2.441406E+0	7.629395E-3
145.5313	-3.021240E-2	-1.617432E-1	2.464600E+0	7.934570E-3
145.5313	-3.875732E-2	-1.690674E-1	2.489319E+0	7.934570E-3
145.5469	-3.601074E-2	-1.696777E-1	2.501526E+0	7.934570E-3
145.5625	-3.662109E-2	-1.788330E-1	2.526855E+0	7.629395E-3
145.5625	-3.875732E-2	-1.794434E-1	2.547913E+0	7.934570E-3
145.5782	-4.119873E-2	-2.694702E-1	2.561340E+0	7.629395E-3
145.5938	-3.875732E-2	-2.218628E-1	2.585754E+0	7.629395E-3
145.5938	-4.455566E-2	-1.745605E-1	2.605591E+0	8.239746E-3
145.6094	-3.234863E-2	-1.501465E-1	2.621460E+0	7.629395E-3
145.6094	-3.784180E-2	-5.737305E-2	2.645569E+0	8.239746E-3
145.625	-2.441406E-2	1.220703E-2	2.668152E+0	7.629395E-3
145.6407	-2.899170E-2	4.913330E-2	2.680359E+0	7.629395E-3
145.6407	-1.312256E-2	1.342773E-1	2.706299E+0	7.629395E-3
145.6563	-9.765625E-3	2.032471E-1	2.727966E+0	7.629395E-3
145.6563	-6.103516E-4	2.438354E-1	2.740173E+0	7.629395E-3
145.6719	-8.544922E-3	3.216553E-1	2.763367E+0	7.324219E-3
145.6875	2.441406E-3	4.074097E-1	2.787781E+0	7.629395E-3
145.6875	-3.662109E-3	4.336548E-1	2.798767E+0	7.934570E-3
145.7032	5.798340E-3	5.053711E-1	2.819824E+0	7.324219E-3
145.7188	9.155273E-3	5.798340E-1	2.839355E+0	7.629395E-3
145.7188	7.629395E-3	6.497192E-1	2.860718E+0	7.629395E-3
145.7344	1.586914E-2	7.287598E-1	2.888489E+0	7.629395E-3
145.75	2.624512E-2	7.702637E-1	2.900391E+0	7.934570E-3
145.75	3.814697E-2	8.477783E-1	2.924805E+0	7.934570E-3
145.7657	2.746582E-2	9.194946E-1	2.944336E+0	7.934570E-3
145.7813	3.692627E-2	9.735107E-1	2.960205E+0	7.629395E-3
145.7813	3.753662E-2	1.045837E+0	2.983398E+0	7.934570E-3
145.7969	4.272461E-2	1.120605E+0	3.007202E+0	8.544922E-3
145.7969	4.547119E-2	1.168518E+0	3.020325E+0	7.934570E-3
145.8125	5.279541E-2	1.260986E+0	3.042908E+0	8.239746E-3
145.8282	5.584717E-2	1.333923E+0	3.067627E+0	7.934570E-3
145.8282	6.256104E-2	1.371460E+0	3.079834E+0	7.629395E-3
145.8438	6.805420E-2	1.447144E+0	3.104553E+0	7.629395E-3
145.8594	6.835937E-2	1.532593E+0	3.127441E+0	7.324219E-3
145.8594	7.568359E-2	1.567993E+0	3.140259E+0	8.544922E-3
145.875	7.232666E-2	1.658630E+0	3.164673E+0	7.934570E-3
145.8907	8.666992E-2	1.731262E+0	3.183899E+0	8.239746E-3
145.8907	8.514404E-2	1.769714E+0	3.199768E+0	8.239746E-3
145.9063	8.941650E-2	1.845703E+0	3.224487E+0	7.324219E-3
145.9219	8.087158E-2	1.936340E+0	3.246765E+0	7.934570E-3
145.9219	8.239746E-2	1.966858E+0	3.259583E+0	7.934570E-3
145.9375	7.781982E-2	2.050171E+0	3.284302E+0	7.629395E-3
145.9532	8.422852E-2	2.117310E+0	3.306885E+0	7.629395E-3
145.9532	8.209229E-2	2.178955E+0	3.319397E+0	7.019043E-3
145.9688	9.277344E-2	2.243347E+0	3.341980E+0	7.934570E-3
145.9844	9.185791E-2	2.332764E+0	3.368225E+0	7.629395E-3
145.9844	9.307861E-2	2.381897E+0	3.379211E+0	7.629395E-3
146.0	9.704590E-2	2.455444E+0	3.404236E+0	7.934570E-3
146.0	1.000977E-1	2.525330E+0	3.426514E+0	7.934570E-3
146.0157	9.887695E-2	2.578125E+0	3.439331E+0	8.239746E-3
146.0313	1.025391E-1	2.658081E+0	3.461914E+0	7.629395E-3
146.0313	1.089478E-1	2.732239E+0	3.486023E+0	7.629395E-3
146.0469	1.104736E-1	2.779541E+0	3.499756E+0	7.934570E-3
146.0625	1.177979E-1	2.870789E+0	3.524780E+0	7.629395E-3
146.0625	1.193237E-1	2.944031E+0	3.546143E+0	7.324219E-3
146.0782	1.184082E-1	2.991333E+0	3.558350E+0	7.629395E-3
146.0938	1.275635E-1	3.085022E+0	3.582764E+0	7.934570E-3
146.0938	1.263428E-1	3.081665E+0	3.589783E+0	8.239746E-3
146.1094	1.208496E-1	3.017883E+0	3.575134E+0	1.403809E-2
146.1094	1.159668E-1	2.939758E+0	3.551025E+0	2.136230E-2
146.125	1.107788E-1	2.888794E+0	3.529968E+0	2.929687E-2
146.1407	1.126099E-1	2.815857E+0	3.517456E+0	3.570557E-2
146.1407	1.007080E-1	2.741089E+0	3.494263E+0	4.364014E-2
146.1563	9.765625E-2	2.659607E+0	3.473511E+0	5.035400E-2
146.1719	9.460449E-2	2.628174E+0	3.460999E+0	5.767822E-2
146.1719	9.155273E-2	2.555237E+0	3.439941E+0	6.561279E-2
146.1875	8.483887E-2	2.463379E+0	3.416443E+0	7.232666E-2
146.1875	8.239746E-2	2.425232E+0	3.405151E+0	7.873535E-2
146.2032	7.843018E-2	2.330017E+0	3.382263E+0	8.789062E-2
146.2188	7.446289E-2	2.275085E+0	3.363647E+0	9.399414E-2
146.2188	6.958008E-2	2.225952E+0	3.348999E+0	1.010132E-1
146.2344	6.103516E-2	2.157898E+0	3.327942E+0	1.080322E-1
146.25	5.615234E-2	2.065125E+0	3.304138E+0	1.156616E-1
146.25	6.225586E-2	2.024536E+0	3.293152E+0	1.226807E-1
146.2657	5.767822E-2	1.936035E+0	3.268127E+0	1.312256E-1
146.2813	5.523682E-2	1.883850E+0	3.248901E+0	1.367187E-1
146.2813	5.126953E-2	1.835327E+0	3.236694E+0	1.440430E-1
146.2969	5.126953E-2	1.765747E+0	3.213806E+0	1.522827E-1
146.3125	4.669189E-2	1.673279E+0	3.195190E+0	1.593018E-1
146.3125	4.364014E-2	1.641541E+0	3.180847E+0	1.663208E-1
146.3282	3.112793E-2	1.575317E+0	3.158875E+0	1.730347E-1
146.3282	2.014160E-2	1.502075E+0	3.139038E+0	1.806641E-1
146.3438	1.861572E-2	1.428528E+0	3.124390E+0	1.882935E-1
146.3594	1.831055E-3	1.347656E+0	3.102112E+0	1.956177E-1
146.3594	-6.408691E-3	1.293640E+0	3.083801E+0	2.026367E-1
146.375	-1.159668E-2	1.234741E+0	3.068542E+0	2.096558E-1
146.3907	-2.258301E-2	1.172180E+0	3.045044E+0	2.178955E-1
146.3907	-3.356934E-2	1.082764E+0	3.026733E+0	2.243042E-1
146.4063	-3.997803E-2	1.044617E+0	3.013000E+0	2.313232E-1
146.4219	-5.493164E-2	9.515381E-1	2.988892E+0	2.392578E-1
146.4219	-6.225586E-2	8.883667E-1	2.969360E+0	2.456665E-1
146.4375	-6.042480E-2	8.416748E-1	2.954102E+0	2.529907E-1
146.4532	-8.453369E-2	7.479858E-1	2.929993E+0	2.615356E-1
146.4532	-9.185791E-2	6.732178E-1	2.909546E+0	2.673340E-1
146.4688	-9.765625E-2	6.387329E-1	2.899170E+0	2.746582E-1
146.4844	-1.074219E-1	5.688477E-1	2.877502E+0	2.822876E-1
146.4844	-1.251221E-1	4.940796E-1	2.857056E+0	2.890015E-1
146.5	-1.339722E-1	4.425049E-1	2.843018E+0	2.954102E-1
146.5	-1.495361E-1	3.570557E-1	2.818298E+0	3.048706E-1
146.5157	-1.525879E-1	2.856445E-1	2.799683E+0	3.112793E-1
146.5313	-1.724243E-1	2.505493E-1	2.784424E+0	3.182983E-1
146.5313	-1.797485E-1	1.803589E-1	2.766113E+0	3.250122E-1
146.5469	-1.934814E-1	1.126099E-1	2.743835E+0	3.338623E-1
146.5625	-2.026367E-1	3.479004E-2	2.730103E+0	3.399658E-1
146.5625	-2.270508E-1	-2.075195E-2	2.709045E+0	3.472900E-1
146.5782	-2.334595E-1	-1.043701E-1	2.686462E+0	3.546143E-1
146.5782	-2.462769E-1	-1.345825E-1	2.673035E+0	3.616333E-1
146.5938	-2.517700E-1	-2.215576E-1	2.649841E+0	3.698730E-1
146.6094	-2.731323E-1	-2.694702E-1	2.632446E+0	3.753662E-1
146.6094	-2.838135E-1	-3.399658E-1	2.619019E+0	3.829956E-1
146.625	-3.039551E-1	-4.171753E-1	2.594299E+0	3.909302E-1
146.6407	-3.103638E-1	-4.476929E-1	2.578430E+0	3.982544E-1
146.6407	-3.240967E-1	-5.328369E-1	2.558899E+0	4.052734E-1
146.6563	-3.451538E-1	-5.981445E-1	2.536621E+0	4.119873E-1
146.6563	-3.576660E-1	-6.552124E-1	2.524414E+0	4.187012E-1
146.6719	-3.750610E-1	-6.912231E-1	2.503662E+0	4.272461E-1
146.6875	-3.781128E-1	-8.102417E-1	2.480164E+0	4.342651E-1
146.6875	-4.000854E-1	-8.111572E-1	2.469177E+0	4.406738E-1
146.7032	-4.086304E-1	-9.173584E-1	2.445068E+0	4.486084E-1
146.7188	-4.266357E-1	-9.475708E-1	2.427673E+0	4.562378E-1
146.7188	-4.339600E-1	-1.014709E+0	2.413025E+0	4.629517E-1
146.7344	-4.522705E-1	-1.064758E+0	2.389221E+0	4.696655E-1
146.75	-4.226685E-1	-1.035767E+0	2.367859E+0	4.769897E-1
146.75	-3.204346E-2	-1.562500E-1	2.356262E+0	4.840088E-1
146.7657	-3.448486E-2	-1.586914E-1	2.333984E+0	4.928589E-1
146.7813	-4.150391E-2	-1.504517E-1	2.313232E+0	4.989624E-1
146.7813	-3.173828E-2	-1.504517E-1	2.301025E+0	5.053711E-1
146.7969	-3.570557E-2	-1.434326E-1	2.278442E+0	5.136108E-1
146.8125	-3.234863E-2	-1.528931E-1	2.260437E+0	5.209351E-1
146.8125	-3.662109E-2	-1.473999E-1	2.245178E+0	5.276489E-1
146.8282	-3.173828E-2	-1.330566E-1	2.221680E+0	5.349731E-1
146.8438	-2.990723E-2	-1.354980E-1	2.200317E+0	5.416870E-1
146.8438	-3.356934E-2	-1.406860E-1	2.189941E+0	5.493164E-1
146.8594	-3.143311E-2	-1.388550E-1	2.168274E+0	5.575562E-1
146.8594	-2.258301E-2	-1.339722E-1	2.145081E+0	5.639648E-1
146.875	-3.082275E-2	-1.293945E-1	2.134094E+0	5.703735E-1
146.8907	-3.051758E-2	-1.269531E-1	2.112427E+0	5.792236E-1
146.8907	-2.807617E-2	-1.263428E-1	2.088623E+0	5.859375E-1
146.9063	-2.624512E-2	-1.290894E-1	2.077332E+0	5.926514E-1
146.9219	-2.593994E-2	-1.235962E-1	2.053833E+0	6.002808E-1
146.9219	-2.868652E-2	-1.239014E-1	2.035522E+0	6.082153E-1
146.9375	-2.136230E-2	-1.226807E-1	2.021179E+0	6.152344E-1
146.9532	-2.716064E-2	-1.135254E-1	1.998291E+0	6.225586E-1
146.9532	-1.831055E-2	-1.129150E-1	1.977844E+0	6.289673E-1
146.9688	-2.105713E-2	-1.123047E-1	1.965942E+0	6.356812E-1
146.9844	-2.380371E-2	-1.126099E-1	1.941528E+0	6.439209E-1
146.9844	-1.831055E-2	-1.095581E-1	1.922913E+0	6.506348E-1
147.0	-2.136230E-2	-1.110840E-1	1.908875E+0	6.576538E-1
147.0	-2.349854E-2	-1.107788E-1	1.886597E+0	6.652832E-1
147.0157	-2.349854E-2	-1.080322E-1	1.868896E+0	6.732178E-1
147.0313	-2.075195E-2	-1.028442E-1	1.853333E+0	6.793213E-1
147.0313	-1.708984E-2	-1.077271E-1	1.831360E+0	6.869507E-1
147.0469	-1.342773E-2	-1.013184E-1	1.809998E+0	6.942749E-1
147.0469	-1.495361E-2	-9.704590E-2	1.797485E+0	7.015991E-1
147.0625	-1.983643E-2	-9.643555E-2	1.776123E+0	7.083130E-1
147.0782	-8.239746E-3	-9.552002E-2	1.752014E+0	7.159424E-1
147.0782	-1.739502E-2	-9.521484E-2	1.741943E+0	7.229614E-1
147.0938	-1.983643E-2	-9.552002E-2	1.717529E+0	7.308960E-1
147.1094	-1.434326E-2	-8.483887E-2	1.697083E+0	7.379150E-1
147.1094	-1.037598E-2	-9.826660E-2	1.686096E+0	7.446289E-1
147.125	-2.105713E-2	-9.246826E-2	1.662903E+0	7.519531E-1
147.1407	-1.708984E-2	-8.789062E-2	1.643982E+0	7.586670E-1
147.1407	-1.220703E-2	-8.911133E-2	1.628723E+0	7.662964E-1
147.1563	-1.434326E-2	-8.087158E-2	1.606140E+0	7.736206E-1
147.1719	-1.556396E-2	-8.666992E-2	1.585388E+0	7.806396E-1
147.1719	-1.068115E-2	-8.819580E-2	1.574097E+0	7.873535E-1
147.1875	-8.239746E-3	-8.117676E-2	1.550293E+0	7.958984E-1
147.2032	-8.239746E-3	-7.965088E-2	1.529541E+0	8.029175E-1
147.2032	-1.586914E-2	-7.751465E-2	1.517944E+0	8.093262E-1
147.2188	-7.934570E-3	-7.568359E-2	1.496277E+0	8.163452E-1
147.2344	-7.019043E-3	-7.781982E-2	1.471863E+0	8.245850E-1
147.2344	-1.007080E-2	-7.141113E-2	1.461182E+0	8.309937E-1
147.25	-4.882812E-3	-6.866455E-2	1.437988E+0	8.389282E-1
147.25	-7.934570E-3	-6.988525E-2	1.416931E+0	8.462524E-1
147.2657	-6.408691E-3	-6.683350E-2	1.405640E+0	8.532715E-1
147.2813	-1.770020E-2	-7.110596E-2	1.384888E+0	8.609009E-1
147.2813	-7.324219E-3	-6.805420E-2	1.361389E+0	8.673096E-1
147.2969	-1.831055E-3	-6.347656E-2	1.349792E+0	8.740234E-1
147.3125	-5.187988E-3	-6.164551E-2	1.325684E+0	8.816528E-1
147.3125	-2.441406E-3	-5.645752E-2	1.305542E+0	8.892822E-1
147.3282	0.000000E+0	-6.225586E-2	1.293030E+0	8.963013E-1
147.3438	-9.155273E-4	-5.737305E-2	1.269531E+0	9.039307E-1
147.3438	3.051758E-4	-5.828857E-2	1.253052E+0	9.100342E-1
147.3594	-1.525879E-3	-5.004883E-2	1.238098E+0	9.188843E-1
147.3594	-3.051758E-3	-5.187988E-2	1.216431E+0	9.255981E-1
147.375	6.408691E-3	-5.523682E-2	1.193848E+0	9.332275E-1
147.3907	-3.051758E-3	-5.432129E-2	1.181641E+0	9.390259E-1
147.3907	-1.525879E-3	-4.486084E-2	1.157837E+0	9.481812E-1
147.4063	0.000000E+0	-5.065918E-2	1.138306E+0	9.545898E-1
147.4063	0.000000E+0	-4.608154E-2	1.125183E+0	9.609985E-1
147.4219	1.525879E-3	-4.425049E-2	1.104736E+0	9.689331E-1
147.4375	-2.746582E-3	-4.302979E-2	1.082458E+0	9.765625E-1
147.4375	2.441406E-3	-3.814697E-2	1.070251E+0	9.832764E-1
147.4532	2.441406E-3	-4.516602E-2	1.047668E+0	9.906006E-1
147.4688	9.460449E-3	-3.662109E-2	1.028442E+0	9.973145E-1
147.4688	1.007080E-2	-3.601074E-2	1.013489E+0	1.004639E+0
147.4844	5.798340E-3	-3.417969E-2	9.912109E-1	1.011963E+0
147.5	8.239746E-3	-3.387451E-2	9.695435E-1	1.019287E+0
147.5	4.272461E-3	-3.753662E-2	9.576416E-1	1.026306E+0
147.5157	-1.525879E-3	-3.540039E-2	9.350586E-1	1.033325E+0
147.5313	8.239746E-3	-3.509521E-2	9.133911E-1	1.041260E+0
147.5313	1.831055E-3	-3.692627E-2	9.011841E-1	1.048279E+0
147.5469	7.019043E-3	-3.051758E-2	8.786011E-1	1.056519E+0
147.5625	9.155273E-3	-2.929687E-2	8.609009E-1	1.062622E+0
147.5625	1.617432E-2	-3.021240E-2	8.477783E-1	1.070251E+0
147.5782	5.798340E-3	-3.631592E-2	8.230591E-1	1.077271E+0
147.5938	1.129150E-2	-2.380371E-2	8.023071E-1	1.084290E+0
147.5938	3.662109E-3	-1.953125E-2	7.904053E-1	1.091003E+0
147.6094	1.373291E-2	-2.044678E-2	7.693481E-1	1.100159E+0
147.6094	6.408691E-3	-2.044678E-2	7.476807E-1	1.105957E+0
147.625	1.342773E-2	-1.647949E-2	7.336426E-1	1.112976E+0
147.6407	1.190186E-2	-1.678467E-2	7.122803E-1	1.120300E+0
147.6407	3.051758E-3	-1.617432E-2	6.900024E-1	1.127319E+0
147.6563	9.460449E-3	-7.629395E-3	6.784058E-1	1.134949E+0
147.6719	1.647949E-2	-1.556396E-2	6.552124E-1	1.142883E+0
147.6719	1.129150E-2	-1.770020E-2	6.375122E-1	1.149292E+0
147.6875	1.342773E-2	-9.460449E-3	6.216431E-1	1.156311E+0
147.7032	1.251221E-2	-1.647949E-2	5.996704E-1	1.164551E+0
147.7032	1.464844E-2	-8.544922E-3	5.776978E-1	1.171265E+0
147.7188	1.647949E-2	-9.460449E-3	5.661011E-1	1.177063E+0
147.7344	1.312256E-2	-1.037598E-2	5.429077E-1	1.185608E+0
147.7344	1.220703E-2	-7.019043E-3	5.218506E-1	1.193237E+0
147.75	1.678467E-2	-3.662109E-3	5.096436E-1	1.199951E+0
147.75	1.678467E-2	1.525879E-3	4.885864E-1	1.207275E+0
147.7657	1.983643E-2	-3.051758E-3	4.696655E-1	1.214600E+0
147.7813	2.349854E-2	-9.155273E-4	4.544067E-1	1.221924E+0
147.7813	1.739502E-2	0.000000E+0	4.324341E-1	1.229553E+0
147.7969	1.464844E-2	2.136230E-3	4.092407E-1	1.237183E+0
147.7969	1.373291E-2	9.155273E-4	3.985596E-1	1.243286E+0
147.8125	1.251221E-2	4.882812E-3	3.778076E-1	1.250610E+0
147.8282	1.647949E-2	2.136230E-3	3.549194E-1	1.258850E+0
147.8282	1.007080E-2	-1.220703E-3	3.436279E-1	1.264954E+0
147.8438	2.746582E-2	6.103516E-3	3.192139E-1	1.272583E+0
147.8594	1.708984E-2	1.190186E-2	2.981567E-1	1.279907E+0
147.8594	1.953125E-2	8.850098E-3	2.868652E-1	1.286926E+0
147.875	2.319336E-2	4.272461E-3	2.624512E-1	1.295166E+0
147.8907	2.105713E-2	4.882812E-3	2.456665E-1	1.300659E+0
147.8907	2.532959E-2	3.662109E-3	2.307129E-1	1.308289E+0
147.9063	2.471924E-2	8.544922E-3	2.081299E-1	1.317139E+0
147.9219	2.288818E-2	1.098633E-2	1.879883E-1	1.323853E+0
147.9219	2.410889E-2	1.129150E-2	1.748657E-1	1.330261E+0
147.9375	3.784180E-2	1.647949E-2	1.519775E-1	1.337585E+0
147.9532	2.044678E-2	1.861572E-2	1.312256E-1	1.345520E+0
147.9532	1.403809E-2	2.014160E-2	1.190186E-1	1.351624E+0
147.9688	2.441406E-2	1.434326E-2	9.826660E-2	1.359558E+0
147.9844	2.899170E-2	1.922607E-2	7.507324E-2	1.366577E+0
147.9844	2.624512E-2	1.678467E-2	6.256104E-2	1.372681E+0
148.0	1.953125E-2	2.471924E-2	4.089355E-2	1.381836E+0
148.0	2.471924E-2	1.953125E-2	1.953125E-2	1.388550E+0
148.0157	2.502441E-2	2.075195E-2	8.850098E-3	1.394348E+0
148.0313	1.739502E-2	1.922607E-2	7.934570E-3	1.292114E+0
148.0313	2.716064E-2	2.288818E-2	8.239746E-3	1.185913E+0
148.0469	2.227783E-2	1.953125E-2	8.544922E-3	1.085815E+0
148.0625	3.112793E-2	2.563477E-2	9.460449E-3	9.689331E-1
148.0625	2.777100E-2	2.349854E-2	9.155273E-3	8.639526E-1
148.0782	3.723145E-2	2.197266E-2	8.850098E-3	7.598877E-1
148.0938	2.563477E-2	2.777100E-2	9.460449E-3	6.475830E-1
148.0938	2.105713E-2	1.922607E-2	9.460449E-3	5.416870E-1
148.1094	2.777100E-2	2.075195E-2	9.765625E-3	4.360962E-1
148.1094	2.777100E-2	2.532959E-2	9.460449E-3	3.262329E-1
148.125	2.532959E-2	2.593994E-2	1.007080E-2	2.206421E-1
148.1407	2.471924E-2	2.380371E-2	9.460449E-3	1.153564E-1
148.1407	2.288818E-2	2.624512E-2	1.037598E-2	4.272461E-3
148.1563	2.716064E-2	2.624512E-2	1.068115E-2	6.408691E-3
148.1563	2.044678E-2	3.112793E-2	1.007080E-2	6.408691E-3
148.1719	2.441406E-2	2.563477E-2	1.007080E-2	7.324219E-3
148.1875	3.082275E-2	3.021240E-2	1.037598E-2	7.324219E-3
148.1875	3.112793E-2	3.021240E-2	1.037598E-2	7.629395E-3
148.2032	2.655029E-2	2.502441E-2	1.037598E-2	7.629395E-3
148.2188	2.868652E-2	2.044678E-2	1.037598E-2	8.239746E-3
148.2188	2.258301E-2	2.899170E-2	1.037598E-2	7.324219E-3
148.2344	3.479004E-2	2.716064E-2	1.068115E-2	7.324219E-3
148.25	2.593994E-2	2.960205E-2	1.068115E-2	7.019043E-3
148.25	2.197266E-2	2.990723E-2	1.068115E-2	8.239746E-3
148.2657	3.204346E-2	2.624512E-2	1.037598E-2	7.324219E-3
148.2813	3.204346E-2	2.777100E-2	1.068115E-2	7.324219E-3
148.2813	2.410889E-2	2.288818E-2	1.007080E-2	7.934570E-3
148.2969	2.258301E-2	1.831055E-2	1.007080E-2	7.324219E-3
148.3125	2.990723E-2	2.502441E-2	1.007080E-2	7.629395E-3
148.3125	2.960205E-2	2.990723E-2	1.037598E-2	7.934570E-3
148.3282	3.112793E-2	3.143311E-2	1.007080E-2	7.629395E-3
148.3282	3.173828E-2	2.990723E-2	1.068115E-2	8.239746E-3
148.3438	2.563477E-2	3.540039E-2	1.068115E-2	7.934570E-3
148.3594	2.471924E-2	2.441406E-2	1.037598E-2	7.019043E-3
148.3594	3.021240E-2	3.143311E-2	1.068115E-2	7.324219E-3
148.375	2.624512E-2	3.417969E-2	1.068115E-2	7.629395E-3
148.3907	2.380371E-2	2.777100E-2	1.037598E-2	7.629395E-3
148.3907	3.082275E-2	2.593994E-2	1.037598E-2	7.324219E-3
148.4063	2.471924E-2	2.410889E-2	1.068115E-2	7.629395E-3
148.4219	2.349854E-2	2.258301E-2	1.037598E-2	7.324219E-3
148.4219	2.380371E-2	2.227783E-2	1.037598E-2	7.324219E-3
148.4375	2.380371E-2	2.990723E-2	1.007080E-2	7.019043E-3
148.4532	2.624512E-2	2.593994E-2	1.007080E-2	7.934570E-3
148.4532	3.570557E-2	3.051758E-2	1.007080E-2	7.629395E-3
148.4688	2.899170E-2	1.800537E-2	1.037598E-2	7.629395E-3
148.4844	2.471924E-2	2.777100E-2	1.037598E-2	7.324219E-3
148.4844	2.868652E-2	2.441406E-2	1.037598E-2	7.324219E-3
148.5	2.685547E-2	2.624512E-2	1.068115E-2	7.629395E-3
148.5	2.807617E-2	2.685547E-2	1.068115E-2	7.629395E-3
148.5157	2.685547E-2	2.197266E-2	1.068115E-2	8.239746E-3
148.5313	2.410889E-2	2.929687E-2	1.007080E-2	7.324219E-3
148.5313	2.044678E-2	3.295898E-2	1.007080E-2	7.324219E-3
148.5469	2.197266E-2	2.960205E-2	1.037598E-2	7.629395E-3
148.5469	2.960205E-2	3.021240E-2	1.068115E-2	7.324219E-3
148.5625	3.295898E-2	3.051758E-2	1.007080E-2	7.019043E-3
148.5782	2.380371E-2	2.563477E-2	1.068115E-2	7.629395E-3
148.5782	2.655029E-2	2.624512E-2	1.037598E-2	7.629395E-3
148.5938	2.838135E-2	3.021240E-2	1.129150E-2	7.324219E-3
148.6094	3.021240E-2	2.868652E-2	9.765625E-3	7.934570E-3
148.6094	2.777100E-2	2.716064E-2	1.007080E-2	8.239746E-3
148.625	3.051758E-2	2.502441E-2	1.037598E-2	7.324219E-3
148.6407	2.899170E-2	2.960205E-2	1.068115E-2	7.934570E-3
148.6407	3.112793E-2	2.960205E-2	1.068115E-2	7.629395E-3
148.6563	2.624512E-2	3.234863E-2	1.037598E-2	7.934570E-3
148.6719	2.593994E-2	3.173828E-2	1.098633E-2	7.934570E-3
148.6719	2.685547E-2	2.410889E-2	1.098633E-2	7.934570E-3
148.6875	3.356934E-2	2.563477E-2	1.098633E-2	8.239746E-3
148.7032	2.990723E-2	2.716064E-2	1.068115E-2	7.629395E-3
148.7032	2.716064E-2	2.502441E-2	9.765625E-3	7.934570E-3
148.7188	2.319336E-2	3.173828E-2	1.068115E-2	7.629395E-3
148.7344	2.593994E-2	2.502441E-2	1.098633E-2	7.019043E-3
148.7344	2.990723E-2	2.166748E-2	1.037598E-2	7.629395E-3
148.75	2.227783E-2	2.288818E-2	1.068115E-2	7.324219E-3
148.75	2.990723E-2	2.532959E-2	1.037598E-2	7.324219E-3
148.7657	2.868652E-2	2.746582E-2	1.037598E-2	7.324219E-3
148.7813	2.197266E-2	2.838135E-2	1.068115E-2	7.629395E-3
148.7813	3.356934E-2	2.990723E-2	1.098633E-2	7.629395E-3
148.7969	3.204346E-2	2.227783E-2	1.068115E-2	6.713867E-3
148.8125	2.380371E-2	2.502441E-2	1.068115E-2	7.629395E-3
148.8125	3.082275E-2	3.417969E-2	1.037598E-2	7.629395E-3
148.8282	2.563477E-2	3.143311E-2	1.007080E-2	7.324219E-3
148.8438	2.593994E-2	2.777100E-2	1.068115E-2	8.239746E-3
148.8438	2.593994E-2	2.746582E-2	1.098633E-2	7.324219E-3
148.8594	3.021240E-2	2.685547E-2	1.098633E-2	7.324219E-3
148.8594	2.990723E-2	2.746582E-2	1.098633E-2	7.629395E-3
148.875	2.929687E-2	2.410889E-2	1.068115E-2	8.239746E-3
148.8907	2.258301E-2	1.586914E-2	1.007080E-2	7.934570E-3
148.8907	2.410889E-2	2.288818E-2	1.068115E-2	8.239746E-3
148.9063	2.136230E-2	2.716064E-2	1.068115E-2	8.544922E-3
148.9219	3.814697E-2	2.960205E-2	1.037598E-2	7.934570E-3
148.9219	2.319336E-2	2.716064E-2	1.037598E-2	7.629395E-3
148.9375	1.831055E-2	3.051758E-2	1.068115E-2	7.934570E-3
148.9532	2.349854E-2	3.082275E-2	1.037598E-2	8.239746E-3
148.9532	3.326416E-2	2.227783E-2	1.037598E-2	7.629395E-3
148.9688	2.655029E-2	2.380371E-2	1.037598E-2	7.934570E-3
148.9844	3.326416E-2	2.502441E-2	1.068115E-2	7.324219E-3
148.9844	2.532959E-2	2.868652E-2	1.037598E-2	7.934570E-3
149.0	2.441406E-2	2.929687E-2	1.037598E-2	7.629395E-3
149.0	2.655029E-2	3.265381E-2	1.098633E-2	7.629395E-3
149.0157	2.777100E-2	3.082275E-2	1.068115E-2	7.019043E-3
149.0313	3.509521E-2	2.593994E-2	1.068115E-2	7.629395E-3
149.0313	2.685547E-2	2.899170E-2	1.037598E-2	7.629395E-3
149.0469	2.471924E-2	2.563477E-2	1.037598E-2	7.629395E-3
149.0469	2.502441E-2	2.410889E-2	1.068115E-2	7.629395E-3
149.0625	2.258301E-2	2.960205E-2	1.098633E-2	7.629395E-3
149.0782	2.838135E-2	2.502441E-2	1.037598E-2	7.629395E-3
149.0782	3.784180E-2	2.777100E-2	1.007080E-2	7.629395E-3
149.0938	3.082275E-2	2.563477E-2	1.007080E-2	7.324219E-3
149.1094	2.563477E-2	2.410889E-2	1.007080E-2	7.934570E-3
149.1094	2.471924E-2	2.410889E-2	1.007080E-2	7.629395E-3
149.125	2.349854E-2	2.807617E-2	1.037598E-2	7.629395E-3
149.1407	2.807617E-2	2.990723E-2	1.037598E-2	7.629395E-3
149.1407	2.288818E-2	1.861572E-2	1.007080E-2	7.934570E-3
149.1563	2.593994E-2	2.899170E-2	1.007080E-2	7.629395E-3
149.1719	3.112793E-2	3.082275E-2	1.037598E-2	7.934570E-3
149.1719	2.990723E-2	2.502441E-2	1.098633E-2	7.629395E-3
149.1875	2.838135E-2	2.410889E-2	1.068115E-2	7.629395E-3
149.2032	2.655029E-2	3.417969E-2	1.037598E-2	7.629395E-3
149.2032	2.532959E-2	2.136230E-2	1.068115E-2	7.934570E-3
149.2188	3.417969E-2	2.685547E-2	1.007080E-2	7.629395E-3
149.2344	2.655029E-2	3.082275E-2	1.037598E-2	7.934570E-3
149.2344	2.807617E-2	2.502441E-2	1.068115E-2	7.019043E-3
149.25	1.953125E-2	2.136230E-2	1.037598E-2	7.629395E-3
149.25	2.777100E-2	2.685547E-2	1.007080E-2	7.324219E-3
149.2657	3.082275E-2	2.502441E-2	1.037598E-2	8.239746E-3
149.2813	2.807617E-2	2.838135E-2	1.068115E-2	7.629395E-3
149.2813	2.532959E-2	2.075195E-2	1.037598E-2	7.324219E-3
149.2969	3.021240E-2	2.166748E-2	1.037598E-2	7.324219E-3
149.3125	2.807617E-2	2.532959E-2	1.037598E-2	7.324219E-3
149.3125	2.655029E-2	2.227783E-2	1.007080E-2	7.934570E-3
149.3282	2.899170E-2	2.563477E-2	1.007080E-2	8.239746E-3
149.3438	2.471924E-2	3.021240E-2	1.068115E-2	7.934570E-3
149.3438	3.082275E-2	2.655029E-2	1.007080E-2	7.324219E-3
149.3594	2.380371E-2	2.838135E-2	1.068115E-2	7.324219E-3
149.3594	2.838135E-2	2.929687E-2	1.098633E-2	7.934570E-3
149.375	2.716064E-2	2.441406E-2	1.007080E-2	7.629395E-3
149.3907	2.929687E-2	2.746582E-2	1.037598E-2	8.239746E-3
149.3907	2.807617E-2	2.899170E-2	1.098633E-2	7.324219E-3
149.4063	2.716064E-2	2.471924E-2	1.068115E-2	7.324219E-3
149.4063	2.227783E-2	2.349854E-2	1.068115E-2	7.934570E-3
