March 02, 2010 13:00
529b02
H:\033-20100302-sws17-ls\traj\LS_p36_d80_vp20_vd20.traj
lateral amplification = 100
normal amp = 100
pitch angle = -3
roll angle = 280
cantilever = 529b02
<data>
time	voltageForceLateral	voltageForceNormal	voltagePositionX	voltagePositionY
62.4219	4.547119E-2	6.439209E-2	1.068115E-2	7.324219E-3
62.4375	5.035400E-2	7.354736E-2	1.037598E-2	7.934570E-3
62.4375	5.828857E-2	6.164551E-2	1.037598E-2	7.934570E-3
62.4531	4.821777E-2	6.591797E-2	1.068115E-2	7.629395E-3
62.4688	5.706787E-2	6.317139E-2	1.068115E-2	7.629395E-3
62.4688	5.706787E-2	6.622314E-2	1.068115E-2	7.934570E-3
62.4844	5.157471E-2	6.805420E-2	1.037598E-2	7.629395E-3
62.4844	5.920410E-2	6.896973E-2	9.765625E-3	7.934570E-3
62.5	5.828857E-2	6.927490E-2	1.068115E-2	7.629395E-3
62.5156	5.584717E-2	6.439209E-2	9.765625E-3	7.324219E-3
62.5156	5.584717E-2	6.713867E-2	1.037598E-2	7.324219E-3
62.5313	5.065918E-2	6.683350E-2	1.068115E-2	7.934570E-3
62.5313	5.401611E-2	6.774902E-2	1.037598E-2	7.019043E-3
62.5469	5.096436E-2	6.958008E-2	1.068115E-2	7.324219E-3
62.5625	4.943848E-2	6.530762E-2	1.037598E-2	7.934570E-3
62.5781	5.889893E-2	7.598877E-2	1.037598E-2	7.019043E-3
62.5781	5.493164E-2	6.774902E-2	1.068115E-2	7.934570E-3
62.5938	5.767822E-2	6.500244E-2	1.068115E-2	7.934570E-3
62.6094	4.852295E-2	6.500244E-2	1.037598E-2	7.934570E-3
62.6094	5.401611E-2	6.469727E-2	1.037598E-2	7.934570E-3
62.625	5.554199E-2	7.385254E-2	1.068115E-2	7.324219E-3
62.625	5.493164E-2	6.988525E-2	9.765625E-3	7.629395E-3
62.6406	5.371094E-2	6.378174E-2	1.037598E-2	7.934570E-3
62.6563	5.462646E-2	6.072998E-2	1.007080E-2	7.934570E-3
62.6563	5.126953E-2	7.049561E-2	1.007080E-2	7.629395E-3
62.6719	5.523682E-2	6.439209E-2	1.068115E-2	7.934570E-3
62.6875	5.096436E-2	7.019043E-2	1.068115E-2	7.629395E-3
62.6875	5.706787E-2	6.744385E-2	1.037598E-2	7.324219E-3
62.7031	5.584717E-2	7.507324E-2	1.007080E-2	7.324219E-3
62.7188	5.676270E-2	6.225586E-2	1.068115E-2	7.934570E-3
62.7188	5.645752E-2	7.202148E-2	1.068115E-2	7.324219E-3
62.7344	5.004883E-2	6.439209E-2	1.068115E-2	8.239746E-3
62.7344	5.706787E-2	6.683350E-2	1.068115E-2	7.629395E-3
62.75	5.828857E-2	6.622314E-2	1.037598E-2	7.324219E-3
62.7656	5.004883E-2	6.591797E-2	1.037598E-2	7.629395E-3
62.7656	5.432129E-2	6.896973E-2	1.068115E-2	8.239746E-3
62.7813	5.493164E-2	6.988525E-2	1.068115E-2	7.019043E-3
62.7813	5.310059E-2	7.263184E-2	1.037598E-2	7.324219E-3
62.7969	4.882812E-2	7.049561E-2	1.037598E-2	7.019043E-3
62.8125	5.279541E-2	6.286621E-2	1.037598E-2	7.934570E-3
62.8125	5.828857E-2	7.263184E-2	1.098633E-2	7.324219E-3
62.8281	5.676270E-2	7.446289E-2	1.098633E-2	7.934570E-3
62.8438	5.462646E-2	7.019043E-2	1.068115E-2	8.239746E-3
62.8438	4.943848E-2	7.476807E-2	1.037598E-2	7.934570E-3
62.8594	5.676270E-2	7.202148E-2	1.068115E-2	7.019043E-3
62.875	5.950928E-2	6.469727E-2	1.068115E-2	7.629395E-3
62.875	5.401611E-2	6.011963E-2	1.068115E-2	7.324219E-3
62.8906	5.889893E-2	6.835937E-2	1.037598E-2	7.934570E-3
62.9063	5.187988E-2	7.110596E-2	1.037598E-2	7.629395E-3
62.9063	5.340576E-2	7.080078E-2	1.098633E-2	7.324219E-3
62.9219	5.432129E-2	7.080078E-2	1.037598E-2	7.324219E-3
62.9375	5.493164E-2	7.232666E-2	1.007080E-2	7.629395E-3
62.9375	4.821777E-2	7.446289E-2	1.068115E-2	7.324219E-3
62.9531	5.493164E-2	7.324219E-2	1.007080E-2	7.324219E-3
62.9531	5.767822E-2	6.713867E-2	1.068115E-2	7.629395E-3
62.9688	5.157471E-2	7.232666E-2	1.098633E-2	7.629395E-3
62.9844	5.615234E-2	7.019043E-2	1.007080E-2	7.934570E-3
62.9844	4.760742E-2	6.958008E-2	1.037598E-2	7.934570E-3
63.0	5.889893E-2	6.439209E-2	1.068115E-2	7.629395E-3
63.0156	5.889893E-2	6.408691E-2	1.037598E-2	7.324219E-3
63.0156	4.882812E-2	6.408691E-2	1.007080E-2	7.629395E-3
63.0313	5.889893E-2	7.659912E-2	1.037598E-2	7.324219E-3
63.0313	5.401611E-2	6.713867E-2	1.037598E-2	7.629395E-3
63.0469	5.371094E-2	7.080078E-2	1.098633E-2	7.324219E-3
63.0625	5.065918E-2	6.713867E-2	1.037598E-2	7.629395E-3
63.0781	4.730225E-2	6.652832E-2	1.037598E-2	7.934570E-3
63.0781	5.218506E-2	5.920410E-2	1.037598E-2	7.934570E-3
63.0938	5.554199E-2	6.256104E-2	1.037598E-2	7.629395E-3
63.1094	4.364014E-2	6.347656E-2	1.007080E-2	8.239746E-3
63.1094	4.791260E-2	5.920410E-2	1.068115E-2	7.629395E-3
63.125	4.577637E-2	6.530762E-2	1.037598E-2	7.934570E-3
63.125	5.126953E-2	7.110596E-2	1.068115E-2	7.324219E-3
63.1406	4.974365E-2	7.049561E-2	1.068115E-2	8.239746E-3
63.1563	5.706787E-2	7.019043E-2	1.037598E-2	7.629395E-3
63.1563	5.096436E-2	6.744385E-2	1.037598E-2	7.629395E-3
63.1719	5.126953E-2	6.774902E-2	1.007080E-2	7.629395E-3
63.1875	5.432129E-2	6.378174E-2	1.037598E-2	7.629395E-3
63.1875	5.249023E-2	7.171631E-2	1.037598E-2	7.934570E-3
63.2031	5.432129E-2	6.561279E-2	1.068115E-2	8.239746E-3
63.2188	5.767822E-2	6.988525E-2	1.068115E-2	7.324219E-3
63.2188	5.432129E-2	6.347656E-2	1.098633E-2	7.324219E-3
63.2344	5.310059E-2	6.774902E-2	1.037598E-2	7.629395E-3
63.2344	5.737305E-2	6.805420E-2	1.037598E-2	7.934570E-3
63.25	5.096436E-2	6.561279E-2	1.098633E-2	7.324219E-3
63.2656	5.126953E-2	6.408691E-2	1.098633E-2	7.934570E-3
63.2656	4.974365E-2	6.713867E-2	1.037598E-2	7.934570E-3
63.2813	4.791260E-2	6.256104E-2	1.037598E-2	7.629395E-3
63.2813	5.096436E-2	7.293701E-2	1.037598E-2	7.324219E-3
63.2969	5.554199E-2	7.019043E-2	1.037598E-2	7.934570E-3
63.3125	5.340576E-2	6.896973E-2	1.068115E-2	7.629395E-3
63.3281	5.035400E-2	7.110596E-2	1.007080E-2	7.629395E-3
63.3281	5.249023E-2	6.958008E-2	1.068115E-2	7.629395E-3
63.3438	5.493164E-2	6.896973E-2	1.037598E-2	7.934570E-3
63.3438	5.920410E-2	6.469727E-2	1.037598E-2	7.629395E-3
63.3594	5.340576E-2	6.500244E-2	1.251221E-2	7.019043E-3
63.375	5.706787E-2	6.530762E-2	3.356934E-2	7.324219E-3
63.375	5.493164E-2	6.988525E-2	5.523682E-2	7.629395E-3
63.3906	5.493164E-2	6.744385E-2	7.141113E-2	7.324219E-3
63.4063	5.126953E-2	6.164551E-2	9.582520E-2	7.629395E-3
63.4063	4.974365E-2	6.988525E-2	1.184082E-1	7.934570E-3
63.4219	5.065918E-2	5.889893E-2	1.318359E-1	7.629395E-3
63.4375	4.730225E-2	5.767822E-2	1.568604E-1	7.934570E-3
63.4375	5.035400E-2	5.981445E-2	1.785278E-1	7.629395E-3
63.4531	5.187988E-2	6.561279E-2	1.922607E-1	7.324219E-3
63.4688	4.913330E-2	5.645752E-2	2.148437E-1	7.934570E-3
63.4688	4.791260E-2	5.859375E-2	2.389526E-1	7.934570E-3
63.4844	4.821777E-2	4.913330E-2	2.517700E-1	7.934570E-3
63.4844	4.577637E-2	5.004883E-2	2.767944E-1	7.629395E-3
63.5	4.364014E-2	5.432129E-2	2.984619E-1	7.324219E-3
63.5156	4.943848E-2	4.608154E-2	3.112793E-1	7.629395E-3
63.5156	4.302979E-2	5.035400E-2	3.338623E-1	7.934570E-3
63.5313	3.814697E-2	4.455566E-2	3.579712E-1	7.934570E-3
63.5313	5.187988E-2	4.455566E-2	3.710937E-1	7.934570E-3
63.5469	4.638672E-2	4.302979E-2	3.961182E-1	7.934570E-3
63.5625	4.669189E-2	4.577637E-2	4.101562E-1	7.934570E-3
63.5625	4.241943E-2	4.699707E-2	4.284668E-1	7.324219E-3
63.5781	4.913330E-2	3.784180E-2	4.541016E-1	7.934570E-3
63.5938	4.608154E-2	4.150391E-2	4.748535E-1	7.629395E-3
63.5938	4.211426E-2	4.180908E-2	4.910278E-1	7.934570E-3
63.6094	3.997803E-2	3.234863E-2	5.154419E-1	7.019043E-3
63.625	3.417969E-2	3.662109E-2	5.374146E-1	7.934570E-3
63.625	4.425049E-2	3.997803E-2	5.505371E-1	7.629395E-3
63.6406	4.241943E-2	3.112793E-2	5.764771E-1	7.934570E-3
63.6563	4.028320E-2	2.838135E-2	5.972290E-1	7.934570E-3
63.6563	3.967285E-2	2.960205E-2	6.091309E-1	7.324219E-3
63.6719	4.089355E-2	3.509521E-2	6.292725E-1	7.324219E-3
63.6875	3.906250E-2	2.471924E-2	6.515503E-1	7.324219E-3
63.6875	4.058838E-2	2.410889E-2	6.701660E-1	8.239746E-3
63.7031	3.601074E-2	2.899170E-2	6.927490E-1	7.934570E-3
63.7188	3.845215E-2	2.044678E-2	7.135010E-1	7.629395E-3
63.7188	4.333496E-2	2.349854E-2	7.293701E-1	7.934570E-3
63.7344	3.540039E-2	2.197266E-2	7.528687E-1	8.239746E-3
63.7344	3.601074E-2	2.349854E-2	7.772827E-1	7.324219E-3
63.75	3.692627E-2	1.586914E-2	7.891846E-1	7.324219E-3
63.7656	3.784180E-2	1.403809E-2	8.142090E-1	7.629395E-3
63.7656	3.753662E-2	1.617432E-2	8.367920E-1	8.239746E-3
63.7813	3.356934E-2	1.800537E-2	8.493042E-1	7.934570E-3
63.7969	3.295898E-2	1.556396E-2	8.746338E-1	7.324219E-3
63.7969	3.021240E-2	8.239746E-3	8.938599E-1	7.934570E-3
63.8125	3.692627E-2	9.460449E-3	9.094238E-1	7.629395E-3
63.8281	3.204346E-2	1.007080E-2	9.332275E-1	7.629395E-3
63.8281	3.234863E-2	6.408691E-3	9.548950E-1	7.934570E-3
63.8438	3.662109E-2	5.493164E-3	9.686279E-1	7.934570E-3
63.8438	2.929687E-2	-1.525879E-3	9.915161E-1	7.324219E-3
63.8594	3.021240E-2	6.103516E-3	1.015930E+0	7.934570E-3
63.875	3.295898E-2	-5.493164E-3	1.028748E+0	7.934570E-3
63.875	3.234863E-2	-9.155273E-4	1.051331E+0	7.629395E-3
63.8906	2.899170E-2	-9.155273E-3	1.075745E+0	7.324219E-3
63.9063	2.319336E-2	-4.577637E-3	1.087646E+0	7.934570E-3
63.9063	2.685547E-2	-5.798340E-3	1.112366E+0	7.629395E-3
63.9219	2.899170E-2	-8.239746E-3	1.132202E+0	7.934570E-3
63.9219	2.624512E-2	-9.765625E-3	1.148376E+0	7.324219E-3
63.9375	2.380371E-2	-1.098633E-2	1.170959E+0	7.934570E-3
63.9531	2.319336E-2	-1.129150E-2	1.194153E+0	7.934570E-3
63.9531	2.624512E-2	-1.129150E-2	1.207886E+0	7.934570E-3
63.9688	2.349854E-2	-1.922607E-2	1.232605E+0	7.629395E-3
63.9844	2.227783E-2	-2.105713E-2	1.255798E+0	7.934570E-3
63.9844	2.410889E-2	-1.586914E-2	1.267395E+0	7.629395E-3
64.0	1.739502E-2	-1.464844E-2	1.292114E+0	7.934570E-3
64.0156	2.258301E-2	-2.502441E-2	1.311951E+0	7.629395E-3
64.0156	1.831055E-2	-2.014160E-2	1.326904E+0	7.629395E-3
64.0313	1.312256E-2	-2.685547E-2	1.351318E+0	7.934570E-3
64.0469	2.319336E-2	-3.021240E-2	1.373596E+0	7.629395E-3
64.0469	2.349854E-2	-2.349854E-2	1.386719E+0	7.934570E-3
64.0625	1.800537E-2	-2.380371E-2	1.407166E+0	7.934570E-3
64.0781	1.434326E-2	-2.532959E-2	1.430969E+0	7.324219E-3
64.0781	2.105713E-2	-3.204346E-2	1.446533E+0	7.324219E-3
64.0938	1.403809E-2	-3.784180E-2	1.472168E+0	7.934570E-3
64.1094	1.770020E-2	-4.119873E-2	1.493835E+0	8.239746E-3
64.1094	1.586914E-2	-4.241943E-2	1.506348E+0	7.934570E-3
64.125	2.075195E-2	-3.540039E-2	1.531067E+0	7.934570E-3
64.125	2.502441E-2	-3.631592E-2	1.550903E+0	7.629395E-3
64.1406	1.922607E-2	-4.272461E-2	1.565857E+0	8.239746E-3
64.1563	1.220703E-2	-4.394531E-2	1.593628E+0	7.324219E-3
64.1563	1.251221E-2	-4.852295E-2	1.613159E+0	7.934570E-3
64.1719	2.044678E-2	-4.974365E-2	1.625671E+0	7.324219E-3
64.1875	1.403809E-2	-4.913330E-2	1.651917E+0	7.629395E-3
64.1875	7.934570E-3	-5.004883E-2	1.673279E+0	8.239746E-3
64.2031	1.434326E-2	-5.004883E-2	1.685486E+0	8.239746E-3
64.2188	1.495361E-2	-5.859375E-2	1.708374E+0	7.324219E-3
64.2188	8.544922E-3	-5.767822E-2	1.730957E+0	7.629395E-3
64.2344	7.019043E-3	-5.584717E-2	1.746521E+0	8.239746E-3
64.2344	1.403809E-2	-6.286621E-2	1.770020E+0	8.239746E-3
64.25	3.967285E-3	-6.164551E-2	1.791382E+0	7.934570E-3
64.2656	5.798340E-3	-5.981445E-2	1.805725E+0	7.629395E-3
64.2656	6.408691E-3	-7.354736E-2	1.830139E+0	7.934570E-3
64.2813	6.103516E-3	-7.690430E-2	1.852112E+0	8.239746E-3
64.2813	5.187988E-3	-6.713867E-2	1.864624E+0	8.544922E-3
64.2969	1.525879E-3	-6.866455E-2	1.890259E+0	7.629395E-3
64.3125	-4.272461E-3	-7.629395E-2	1.910400E+0	8.239746E-3
64.3281	1.525879E-3	-8.392334E-2	1.928711E+0	7.629395E-3
64.3281	6.103516E-4	-7.415771E-2	1.947632E+0	7.324219E-3
64.3438	-4.272461E-3	-8.056641E-2	1.969604E+0	7.324219E-3
64.3438	-9.155273E-4	-8.209229E-2	1.987915E+0	7.629395E-3
64.3594	-3.051758E-4	-7.843018E-2	2.003784E+0	7.629395E-3
64.375	-1.831055E-3	-8.728027E-2	2.028809E+0	7.629395E-3
64.375	3.051758E-4	-8.636475E-2	2.048340E+0	7.629395E-3
64.3906	0.000000E+0	-8.789062E-2	2.063599E+0	7.324219E-3
64.4063	-8.239746E-3	-9.063721E-2	2.088623E+0	7.934570E-3
64.4063	0.000000E+0	-9.796143E-2	2.110901E+0	7.934570E-3
64.4219	-6.713867E-3	-9.582520E-2	2.123108E+0	7.629395E-3
64.4375	-9.155273E-4	-9.765625E-2	2.148437E+0	7.629395E-3
64.4375	-5.493164E-3	-1.058960E-1	2.171326E+0	8.239746E-3
64.4531	-3.051758E-3	-1.016235E-1	2.183228E+0	7.629395E-3
64.4688	-5.493164E-3	-1.095581E-1	2.205811E+0	7.934570E-3
64.4688	-8.239746E-3	-1.049805E-1	2.230530E+0	7.629395E-3
64.4844	-5.493164E-3	-1.074219E-1	2.242737E+0	7.934570E-3
64.4844	-1.037598E-2	-1.123047E-1	2.267761E+0	7.629395E-3
64.5	-1.007080E-2	-1.181030E-1	2.290039E+0	8.544922E-3
64.5156	-1.312256E-2	-1.190186E-1	2.302551E+0	7.934570E-3
64.5156	-7.934570E-3	-1.174927E-1	2.327881E+0	7.934570E-3
64.5313	-1.708984E-2	-1.232910E-1	2.350769E+0	6.713867E-3
64.5313	-2.105713E-2	-1.290894E-1	2.361755E+0	7.629395E-3
64.5469	-1.770020E-2	-1.321411E-1	2.387695E+0	7.324219E-3
64.5625	-1.831055E-2	-1.300049E-1	2.400513E+0	7.629395E-3
64.5625	-1.739502E-2	-1.376343E-1	2.420044E+0	7.629395E-3
64.5781	-1.922607E-2	-1.373291E-1	2.445374E+0	8.239746E-3
64.5938	-2.014160E-2	-1.416016E-1	2.463989E+0	8.239746E-3
64.5938	-2.197266E-2	-1.412964E-1	2.481995E+0	7.019043E-3
64.6094	-2.471924E-2	-1.455688E-1	2.504578E+0	7.629395E-3
64.625	-2.288818E-2	-1.486206E-1	2.528687E+0	7.934570E-3
64.625	-2.044678E-2	-1.550293E-1	2.541504E+0	7.629395E-3
64.6406	-2.868652E-2	-2.105713E-1	2.566833E+0	7.934570E-3
64.6563	-2.838135E-2	-1.492310E-1	2.588806E+0	7.629395E-3
64.6563	-1.708984E-2	-1.428223E-1	2.600708E+0	7.629395E-3
64.6719	-1.770020E-2	-6.835937E-2	2.623901E+0	7.629395E-3
64.6875	-1.434326E-2	1.007080E-2	2.647095E+0	8.544922E-3
64.6875	-6.408691E-3	6.042480E-2	2.660828E+0	7.019043E-3
64.7031	-9.460449E-3	1.419067E-1	2.685852E+0	8.239746E-3
64.7188	5.187988E-3	1.977539E-1	2.705383E+0	7.629395E-3
64.7188	1.068115E-2	2.490234E-1	2.720337E+0	7.934570E-3
64.7344	6.713867E-3	3.329468E-1	2.745972E+0	8.239746E-3
64.7344	1.281738E-2	4.046631E-1	2.767944E+0	7.934570E-3
64.75	1.037598E-2	4.614258E-1	2.783203E+0	8.239746E-3
64.7656	2.197266E-2	5.264282E-1	2.805176E+0	7.629395E-3
64.7813	3.326416E-2	5.935669E-1	2.828369E+0	7.629395E-3
64.7813	2.960205E-2	6.710815E-1	2.849121E+0	7.629395E-3
64.7969	3.448486E-2	7.165527E-1	2.863159E+0	7.629395E-3
64.7969	3.906250E-2	8.041382E-1	2.888489E+0	7.629395E-3
64.8125	3.814697E-2	8.477783E-1	2.904358E+0	7.629395E-3
64.8281	5.096436E-2	9.262085E-1	2.925720E+0	7.934570E-3
64.8281	4.943848E-2	9.857178E-1	2.945251E+0	7.934570E-3
64.8438	5.615234E-2	1.041870E+0	2.961426E+0	7.324219E-3
64.8594	6.103516E-2	1.103821E+0	2.982788E+0	7.629395E-3
64.8594	5.889893E-2	1.186218E+0	3.007202E+0	7.629395E-3
64.875	7.141113E-2	1.238708E+0	3.020630E+0	8.239746E-3
64.875	7.476807E-2	1.314697E+0	3.044128E+0	7.629395E-3
64.8906	7.537842E-2	1.384888E+0	3.063965E+0	7.934570E-3
64.9063	8.239746E-2	1.435852E+0	3.079834E+0	7.629395E-3
64.9063	8.666992E-2	1.516113E+0	3.102722E+0	7.934570E-3
64.9219	9.094238E-2	1.585388E+0	3.123779E+0	8.239746E-3
64.9219	9.582520E-2	1.636658E+0	3.139343E+0	7.629395E-3
64.9375	9.552002E-2	1.723633E+0	3.163757E+0	7.629395E-3
64.9531	9.979248E-2	1.795654E+0	3.186340E+0	7.629395E-3
64.9531	1.022339E-1	1.841431E+0	3.199463E+0	7.629395E-3
64.9688	1.083374E-1	1.925354E+0	3.223877E+0	8.239746E-3
64.9844	1.153564E-1	1.996460E+0	3.247070E+0	8.239746E-3
64.9844	1.049805E-1	2.037659E+0	3.259277E+0	7.934570E-3
65.0	9.399414E-2	2.112122E+0	3.283386E+0	7.019043E-3
65.0156	1.119995E-1	2.191772E+0	3.303528E+0	7.019043E-3
65.0156	1.080322E-1	2.233582E+0	3.319092E+0	7.324219E-3
65.0313	1.181030E-1	2.319641E+0	3.343506E+0	7.934570E-3
65.0469	1.141357E-1	2.401733E+0	3.366089E+0	7.934570E-3
65.0469	1.220703E-1	2.437134E+0	3.379211E+0	7.934570E-3
65.0625	1.092529E-1	2.510376E+0	3.399353E+0	7.629395E-3
65.0781	1.235962E-1	2.594299E+0	3.423157E+0	7.324219E-3
65.0781	1.239014E-1	2.639771E+0	3.439026E+0	7.324219E-3
65.0938	1.324463E-1	2.734375E+0	3.464355E+0	8.239746E-3
65.1094	1.367187E-1	2.799377E+0	3.486023E+0	7.629395E-3
65.1094	1.339722E-1	2.852783E+0	3.498840E+0	7.934570E-3
65.125	1.409912E-1	2.933655E+0	3.522949E+0	7.934570E-3
65.125	1.422119E-1	3.015442E+0	3.542786E+0	7.629395E-3
65.1406	1.437378E-1	3.052673E+0	3.558044E+0	7.629395E-3
65.1563	1.437378E-1	3.156433E+0	3.585510E+0	7.629395E-3
65.1563	1.467896E-1	3.171387E+0	3.594666E+0	7.934570E-3
65.1719	1.525879E-1	3.164978E+0	3.592834E+0	2.624512E-2
65.1875	1.544189E-1	3.152771E+0	3.589478E+0	4.638672E-2
65.1875	1.535034E-1	3.125610E+0	3.586426E+0	6.683350E-2
65.2031	1.516724E-1	3.109436E+0	3.584290E+0	8.453369E-2
65.2188	1.492310E-1	3.093262E+0	3.581238E+0	1.062012E-1
65.2188	1.519775E-1	3.073120E+0	3.578186E+0	1.257324E-1
65.2344	1.528931E-1	3.069458E+0	3.577576E+0	1.455688E-1
65.2344	1.571655E-1	3.064880E+0	3.574219E+0	1.666260E-1
65.25	1.531982E-1	3.030396E+0	3.571167E+0	1.861572E-1
65.2656	1.531982E-1	3.017883E+0	3.570251E+0	2.056885E-1
65.2656	1.629639E-1	3.006897E+0	3.566589E+0	2.252197E-1
65.2813	1.593018E-1	2.994080E+0	3.563843E+0	2.450562E-1
65.2813	1.629639E-1	2.972412E+0	3.562012E+0	2.639771E-1
65.2969	1.663208E-1	2.955627E+0	3.558960E+0	2.859497E-1
65.3125	1.657104E-1	2.945251E+0	3.556519E+0	3.060913E-1
65.3125	1.715088E-1	2.923889E+0	3.554993E+0	3.225708E-1
65.3281	1.721191E-1	2.909851E+0	3.552246E+0	3.442383E-1
65.3438	1.675415E-1	2.878723E+0	3.549194E+0	3.643799E-1
65.3438	1.770020E-1	2.874146E+0	3.547974E+0	3.839111E-1
65.3594	1.690674E-1	2.839966E+0	3.544312E+0	4.043579E-1
65.375	1.663208E-1	2.834167E+0	3.541870E+0	4.238892E-1
65.375	1.541138E-1	2.809448E+0	3.540039E+0	4.434204E-1
65.3906	1.596069E-1	2.780457E+0	3.536987E+0	4.647827E-1
65.4063	1.480103E-1	2.755737E+0	3.534546E+0	4.830933E-1
65.4063	1.495361E-1	2.738037E+0	3.533325E+0	5.017090E-1
65.4219	1.480103E-1	2.711792E+0	3.530579E+0	5.233765E-1
65.4375	1.507568E-1	2.686157E+0	3.526917E+0	5.426025E-1
65.4375	1.486206E-1	2.664490E+0	3.526306E+0	5.615234E-1
65.4531	1.403809E-1	2.641602E+0	3.523254E+0	5.831909E-1
65.4531	1.312256E-1	2.606201E+0	3.520508E+0	6.030273E-1
65.4688	1.309204E-1	2.585449E+0	3.517456E+0	6.225586E-1
65.4844	1.181030E-1	2.568054E+0	3.515320E+0	6.420898E-1
65.4844	1.110840E-1	2.549438E+0	3.513489E+0	6.607056E-1
65.5	9.979248E-2	2.516174E+0	3.510437E+0	6.823730E-1
65.5156	9.033203E-2	2.499084E+0	3.507996E+0	7.015991E-1
65.5156	8.880615E-2	2.474670E+0	3.506470E+0	7.214355E-1
65.5313	8.087158E-2	2.436218E+0	3.503113E+0	7.412720E-1
65.5469	6.683350E-2	2.414246E+0	3.500061E+0	7.614136E-1
65.5469	6.042480E-2	2.399292E+0	3.498840E+0	7.806396E-1
65.5625	4.364014E-2	2.363281E+0	3.496704E+0	8.016968E-1
65.5781	4.241943E-2	2.343445E+0	3.493042E+0	8.197021E-1
65.5781	2.593994E-2	2.319946E+0	3.491516E+0	8.407593E-1
65.5938	1.678467E-2	2.293701E+0	3.488159E+0	8.612061E-1
65.6094	9.460449E-3	2.263184E+0	3.485413E+0	8.804321E-1
65.6094	-2.136230E-3	2.238159E+0	3.482971E+0	8.987427E-1
65.625	-1.037598E-2	2.216187E+0	3.481445E+0	9.207153E-1
65.625	-2.410889E-2	2.179565E+0	3.478088E+0	9.396362E-1
65.6406	-3.326416E-2	2.158813E+0	3.476868E+0	9.600830E-1
65.6563	-4.913330E-2	2.116394E+0	3.474121E+0	9.802246E-1
65.6563	-6.561279E-2	2.093506E+0	3.471375E+0	1.000366E+0
65.6719	-8.148193E-2	2.068176E+0	3.469543E+0	1.018677E+0
65.6875	-8.209229E-2	2.041016E+0	3.465271E+0	1.039124E+0
65.6875	-9.643555E-2	2.014160E+0	3.463135E+0	1.059265E+0
65.7031	-1.245117E-1	1.989746E+0	3.461609E+0	1.078186E+0
65.7188	-1.354980E-1	1.956177E+0	3.459473E+0	1.099854E+0
65.7188	-1.437378E-1	1.932068E+0	3.457031E+0	1.118164E+0
65.7344	-1.620483E-1	1.898804E+0	3.454895E+0	1.138306E+0
65.7344	-1.727295E-1	1.868286E+0	3.452148E+0	1.158447E+0
65.75	-1.947021E-1	1.834717E+0	3.449097E+0	1.177368E+0
65.7656	-2.093506E-1	1.813049E+0	3.447571E+0	1.196899E+0
65.7656	-2.343750E-1	1.773376E+0	3.444824E+0	1.218262E+0
65.7813	-2.386475E-1	1.744690E+0	3.441772E+0	1.237488E+0
65.7813	-2.511597E-1	1.718445E+0	3.439331E+0	1.255493E+0
65.7969	-2.688599E-1	1.692200E+0	3.436890E+0	1.277466E+0
65.8125	-2.941895E-1	1.664429E+0	3.435364E+0	1.296997E+0
65.8125	-3.085327E-1	1.629944E+0	3.433533E+0	1.314697E+0
65.8281	-3.295898E-1	1.597595E+0	3.430786E+0	1.336975E+0
65.8438	-3.384399E-1	1.553955E+0	3.426819E+0	1.356506E+0
65.8438	-3.610229E-1	1.533813E+0	3.425903E+0	1.376648E+0
65.8594	-3.720093E-1	1.498413E+0	3.422241E+0	1.397095E+0
65.875	-4.016113E-1	1.458435E+0	3.419495E+0	1.415405E+0
65.875	-4.135132E-1	1.435852E+0	3.418884E+0	1.434937E+0
65.8906	-4.379272E-1	1.397095E+0	3.414612E+0	1.456299E+0
65.9063	-4.489136E-1	1.367798E+0	3.412476E+0	1.475220E+0
65.9063	-4.760742E-1	1.333313E+0	3.410339E+0	1.494446E+0
65.9219	-4.965210E-1	1.307068E+0	3.407898E+0	1.515808E+0
65.9375	-5.239868E-1	1.266174E+0	3.404846E+0	1.535645E+0
65.9375	-5.264282E-1	1.247253E+0	3.403625E+0	1.553650E+0
65.9531	-5.563354E-1	1.194153E+0	3.400269E+0	1.575012E+0
65.9688	-5.776978E-1	1.170044E+0	3.397217E+0	1.594543E+0
65.9688	-6.015015E-1	1.134033E+0	3.395996E+0	1.614380E+0
65.9844	-6.292725E-1	1.100769E+0	3.392944E+0	1.635132E+0
65.9844	-6.427002E-1	1.062012E+0	3.389893E+0	1.654968E+0
66.0	-6.732178E-1	1.038818E+0	3.388672E+0	1.672363E+0
66.0156	-6.979370E-1	9.960937E-1	3.385010E+0	1.693726E+0
66.0156	-7.226562E-1	9.545898E-1	3.382263E+0	1.712952E+0
66.0313	-7.406616E-1	9.265137E-1	3.381653E+0	1.732178E+0
66.0469	-7.806396E-1	8.831787E-1	3.378906E+0	1.753540E+0
66.0469	-7.885742E-1	8.602905E-1	3.375854E+0	1.773071E+0
66.0625	-8.367920E-1	8.209229E-1	3.374634E+0	1.793518E+0
66.0781	-8.456421E-1	7.910156E-1	3.370667E+0	1.812134E+0
66.0781	-8.776855E-1	7.409668E-1	3.367310E+0	1.831970E+0
66.0938	-9.008789E-1	7.186890E-1	3.366699E+0	1.851807E+0
66.0938	-9.402466E-1	6.729126E-1	3.363953E+0	1.872864E+0
66.1094	-9.609985E-1	6.475830E-1	3.360596E+0	1.892395E+0
66.125	-9.915161E-1	5.999756E-1	3.359375E+0	1.911316E+0
66.125	-1.021118E+0	5.706787E-1	3.356323E+0	1.932983E+0
66.1406	-1.054687E+0	5.270386E-1	3.353271E+0	1.951294E+0
66.1563	-1.070557E+0	4.946899E-1	3.352356E+0	1.970825E+0
66.1563	-1.114197E+0	4.589844E-1	3.348694E+0	1.991577E+0
66.1719	-1.143799E+0	4.266357E-1	3.346863E+0	2.011108E+0
66.1719	-1.181335E+0	3.836060E-1	3.344421E+0	2.030945E+0
66.1875	-1.203003E+0	3.524780E-1	3.341370E+0	2.051697E+0
66.2031	-1.233826E+0	3.192139E-1	3.338928E+0	2.070312E+0
66.2031	-1.274719E+0	2.819824E-1	3.336792E+0	2.089844E+0
66.2188	-1.291199E+0	2.523804E-1	3.334045E+0	2.110291E+0
66.2344	-1.334229E+0	2.087402E-1	3.331604E+0	2.129822E+0
66.2344	-1.355591E+0	1.824951E-1	3.330383E+0	2.149353E+0
66.25	-1.405334E+0	1.354980E-1	3.326416E+0	2.170410E+0
66.2656	-1.421204E+0	1.092529E-1	3.324585E+0	2.190247E+0
66.2656	-1.472778E+0	6.469727E-2	3.322144E+0	2.208862E+0
66.2813	-1.487427E+0	4.608154E-2	3.319397E+0	2.229919E+0
66.2969	-1.538086E+0	6.103516E-4	3.316650E+0	2.249451E+0
66.2969	-1.546326E+0	-1.220703E-2	3.314819E+0	2.268066E+0
66.3125	-1.596985E+0	-6.256104E-2	3.312378E+0	2.289124E+0
66.3281	-1.619568E+0	-9.460449E-2	3.308716E+0	2.308655E+0
66.3281	-1.679993E+0	-1.296997E-1	3.308105E+0	2.328796E+0
66.3438	-1.682129E+0	-1.480103E-1	3.304443E+0	2.348633E+0
66.3594	-1.716919E+0	-1.885986E-1	3.302307E+0	2.367554E+0
66.3594	-1.737366E+0	-1.995850E-1	3.300476E+0	2.386475E+0
66.375	-1.739197E+0	-2.279663E-1	3.297119E+0	2.408142E+0
66.375	-1.752930E+0	-2.432251E-1	3.294678E+0	2.427368E+0
66.3906	-1.756897E+0	-2.648926E-1	3.292847E+0	2.447815E+0
66.4063	-1.759949E+0	-2.560425E-1	3.290100E+0	2.468262E+0
66.4063	-1.748047E+0	-2.670288E-1	3.287354E+0	2.486877E+0
66.4219	-1.740417E+0	-2.539062E-1	3.285828E+0	2.505798E+0
66.4375	-1.723022E+0	-2.481079E-1	3.282166E+0	2.526855E+0
66.4375	-1.723633E+0	-2.557373E-1	3.280029E+0	2.545776E+0
66.4531	-1.717224E+0	-2.548218E-1	3.278809E+0	2.565308E+0
66.4688	-1.697388E+0	-2.490234E-1	3.275452E+0	2.586975E+0
66.4688	-1.695557E+0	-2.447510E-1	3.272400E+0	2.606201E+0
66.4844	-1.691589E+0	-2.413940E-1	3.271179E+0	2.625427E+0
66.4844	-1.673584E+0	-2.355957E-1	3.267822E+0	2.646179E+0
66.5	-1.672058E+0	-2.478027E-1	3.265076E+0	2.665100E+0
66.5156	-1.666870E+0	-2.429199E-1	3.264160E+0	2.684937E+0
66.5156	-1.685486E+0	-2.630615E-1	3.261719E+0	2.705688E+0
66.5313	-1.684875E+0	-2.755737E-1	3.258362E+0	2.725220E+0
66.5313	-1.708984E+0	-2.893066E-1	3.256531E+0	2.743225E+0
66.5469	-1.695862E+0	-2.801514E-1	3.253479E+0	2.764893E+0
66.5625	-1.678772E+0	-2.697754E-1	3.250732E+0	2.784729E+0
66.5781	-1.653442E+0	-2.694702E-1	3.248596E+0	2.803650E+0
66.5781	-1.638794E+0	-2.499390E-1	3.247070E+0	2.823486E+0
66.5938	-1.632385E+0	-2.459717E-1	3.243713E+0	2.845459E+0
66.5938	-1.630554E+0	-2.536011E-1	3.241577E+0	2.863464E+0
66.6094	-1.633301E+0	-2.529907E-1	3.239136E+0	2.883911E+0
66.625	-1.605530E+0	-2.374268E-1	3.236084E+0	2.903137E+0
66.625	-1.619568E+0	-2.508545E-1	3.234253E+0	2.923279E+0
66.6406	-1.596680E+0	-2.429199E-1	3.231812E+0	2.942810E+0
66.6563	-1.581726E+0	-2.355957E-1	3.229065E+0	2.963257E+0
66.6563	-1.578979E+0	-2.365112E-1	3.226318E+0	2.983093E+0
66.6719	-1.588745E+0	-2.392578E-1	3.225403E+0	3.001404E+0
66.6875	-1.560364E+0	-2.337646E-1	3.222351E+0	3.022461E+0
66.6875	-1.567383E+0	-2.416992E-1	3.219299E+0	3.042603E+0
66.7031	-1.560669E+0	-2.438354E-1	3.218384E+0	3.060608E+0
66.7188	-1.578064E+0	-2.548218E-1	3.215942E+0	3.082581E+0
66.7188	-1.604919E+0	-2.911377E-1	3.213196E+0	3.102112E+0
66.7344	-1.650696E+0	-3.283691E-1	3.210144E+0	3.122253E+0
66.7344	-1.674500E+0	-3.512573E-1	3.207703E+0	3.140869E+0
66.75	-1.714783E+0	-3.833008E-1	3.204346E+0	3.160706E+0
66.7656	-1.742249E+0	-4.071045E-1	3.202515E+0	3.180237E+0
66.7656	-1.768799E+0	-4.440308E-1	3.201599E+0	3.201294E+0
66.7813	-1.804504E+0	-4.739380E-1	3.197632E+0	3.220520E+0
66.7813	-1.820374E+0	-4.995728E-1	3.195801E+0	3.239441E+0
66.7969	-1.851501E+0	-5.249023E-1	3.193054E+0	3.261414E+0
66.8125	-1.761780E+0	-4.467773E-1	3.190918E+0	3.280029E+0
66.8125	-1.726685E+0	-4.415894E-1	3.188782E+0	3.297729E+0
66.8281	-1.649170E+0	-3.775024E-1	3.186340E+0	3.320007E+0
66.8438	-1.600952E+0	-3.344727E-1	3.183899E+0	3.339539E+0
66.8438	-1.565552E+0	-3.137207E-1	3.181458E+0	3.359680E+0
66.8594	-1.521912E+0	-2.703857E-1	3.178406E+0	3.380127E+0
66.875	-1.493225E+0	-2.645874E-1	3.175354E+0	3.399658E+0
66.875	-1.470947E+0	-2.505493E-1	3.174438E+0	3.417358E+0
66.8906	-1.448669E+0	-2.429199E-1	3.170776E+0	3.439636E+0
66.9063	-1.434937E+0	-2.221680E-1	3.168335E+0	3.458252E+0
66.9063	-1.429443E+0	-2.230835E-1	3.166504E+0	3.477173E+0
66.9219	-1.413574E+0	-2.188110E-1	3.163757E+0	3.498840E+0
66.9375	-1.422119E+0	-2.252197E-1	3.161316E+0	3.518677E+0
66.9375	-1.403198E+0	-2.139282E-1	3.159790E+0	3.536377E+0
66.9531	-1.407776E+0	-2.145386E-1	3.156738E+0	3.557739E+0
66.9688	-1.401978E+0	-2.239990E-1	3.153992E+0	3.576660E+0
66.9688	-1.407471E+0	-2.267456E-1	3.152161E+0	3.597107E+0
66.9844	-1.394348E+0	-2.264404E-1	3.148804E+0	3.617859E+0
66.9844	-1.405334E+0	-2.453613E-1	3.146973E+0	3.637695E+0
67.0	-1.397705E+0	-2.352905E-1	3.145447E+0	3.656006E+0
67.0156	-1.411438E+0	-2.478027E-1	3.141479E+0	3.676147E+0
67.0156	-1.403503E+0	-2.435303E-1	3.139038E+0	3.695984E+0
67.0313	-1.416321E+0	-2.676392E-1	3.137512E+0	3.714905E+0
67.0469	-1.412659E+0	-2.612305E-1	3.135071E+0	3.736572E+0
67.0469	-1.414185E+0	-2.804565E-1	3.132019E+0	3.755798E+0
67.0625	-1.418152E+0	-2.703857E-1	3.130493E+0	3.776550E+0
67.0781	-1.423340E+0	-2.862549E-1	3.127441E+0	3.796692E+0
67.0781	-1.419067E+0	-2.908325E-1	3.125305E+0	3.814392E+0
67.0938	-1.425171E+0	-2.847290E-1	3.123779E+0	3.834534E+0
67.0938	-1.421814E+0	-2.963257E-1	3.120728E+0	3.854980E+0
67.1094	-1.413879E+0	-2.993774E-1	3.117371E+0	3.874512E+0
67.125	-1.412354E+0	-3.079224E-1	3.115540E+0	3.893738E+0
67.125	-1.402588E+0	-3.005981E-1	3.113403E+0	3.915100E+0
67.1406	-1.414490E+0	-3.076172E-1	3.110352E+0	3.933411E+0
67.1563	-1.407166E+0	-3.112793E-1	3.108215E+0	3.952942E+0
67.1563	-1.410522E+0	-3.125000E-1	3.106079E+0	3.974609E+0
67.1719	-1.408997E+0	-3.228760E-1	3.103027E+0	3.993530E+0
67.1719	-1.421509E+0	-3.311157E-1	3.101501E+0	4.013062E+0
67.1875	-1.409302E+0	-3.314209E-1	3.098145E+0	4.034424E+0
67.2031	-1.414185E+0	-3.439331E-1	3.095398E+0	4.053040E+0
67.2031	-1.419983E+0	-3.436279E-1	3.093567E+0	4.071350E+0
67.2188	-1.413269E+0	-3.433228E-1	3.091125E+0	4.093018E+0
67.2344	-1.403198E+0	-3.466797E-1	3.088074E+0	4.111938E+0
67.2344	-1.412659E+0	-3.500366E-1	3.087158E+0	4.131165E+0
67.25	-1.399231E+0	-3.509521E-1	3.084412E+0	4.152222E+0
67.2656	-1.398010E+0	-3.518677E-1	3.081970E+0	4.171753E+0
67.2656	-1.395569E+0	-3.582764E-1	3.079834E+0	4.190674E+0
67.2813	-1.382446E+0	-3.506470E-1	3.075867E+0	4.211731E+0
67.2969	-1.390991E+0	-3.576660E-1	3.074036E+0	4.230652E+0
67.2969	-1.383362E+0	-3.619385E-1	3.071899E+0	4.250183E+0
67.3125	-1.381531E+0	-3.613281E-1	3.069763E+0	4.270630E+0
67.3281	-1.377258E+0	-3.689575E-1	3.067017E+0	4.289246E+0
67.3281	-1.384888E+0	-3.720093E-1	3.065491E+0	4.310303E+0
67.3438	-1.380615E+0	-3.649902E-1	3.062439E+0	4.331360E+0
67.3594	-1.386719E+0	-3.863525E-1	3.059387E+0	4.349670E+0
67.3594	-1.390381E+0	-3.863525E-1	3.057556E+0	4.367676E+0
67.375	-1.375427E+0	-3.860474E-1	3.055115E+0	4.389038E+0
67.375	-1.383057E+0	-3.897095E-1	3.052979E+0	4.408875E+0
67.3906	-1.378479E+0	-3.887939E-1	3.049927E+0	4.429321E+0
67.4063	-1.370544E+0	-3.942871E-1	3.046875E+0	4.449158E+0
67.4063	-1.369629E+0	-3.958130E-1	3.045654E+0	4.466553E+0
67.4219	-1.362610E+0	-3.890991E-1	3.042603E+0	4.488831E+0
67.4375	-1.354065E+0	-3.918457E-1	3.040161E+0	4.508057E+0
67.4375	-1.352844E+0	-3.897095E-1	3.038025E+0	4.526672E+0
67.4531	-1.350403E+0	-3.890991E-1	3.035889E+0	4.548035E+0
67.4688	-1.353149E+0	-3.939819E-1	3.032532E+0	4.567871E+0
67.4688	-1.343079E+0	-3.973389E-1	3.031006E+0	4.587097E+0
67.4844	-1.347351E+0	-4.037476E-1	3.028564E+0	4.606934E+0
67.4844	-1.334229E+0	-3.985596E-1	3.025818E+0	4.625244E+0
67.5	-1.342468E+0	-4.025269E-1	3.024292E+0	4.645691E+0
67.5156	-1.322632E+0	-3.921509E-1	3.020630E+0	4.666748E+0
67.5156	-1.323853E+0	-3.985596E-1	3.018188E+0	4.685669E+0
67.5313	-1.311035E+0	-3.961182E-1	3.016052E+0	4.704590E+0
67.5469	-1.306763E+0	-3.955078E-1	3.013306E+0	4.725952E+0
67.5469	-1.287231E+0	-3.860474E-1	3.010559E+0	4.744568E+0
67.5625	-1.292419E+0	-3.784180E-1	3.009338E+0	4.764404E+0
67.5781	-1.275635E+0	-3.649902E-1	3.006287E+0	4.785767E+0
67.5781	-1.281128E+0	-3.723145E-1	3.003540E+0	4.804382E+0
67.5938	-1.262817E+0	-3.372192E-1	3.002014E+0	4.824524E+0
67.5938	-1.218567E+0	-2.944946E-1	2.998657E+0	4.844055E+0
67.6094	-1.251221E-2	-1.739502E-1	2.995911E+0	4.863281E+0
67.625	-3.997803E-2	-1.895142E-1	2.994690E+0	4.882507E+0
67.625	-4.089355E-2	-1.879883E-1	2.992249E+0	4.903870E+0
67.6406	-3.570557E-2	-1.867676E-1	2.988892E+0	4.923096E+0
67.6563	-4.150391E-2	-1.879883E-1	2.987976E+0	4.941406E+0
67.6563	-3.997803E-2	-1.879883E-1	2.984619E+0	4.962769E+0
67.6719	-3.936768E-2	-1.861572E-1	2.981873E+0	4.982605E+0
67.6719	-4.028320E-2	-1.858521E-1	2.980652E+0	5.001221E+0
67.6875	-3.814697E-2	-1.858521E-1	2.976990E+0	5.021667E+0
67.7031	-4.791260E-2	-1.898193E-1	2.974243E+0	5.041809E+0
67.7031	-4.089355E-2	-1.818848E-1	2.972107E+0	5.060425E+0
67.7188	-3.997803E-2	-1.815796E-1	2.969971E+0	5.082397E+0
67.7344	-3.601074E-2	-1.855469E-1	2.967529E+0	5.101013E+0
67.7344	-4.638672E-2	-1.834106E-1	2.965393E+0	5.119324E+0
67.75	-3.204346E-2	-1.858521E-1	2.962952E+0	5.140381E+0
67.7656	-3.662109E-2	-1.821899E-1	2.959900E+0	5.159607E+0
67.7656	-3.692627E-2	-1.812744E-1	2.958679E+0	5.178223E+0
67.7813	-3.448486E-2	-1.809692E-1	2.955322E+0	5.200195E+0
67.7969	-3.631592E-2	-1.846313E-1	2.952576E+0	5.219116E+0
67.7969	-3.845215E-2	-1.840210E-1	2.951660E+0	5.238647E+0
67.8125	-4.241943E-2	-1.898193E-1	2.948303E+0	5.258179E+0
67.8281	-4.150391E-2	-1.898193E-1	2.945862E+0	5.277710E+0
67.8281	-3.784180E-2	-1.837158E-1	2.943420E+0	5.297241E+0
67.8438	-3.570557E-2	-1.861572E-1	2.940674E+0	5.318909E+0
67.8594	-4.302979E-2	-1.791382E-1	2.937927E+0	5.337219E+0
67.8594	-3.601074E-2	-1.837158E-1	2.936401E+0	5.357056E+0
67.875	-3.295898E-2	-1.849365E-1	2.933655E+0	5.378113E+0
67.875	-3.784180E-2	-1.806641E-1	2.931213E+0	5.395813E+0
67.8906	-3.692627E-2	-1.858521E-1	2.929382E+0	5.415649E+0
67.9063	-3.051758E-2	-1.785278E-1	2.926331E+0	5.436707E+0
67.9063	-4.730225E-2	-1.831055E-1	2.923889E+0	5.455322E+0
67.9219	-3.967285E-2	-1.821899E-1	2.921753E+0	5.474854E+0
67.9375	-3.814697E-2	-1.824951E-1	2.918701E+0	5.496216E+0
67.9375	-4.394531E-2	-1.828003E-1	2.915955E+0	5.515137E+0
67.9531	-3.570557E-2	-1.791382E-1	2.914429E+0	5.532532E+0
67.9688	-4.089355E-2	-1.834106E-1	2.912292E+0	5.555115E+0
67.9688	-3.997803E-2	-1.782227E-1	2.908936E+0	5.573120E+0
67.9844	-4.577637E-2	-1.773071E-1	2.906799E+0	5.593262E+0
67.9844	-3.356934E-2	-1.770020E-1	2.904358E+0	5.614319E+0
68.0	-3.753662E-2	-1.815796E-1	2.902222E+0	5.634155E+0
68.0156	-4.333496E-2	-1.785278E-1	2.899475E+0	5.653381E+0
68.0156	-3.509521E-2	-1.773071E-1	2.897644E+0	5.673218E+0
68.0313	-3.692627E-2	-1.770020E-1	2.894287E+0	5.691833E+0
68.0313	-3.723145E-2	-1.757812E-1	2.892761E+0	5.710449E+0
68.0469	-3.845215E-2	-1.818848E-1	2.889709E+0	5.733337E+0
68.0625	-3.753662E-2	-1.821899E-1	2.887878E+0	5.752563E+0
68.0781	-3.906250E-2	-1.791382E-1	2.884827E+0	5.770569E+0
68.0781	-4.241943E-2	-1.745605E-1	2.882385E+0	5.789795E+0
68.0938	-3.417969E-2	-1.779175E-1	2.880249E+0	5.811157E+0
68.1094	-3.845215E-2	-1.770020E-1	2.877502E+0	5.830078E+0
68.1094	-3.570557E-2	-1.724243E-1	2.875671E+0	5.848999E+0
68.125	-3.936768E-2	-1.797485E-1	2.872925E+0	5.870667E+0
68.125	-4.058838E-2	-1.751709E-1	2.870789E+0	5.889587E+0
68.1406	-3.784180E-2	-1.754761E-1	2.869263E+0	5.909424E+0
68.1563	-3.204346E-2	-1.797485E-1	2.864990E+0	5.929565E+0
68.1563	-3.936768E-2	-1.699829E-1	2.863159E+0	5.948181E+0
68.1719	-3.997803E-2	-1.770020E-1	2.861328E+0	5.967407E+0
68.1875	-3.417969E-2	-1.751709E-1	2.858276E+0	5.988464E+0
68.1875	-3.784180E-2	-1.684570E-1	2.855530E+0	6.008301E+0
68.2031	-3.784180E-2	-1.687622E-1	2.854004E+0	6.026611E+0
68.2188	-2.929687E-2	-1.742554E-1	2.851868E+0	6.048279E+0
68.2188	-2.899170E-2	-1.699829E-1	2.848511E+0	6.066895E+0
68.2344	-3.570557E-2	-1.690674E-1	2.847290E+0	6.085815E+0
68.2344	-4.089355E-2	-1.742554E-1	2.843933E+0	6.106567E+0
68.25	-3.784180E-2	-1.733398E-1	2.841187E+0	6.125488E+0
68.2656	-3.723145E-2	-1.773071E-1	2.839050E+0	6.145020E+0
68.2656	-3.143311E-2	-1.718140E-1	2.836914E+0	6.166382E+0
68.2813	-3.417969E-2	-1.773071E-1	2.834473E+0	6.184387E+0
68.2813	-3.692627E-2	-1.672363E-1	2.832336E+0	6.203308E+0
68.2969	-3.448486E-2	-1.699829E-1	2.829590E+0	6.225281E+0
68.3125	-3.173828E-2	-1.638794E-1	2.826843E+0	6.244812E+0
68.3281	-3.631592E-2	-1.757812E-1	2.824402E+0	6.262512E+0
68.3281	-3.265381E-2	-1.644897E-1	2.822266E+0	6.283264E+0
68.3438	-3.540039E-2	-1.663208E-1	2.819824E+0	6.303711E+0
68.3594	-3.326416E-2	-1.654053E-1	2.816467E+0	6.322937E+0
68.3594	-2.471924E-2	-1.705933E-1	2.815552E+0	6.340637E+0
68.375	-3.387451E-2	-1.702881E-1	2.812195E+0	6.362915E+0
68.375	-3.112793E-2	-1.678467E-1	2.809448E+0	6.381531E+0
68.3906	-4.028320E-2	-1.651001E-1	2.807617E+0	6.401672E+0
68.4063	-3.448486E-2	-1.702881E-1	2.804871E+0	6.422119E+0
68.4063	-3.387451E-2	-1.678467E-1	2.802124E+0	6.441650E+0
68.4219	-2.990723E-2	-1.702881E-1	2.800293E+0	6.459351E+0
68.4375	-3.295898E-2	-1.696777E-1	2.797852E+0	6.481323E+0
68.4375	-3.417969E-2	-1.669312E-1	2.795410E+0	6.499634E+0
68.4531	-3.082275E-2	-1.666260E-1	2.793274E+0	6.518555E+0
68.4688	-3.173828E-2	-1.791382E-1	2.790833E+0	6.540222E+0
68.4688	-3.814697E-2	-1.654053E-1	2.788086E+0	6.559448E+0
68.4844	-3.723145E-2	-1.657104E-1	2.786560E+0	6.577759E+0
68.4844	-3.082275E-2	-1.684570E-1	2.783508E+0	6.599426E+0
68.5	-3.326416E-2	-1.620483E-1	2.781067E+0	6.618042E+0
68.5156	-3.417969E-2	-1.663208E-1	2.778015E+0	6.636658E+0
68.5156	-3.234863E-2	-1.672363E-1	2.776794E+0	6.658020E+0
68.5313	-3.204346E-2	-1.647949E-1	2.773743E+0	6.677246E+0
68.5313	-2.502441E-2	-1.638794E-1	2.771606E+0	6.695862E+0
68.5469	-2.716064E-2	-1.660156E-1	2.768860E+0	6.716614E+0
68.5625	-3.021240E-2	-1.629639E-1	2.765503E+0	6.735840E+0
68.5781	-3.051758E-2	-1.651001E-1	2.763672E+0	6.754456E+0
68.5781	-3.326416E-2	-1.614380E-1	2.760620E+0	6.775513E+0
68.5938	-2.929687E-2	-1.586914E-1	2.758484E+0	6.795349E+0
68.6094	-3.631592E-2	-1.675415E-1	2.756653E+0	6.814575E+0
68.6094	-3.875732E-2	-1.657104E-1	2.755127E+0	6.833801E+0
68.625	-3.143311E-2	-1.647949E-1	2.751770E+0	6.854248E+0
68.625	-3.234863E-2	-1.647949E-1	2.748718E+0	6.873779E+0
68.6406	-3.479004E-2	-1.623535E-1	2.747192E+0	6.893005E+0
68.6563	-3.448486E-2	-1.623535E-1	2.744141E+0	6.913147E+0
68.6563	-3.387451E-2	-1.580811E-1	2.741699E+0	6.932983E+0
68.6719	-3.570557E-2	-1.660156E-1	2.739563E+0	6.951294E+0
68.6875	-3.112793E-2	-1.675415E-1	2.737427E+0	6.973267E+0
68.6875	-3.143311E-2	-1.620483E-1	2.734985E+0	6.991577E+0
68.7031	-2.410889E-2	-1.611328E-1	2.733154E+0	7.009888E+0
68.7188	-2.532959E-2	-1.644897E-1	2.730103E+0	7.032166E+0
68.7188	-3.631592E-2	-1.663208E-1	2.727051E+0	7.050476E+0
68.7344	-2.990723E-2	-1.577759E-1	2.725830E+0	7.069092E+0
68.7344	-3.509521E-2	-1.620483E-1	2.722168E+0	7.091064E+0
68.75	-3.723145E-2	-1.632690E-1	2.719727E+0	7.109375E+0
68.7656	-3.173828E-2	-1.626587E-1	2.718811E+0	7.127686E+0
68.7656	-2.868652E-2	-1.629639E-1	2.715759E+0	7.149658E+0
68.7813	-2.838135E-2	-1.611328E-1	2.712708E+0	7.168274E+0
68.7813	-3.021240E-2	-1.632690E-1	2.711182E+0	7.187195E+0
68.7969	-3.540039E-2	-1.672363E-1	2.708435E+0	7.209167E+0
68.8125	-2.777100E-2	-1.644897E-1	2.705383E+0	7.229004E+0
68.8281	-3.570557E-2	-1.614380E-1	2.703247E+0	7.245178E+0
68.8281	-2.990723E-2	-1.620483E-1	2.700806E+0	7.265930E+0
68.8438	-3.356934E-2	-1.629639E-1	2.698364E+0	7.286987E+0
68.8594	-3.356934E-2	-1.608276E-1	2.695618E+0	7.305908E+0
68.8594	-3.326416E-2	-1.641846E-1	2.694397E+0	7.324829E+0
68.875	-3.906250E-2	-1.660156E-1	2.691040E+0	7.346191E+0
68.875	-3.021240E-2	-1.568604E-1	2.688293E+0	7.365112E+0
68.8906	-2.838135E-2	-1.705933E-1	2.687073E+0	7.383728E+0
68.9063	-3.723145E-2	-1.605225E-1	2.683105E+0	7.404785E+0
68.9063	-3.265381E-2	-1.626587E-1	2.681580E+0	7.423706E+0
68.9219	-2.990723E-2	-1.596069E-1	2.679749E+0	7.442932E+0
68.9375	-3.265381E-2	-1.617432E-1	2.675781E+0	7.464600E+0
68.9375	-3.662109E-2	-1.580811E-1	2.673950E+0	7.483215E+0
68.9531	-2.624512E-2	-1.583862E-1	2.672119E+0	7.500610E+0
68.9688	-3.479004E-2	-1.638794E-1	2.669373E+0	7.523193E+0
68.9688	-2.288818E-2	-1.553345E-1	2.666016E+0	7.541504E+0
68.9844	-3.417969E-2	-1.565552E-1	2.664795E+0	7.560425E+0
68.9844	-2.075195E-2	-1.562500E-1	2.662048E+0	7.581787E+0
69.0	-3.448486E-2	-1.516724E-1	2.659302E+0	7.601013E+0
69.0156	-2.746582E-2	-1.620483E-1	2.658081E+0	7.619324E+0
69.0156	-3.295898E-2	-1.574707E-1	2.655334E+0	7.640381E+0
69.0313	-2.716064E-2	-1.547241E-1	2.651978E+0	7.659302E+0
69.0313	-3.051758E-2	-1.522827E-1	2.650452E+0	7.677612E+0
69.0469	-3.723145E-2	-1.586914E-1	2.646484E+0	7.700195E+0
69.0625	-3.326416E-2	-1.602173E-1	2.645264E+0	7.718506E+0
69.0625	-3.723145E-2	-1.614380E-1	2.643738E+0	7.736206E+0
69.0781	-2.319336E-2	-1.577759E-1	2.640381E+0	7.759094E+0
69.0938	-2.716064E-2	-1.583862E-1	2.637634E+0	7.776489E+0
69.0938	-3.265381E-2	-1.620483E-1	2.636414E+0	7.796631E+0
69.1094	-3.204346E-2	-1.586914E-1	2.633972E+0	7.817078E+0
69.125	-2.624512E-2	-1.568604E-1	2.630005E+0	7.836304E+0
69.125	-3.143311E-2	-1.599121E-1	2.628479E+0	7.854919E+0
69.1406	-3.295898E-2	-1.525879E-1	2.625427E+0	7.876892E+0
69.1563	-3.265381E-2	-1.504517E-1	2.622375E+0	7.895813E+0
69.1563	-2.929687E-2	-1.522827E-1	2.611084E+0	7.912903E+0
69.1719	-2.288818E-2	-1.431274E-1	2.483826E+0	7.914734E+0
69.1875	-1.953125E-2	-1.214600E-1	2.364197E+0	7.915039E+0
69.1875	-1.617432E-2	-1.190186E-1	2.306213E+0	7.915039E+0
69.2031	-1.861572E-2	-1.116943E-1	2.178040E+0	7.914429E+0
69.2188	-8.239746E-3	-9.948730E-2	2.077026E+0	7.914429E+0
69.2188	-5.187988E-3	-9.521484E-2	2.004395E+0	7.914429E+0
69.2344	-3.967285E-3	-8.544922E-2	1.875916E+0	7.914124E+0
69.2344	-6.713867E-3	-6.988525E-2	1.757202E+0	7.913818E+0
69.25	4.577637E-3	-7.019043E-2	1.701660E+0	7.913818E+0
69.2656	7.629395E-3	-5.737305E-2	1.569214E+0	7.914429E+0
69.2656	1.556396E-2	-4.547119E-2	1.457520E+0	7.913818E+0
69.2813	6.408691E-3	-3.967285E-2	1.399536E+0	7.913818E+0
69.2969	1.190186E-2	-3.601074E-2	1.271973E+0	7.913818E+0
69.2969	1.495361E-2	-2.288818E-2	1.174011E+0	7.913818E+0
69.3125	1.953125E-2	-2.227783E-2	1.098633E+0	7.913818E+0
69.3281	1.800537E-2	-1.220703E-2	9.722900E-1	7.913818E+0
69.3281	2.227783E-2	-5.493164E-3	8.560181E-1	7.913513E+0
69.3438	2.990723E-2	2.746582E-3	7.974243E-1	7.913513E+0
69.3438	2.319336E-2	6.103516E-4	6.817627E-1	7.914124E+0
69.3594	3.326416E-2	1.495361E-2	5.554199E-1	7.913513E+0
69.375	3.326416E-2	1.556396E-2	4.971313E-1	7.913513E+0
69.375	3.143311E-2	1.983643E-2	3.823853E-1	7.913513E+0
69.3906	3.234863E-2	3.234863E-2	2.667236E-1	7.913513E+0
69.4063	3.692627E-2	3.509521E-2	2.056885E-1	7.913818E+0
69.4063	4.180908E-2	4.730225E-2	8.239746E-2	7.913818E+0
69.4219	4.821777E-2	4.180908E-2	7.934570E-3	7.910461E+0
69.4219	4.455566E-2	4.821777E-2	4.577637E-3	7.831726E+0
69.4375	3.417969E-2	4.486084E-2	5.493164E-3	7.718811E+0
69.4531	3.997803E-2	4.821777E-2	7.629395E-3	7.622375E+0
69.4531	3.540039E-2	4.272461E-2	7.629395E-3	7.525330E+0
69.4688	3.906250E-2	4.577637E-2	8.239746E-3	7.419128E+0
69.4844	3.723145E-2	3.906250E-2	8.544922E-3	7.322083E+0
69.4844	3.417969E-2	4.272461E-2	8.850098E-3	7.227173E+0
69.5	3.906250E-2	4.547119E-2	8.239746E-3	7.119141E+0
69.5156	3.906250E-2	4.455566E-2	9.155273E-3	7.021484E+0
69.5156	3.845215E-2	4.089355E-2	8.544922E-3	6.923523E+0
69.5313	3.631592E-2	4.638672E-2	8.850098E-3	6.820374E+0
69.5469	4.241943E-2	4.638672E-2	8.850098E-3	6.722107E+0
69.5469	3.814697E-2	4.180908E-2	8.544922E-3	6.624756E+0
69.5625	4.486084E-2	4.669189E-2	8.544922E-3	6.518860E+0
69.5781	3.662109E-2	4.394531E-2	8.850098E-3	6.424561E+0
69.5781	3.631592E-2	3.936768E-2	8.544922E-3	6.323242E+0
69.5938	4.028320E-2	4.852295E-2	9.765625E-3	6.220093E+0
69.6094	4.608154E-2	3.509521E-2	9.155273E-3	6.121826E+0
69.6094	4.425049E-2	4.486084E-2	8.850098E-3	6.026001E+0
69.625	4.089355E-2	3.784180E-2	8.850098E-3	5.919189E+0
69.625	4.241943E-2	3.417969E-2	9.155273E-3	5.822144E+0
69.6406	4.180908E-2	4.882812E-2	8.850098E-3	5.722351E+0
69.6563	4.302979E-2	4.089355E-2	9.765625E-3	5.620728E+0
69.6563	3.814697E-2	4.547119E-2	8.850098E-3	5.520325E+0
69.6719	3.601074E-2	4.760742E-2	8.544922E-3	5.422974E+0
69.6875	4.333496E-2	4.852295E-2	8.850098E-3	5.319214E+0
69.6875	3.601074E-2	4.394531E-2	9.155273E-3	5.221558E+0
69.7031	3.967285E-2	4.455566E-2	9.155273E-3	5.123901E+0
69.7188	3.784180E-2	4.486084E-2	9.460449E-3	5.019531E+0
69.7188	4.608154E-2	4.730225E-2	9.460449E-3	4.920959E+0
69.7344	4.272461E-2	4.760742E-2	8.850098E-3	4.824829E+0
69.7344	5.035400E-2	4.638672E-2	9.155273E-3	4.718933E+0
69.75	4.486084E-2	4.455566E-2	9.765625E-3	4.620972E+0
69.7656	4.302979E-2	4.394531E-2	9.460449E-3	4.522095E+0
69.7656	3.967285E-2	4.272461E-2	9.765625E-3	4.418030E+0
69.7813	4.364014E-2	4.302979E-2	9.765625E-3	4.319763E+0
69.7813	3.997803E-2	4.272461E-2	8.850098E-3	4.223022E+0
69.7969	4.272461E-2	3.997803E-2	9.765625E-3	4.117432E+0
69.8125	4.272461E-2	4.150391E-2	1.007080E-2	4.017334E+0
69.8281	3.753662E-2	4.821777E-2	9.765625E-3	3.922729E+0
69.8281	4.516602E-2	4.669189E-2	9.155273E-3	3.817444E+0
69.8438	4.638672E-2	4.455566E-2	9.460449E-3	3.715820E+0
69.8594	3.479004E-2	4.516602E-2	9.460449E-3	3.616028E+0
69.8594	3.631592E-2	4.547119E-2	8.850098E-3	3.519287E+0
69.875	3.814697E-2	4.608154E-2	8.850098E-3	3.414307E+0
69.875	3.936768E-2	4.516602E-2	9.765625E-3	3.316345E+0
69.8906	4.241943E-2	5.004883E-2	9.155273E-3	3.215637E+0
69.9063	4.150391E-2	4.058838E-2	1.007080E-2	3.114014E+0
69.9063	3.906250E-2	4.425049E-2	1.007080E-2	3.013306E+0
69.9219	4.547119E-2	3.936768E-2	9.765625E-3	2.915649E+0
69.9375	4.180908E-2	4.852295E-2	1.007080E-2	2.811890E+0
69.9375	5.249023E-2	4.943848E-2	1.037598E-2	2.713623E+0
69.9531	4.638672E-2	4.150391E-2	1.007080E-2	2.615051E+0
69.9688	4.486084E-2	4.302979E-2	1.037598E-2	2.510681E+0
69.9688	3.936768E-2	4.455566E-2	1.007080E-2	2.411499E+0
69.9844	4.119873E-2	4.608154E-2	1.007080E-2	2.313843E+0
69.9844	3.997803E-2	4.089355E-2	1.037598E-2	2.208862E+0
70.0	4.089355E-2	4.547119E-2	9.460449E-3	2.110901E+0
70.0156	4.058838E-2	4.760742E-2	9.460449E-3	2.010193E+0
70.0156	4.760742E-2	5.035400E-2	1.037598E-2	1.908875E+0
70.0313	4.089355E-2	4.638672E-2	1.007080E-2	1.809082E+0
70.0313	3.540039E-2	5.126953E-2	9.765625E-3	1.712036E+0
70.0469	4.699707E-2	4.455566E-2	1.068115E-2	1.607056E+0
70.0625	4.028320E-2	5.096436E-2	1.037598E-2	1.507263E+0
70.0781	4.333496E-2	4.577637E-2	1.007080E-2	1.411438E+0
70.0781	4.241943E-2	4.730225E-2	9.765625E-3	1.306458E+0
70.0938	3.540039E-2	5.401611E-2	1.007080E-2	1.205139E+0
70.1094	3.692627E-2	5.065918E-2	1.037598E-2	1.105957E+0
70.1094	3.997803E-2	4.608154E-2	1.007080E-2	1.007690E+0
70.125	4.913330E-2	5.187988E-2	1.007080E-2	9.039307E-1
70.125	4.669189E-2	5.401611E-2	1.037598E-2	8.047485E-1
70.1406	3.814697E-2	5.187988E-2	9.460449E-3	7.043457E-1
70.1563	4.241943E-2	4.882812E-2	1.037598E-2	6.024170E-1
70.1563	4.760742E-2	5.004883E-2	1.007080E-2	5.044556E-1
70.1719	4.394531E-2	5.737305E-2	9.765625E-3	4.037476E-1
70.1875	4.425049E-2	4.608154E-2	1.037598E-2	3.012085E-1
70.1875	4.791260E-2	4.699707E-2	1.007080E-2	2.020264E-1
70.2031	4.699707E-2	5.279541E-2	1.037598E-2	1.055908E-1
70.2188	4.486084E-2	5.187988E-2	1.037598E-2	0.000000E+0
70.2188	5.065918E-2	5.645752E-2	1.007080E-2	3.356934E-3
70.2344	5.310059E-2	5.310059E-2	1.098633E-2	5.187988E-3
70.2344	3.845215E-2	5.340576E-2	1.098633E-2	5.798340E-3
70.25	4.394531E-2	5.462646E-2	1.068115E-2	6.408691E-3
70.2656	4.089355E-2	5.584717E-2	1.068115E-2	6.408691E-3
70.2656	4.943848E-2	5.340576E-2	1.068115E-2	6.408691E-3
70.2813	4.150391E-2	4.943848E-2	1.037598E-2	7.019043E-3
70.2813	4.913330E-2	4.974365E-2	1.098633E-2	6.103516E-3
70.2969	4.913330E-2	5.279541E-2	1.068115E-2	7.019043E-3
70.3125	4.241943E-2	5.249023E-2	1.068115E-2	7.019043E-3
70.3125	5.065918E-2	5.493164E-2	1.007080E-2	7.019043E-3
70.3281	3.875732E-2	5.737305E-2	1.007080E-2	7.324219E-3
70.3438	4.425049E-2	5.798340E-2	1.068115E-2	6.713867E-3
70.3438	4.089355E-2	4.730225E-2	1.037598E-2	7.019043E-3
70.3594	4.699707E-2	5.615234E-2	1.068115E-2	7.629395E-3
70.375	4.669189E-2	5.249023E-2	1.037598E-2	7.019043E-3
70.375	4.730225E-2	5.981445E-2	1.068115E-2	7.324219E-3
70.3906	4.699707E-2	5.401611E-2	1.037598E-2	7.324219E-3
70.4063	4.577637E-2	4.913330E-2	1.098633E-2	7.629395E-3
70.4063	4.455566E-2	5.432129E-2	1.037598E-2	7.019043E-3
70.4219	4.913330E-2	5.157471E-2	1.037598E-2	7.934570E-3
70.4375	5.035400E-2	5.249023E-2	1.068115E-2	7.324219E-3
70.4375	3.845215E-2	5.615234E-2	1.037598E-2	7.324219E-3
70.4531	4.058838E-2	6.042480E-2	1.068115E-2	7.934570E-3
70.4688	4.302979E-2	5.493164E-2	1.068115E-2	7.629395E-3
70.4688	5.249023E-2	5.584717E-2	1.068115E-2	7.629395E-3
70.4844	4.821777E-2	5.249023E-2	1.007080E-2	7.324219E-3
70.4844	4.730225E-2	5.340576E-2	1.037598E-2	7.324219E-3
70.5	4.211426E-2	5.157471E-2	1.098633E-2	7.019043E-3
70.5156	5.187988E-2	4.913330E-2	1.007080E-2	7.324219E-3
70.5156	4.486084E-2	5.615234E-2	1.098633E-2	7.934570E-3
70.5313	4.486084E-2	5.310059E-2	9.765625E-3	8.239746E-3
70.5469	4.089355E-2	5.126953E-2	1.037598E-2	7.629395E-3
70.5469	4.425049E-2	5.615234E-2	1.068115E-2	7.629395E-3
70.5625	4.669189E-2	5.462646E-2	1.098633E-2	7.324219E-3
70.5781	4.974365E-2	5.279541E-2	1.098633E-2	7.934570E-3
70.5781	4.699707E-2	4.425049E-2	9.765625E-3	7.019043E-3
70.5938	4.760742E-2	5.401611E-2	1.037598E-2	7.629395E-3
70.5938	3.906250E-2	5.279541E-2	1.068115E-2	7.629395E-3
70.6094	4.943848E-2	5.065918E-2	1.068115E-2	7.629395E-3
70.625	4.302979E-2	5.950928E-2	1.037598E-2	7.324219E-3
70.625	4.730225E-2	5.676270E-2	1.068115E-2	7.934570E-3
70.6406	4.730225E-2	5.126953E-2	1.068115E-2	7.629395E-3
70.6563	4.730225E-2	5.432129E-2	1.037598E-2	7.934570E-3
70.6563	4.455566E-2	5.249023E-2	1.068115E-2	6.713867E-3
70.6719	5.371094E-2	5.645752E-2	1.068115E-2	7.324219E-3
70.6719	4.516602E-2	5.645752E-2	1.068115E-2	7.324219E-3
70.6875	4.852295E-2	5.279541E-2	1.068115E-2	7.934570E-3
70.7031	4.547119E-2	4.638672E-2	1.037598E-2	7.324219E-3
70.7031	5.096436E-2	5.462646E-2	1.098633E-2	8.544922E-3
70.7188	4.058838E-2	5.157471E-2	1.037598E-2	7.629395E-3
70.7344	5.096436E-2	5.310059E-2	1.068115E-2	7.629395E-3
70.7344	4.119873E-2	5.249023E-2	1.068115E-2	7.629395E-3
70.75	3.997803E-2	4.943848E-2	1.007080E-2	7.629395E-3
70.7656	5.310059E-2	4.974365E-2	1.007080E-2	7.629395E-3
70.7656	4.638672E-2	4.913330E-2	1.037598E-2	7.629395E-3
70.7813	5.004883E-2	5.676270E-2	1.098633E-2	7.019043E-3
70.7969	4.425049E-2	5.737305E-2	1.068115E-2	7.324219E-3
70.7969	4.364014E-2	5.889893E-2	1.098633E-2	7.629395E-3
70.8125	4.730225E-2	5.676270E-2	1.007080E-2	7.324219E-3
70.8281	4.943848E-2	5.462646E-2	1.037598E-2	7.629395E-3
70.8281	4.333496E-2	6.317139E-2	1.037598E-2	7.934570E-3
70.8438	5.065918E-2	5.340576E-2	1.068115E-2	7.019043E-3
70.8594	4.577637E-2	5.798340E-2	1.068115E-2	7.324219E-3
70.8594	4.638672E-2	5.462646E-2	1.068115E-2	7.629395E-3
70.875	4.333496E-2	5.249023E-2	1.007080E-2	7.324219E-3
70.875	5.340576E-2	4.821777E-2	1.068115E-2	7.934570E-3
70.8906	4.272461E-2	5.096436E-2	1.037598E-2	7.629395E-3
70.9063	4.943848E-2	5.004883E-2	1.007080E-2	7.629395E-3
70.9063	4.608154E-2	5.615234E-2	1.068115E-2	7.934570E-3
70.9219	4.058838E-2	5.249023E-2	1.007080E-2	7.629395E-3
70.9375	4.943848E-2	6.042480E-2	1.068115E-2	7.934570E-3
70.9375	5.187988E-2	5.096436E-2	1.037598E-2	7.629395E-3
70.9531	4.394531E-2	5.371094E-2	1.068115E-2	8.239746E-3
70.9688	4.669189E-2	5.554199E-2	1.007080E-2	7.324219E-3
70.9688	4.486084E-2	5.096436E-2	1.007080E-2	7.934570E-3
70.9844	4.760742E-2	5.615234E-2	1.037598E-2	7.629395E-3
70.9844	4.669189E-2	5.004883E-2	1.068115E-2	7.934570E-3
71.0	4.180908E-2	4.913330E-2	1.037598E-2	7.629395E-3
71.0156	4.211426E-2	5.126953E-2	1.007080E-2	7.629395E-3
71.0156	4.699707E-2	5.615234E-2	1.098633E-2	7.629395E-3
71.0313	4.577637E-2	5.676270E-2	1.037598E-2	7.629395E-3
71.0313	4.089355E-2	4.882812E-2	1.068115E-2	7.324219E-3
71.0469	4.547119E-2	5.554199E-2	1.068115E-2	7.934570E-3
71.0625	4.730225E-2	5.157471E-2	1.068115E-2	7.629395E-3
71.0781	5.004883E-2	5.493164E-2	9.765625E-3	7.324219E-3
71.0781	4.547119E-2	5.340576E-2	1.037598E-2	7.629395E-3
71.0938	4.577637E-2	5.310059E-2	1.007080E-2	7.629395E-3
71.1094	4.058838E-2	5.462646E-2	1.037598E-2	7.629395E-3
71.1094	5.065918E-2	5.371094E-2	1.037598E-2	7.934570E-3
71.125	5.004883E-2	5.371094E-2	1.037598E-2	7.629395E-3
71.125	4.425049E-2	5.035400E-2	1.037598E-2	7.019043E-3
71.1406	4.058838E-2	5.035400E-2	1.007080E-2	7.324219E-3
71.1563	4.547119E-2	5.065918E-2	1.068115E-2	7.934570E-3
71.1563	4.943848E-2	5.279541E-2	1.007080E-2	7.934570E-3
71.1719	4.302979E-2	5.035400E-2	1.037598E-2	8.239746E-3
71.1875	4.882812E-2	5.706787E-2	9.765625E-3	7.934570E-3
71.1875	4.211426E-2	5.157471E-2	1.037598E-2	7.629395E-3
71.2031	4.882812E-2	4.913330E-2	1.037598E-2	7.629395E-3
71.2188	4.333496E-2	5.828857E-2	1.007080E-2	7.629395E-3
71.2188	4.638672E-2	4.699707E-2	1.068115E-2	7.934570E-3
71.2344	4.302979E-2	4.791260E-2	1.068115E-2	7.629395E-3
71.2344	4.333496E-2	4.913330E-2	1.068115E-2	7.019043E-3
71.25	5.493164E-2	5.126953E-2	1.068115E-2	7.629395E-3
71.2656	5.065918E-2	5.065918E-2	9.765625E-3	7.629395E-3
