March 02, 2010 12:55
529b02
H:\033-20100302-sws17-ls\traj\LS_p36_d80_vp20_vd20.traj
lateral amplification = 100
normal amp = 100
pitch angle = -3
roll angle = 280
cantilever = 529b02
<data>
time	voltageForceLateral	voltageForceNormal	voltagePositionX	voltagePositionY
89.0313	2.227783E-2	2.746582E-2	1.098633E-2	7.629395E-3
89.0469	2.532959E-2	3.356934E-2	1.037598E-2	7.629395E-3
89.0469	2.990723E-2	3.143311E-2	1.037598E-2	7.934570E-3
89.0625	2.899170E-2	2.441406E-2	1.037598E-2	7.324219E-3
89.0782	3.356934E-2	3.723145E-2	1.098633E-2	7.324219E-3
89.0782	2.410889E-2	2.899170E-2	1.068115E-2	7.629395E-3
89.0938	3.448486E-2	3.753662E-2	1.068115E-2	7.324219E-3
89.1094	3.204346E-2	3.570557E-2	1.098633E-2	7.934570E-3
89.1094	2.960205E-2	3.295898E-2	1.068115E-2	7.629395E-3
89.125	2.807617E-2	3.143311E-2	1.037598E-2	7.324219E-3
89.1407	1.892090E-2	3.112793E-2	1.007080E-2	7.629395E-3
89.1407	2.380371E-2	3.204346E-2	1.037598E-2	7.324219E-3
89.1563	2.868652E-2	3.631592E-2	1.037598E-2	7.934570E-3
89.1719	3.814697E-2	2.838135E-2	1.098633E-2	7.934570E-3
89.1719	2.716064E-2	2.685547E-2	1.068115E-2	7.629395E-3
89.1875	3.814697E-2	3.479004E-2	1.068115E-2	7.934570E-3
89.2032	2.960205E-2	2.563477E-2	1.007080E-2	7.324219E-3
89.2032	2.685547E-2	2.655029E-2	1.007080E-2	8.239746E-3
89.2188	1.647949E-2	3.326416E-2	1.129150E-2	7.934570E-3
89.2344	2.319336E-2	3.662109E-2	1.098633E-2	7.324219E-3
89.2344	2.807617E-2	3.753662E-2	1.068115E-2	7.934570E-3
89.25	2.838135E-2	3.540039E-2	1.068115E-2	7.934570E-3
89.25	3.417969E-2	3.234863E-2	1.098633E-2	7.629395E-3
89.2657	2.899170E-2	2.899170E-2	1.007080E-2	7.934570E-3
89.2813	3.295898E-2	2.990723E-2	1.037598E-2	7.019043E-3
89.2813	2.868652E-2	3.021240E-2	1.098633E-2	8.239746E-3
89.2969	2.899170E-2	2.838135E-2	1.037598E-2	7.324219E-3
89.3125	3.509521E-2	3.662109E-2	1.007080E-2	7.019043E-3
89.3125	2.746582E-2	3.173828E-2	1.037598E-2	7.324219E-3
89.3282	2.838135E-2	2.868652E-2	1.098633E-2	7.629395E-3
89.3438	3.540039E-2	3.082275E-2	1.068115E-2	7.629395E-3
89.3438	2.685547E-2	2.990723E-2	1.007080E-2	7.934570E-3
89.3594	2.197266E-2	3.479004E-2	1.037598E-2	8.239746E-3
89.3594	2.441406E-2	3.448486E-2	1.037598E-2	8.239746E-3
89.375	2.807617E-2	3.570557E-2	9.765625E-3	7.324219E-3
89.3907	3.662109E-2	3.173828E-2	1.037598E-2	7.324219E-3
89.3907	2.380371E-2	3.387451E-2	1.037598E-2	8.239746E-3
89.4063	2.563477E-2	2.960205E-2	1.068115E-2	8.239746E-3
89.4063	3.295898E-2	3.295898E-2	1.007080E-2	7.324219E-3
89.4219	2.807617E-2	2.929687E-2	1.037598E-2	7.629395E-3
89.4375	3.204346E-2	3.448486E-2	1.007080E-2	7.629395E-3
89.4375	3.204346E-2	2.624512E-2	1.068115E-2	7.629395E-3
89.4532	2.502441E-2	3.784180E-2	1.037598E-2	7.934570E-3
89.4688	2.532959E-2	3.631592E-2	1.098633E-2	7.629395E-3
89.4688	2.624512E-2	3.112793E-2	1.068115E-2	7.629395E-3
89.4844	2.929687E-2	2.746582E-2	1.098633E-2	7.629395E-3
89.5	2.014160E-2	3.112793E-2	1.007080E-2	7.934570E-3
89.5	2.960205E-2	3.021240E-2	1.037598E-2	7.324219E-3
89.5157	2.410889E-2	3.448486E-2	1.068115E-2	7.934570E-3
89.5313	3.295898E-2	3.112793E-2	1.007080E-2	7.934570E-3
89.5313	3.112793E-2	2.990723E-2	1.068115E-2	7.324219E-3
89.5469	3.112793E-2	3.326416E-2	1.007080E-2	7.629395E-3
89.5625	3.356934E-2	3.479004E-2	1.068115E-2	7.934570E-3
89.5625	3.051758E-2	3.234863E-2	1.129150E-2	7.324219E-3
89.5782	2.777100E-2	3.601074E-2	1.068115E-2	7.629395E-3
89.5938	2.990723E-2	3.540039E-2	1.037598E-2	7.629395E-3
89.5938	3.356934E-2	2.960205E-2	1.037598E-2	7.629395E-3
89.6094	2.227783E-2	3.356934E-2	1.068115E-2	7.629395E-3
89.6094	2.716064E-2	2.929687E-2	1.068115E-2	7.629395E-3
89.625	2.471924E-2	3.479004E-2	1.037598E-2	7.629395E-3
89.6407	2.807617E-2	3.295898E-2	1.098633E-2	7.324219E-3
89.6407	2.899170E-2	3.814697E-2	1.068115E-2	7.934570E-3
89.6563	2.990723E-2	3.021240E-2	1.098633E-2	8.239746E-3
89.6719	2.868652E-2	3.479004E-2	1.037598E-2	7.629395E-3
89.6719	1.922607E-2	3.356934E-2	1.068115E-2	7.934570E-3
89.6875	2.716064E-2	2.777100E-2	1.037598E-2	7.629395E-3
89.7032	2.624512E-2	3.326416E-2	1.068115E-2	7.629395E-3
89.7032	2.685547E-2	3.753662E-2	1.068115E-2	7.934570E-3
89.7188	2.868652E-2	2.990723E-2	1.037598E-2	7.629395E-3
89.7344	3.234863E-2	3.112793E-2	1.037598E-2	7.629395E-3
89.7344	3.601074E-2	3.234863E-2	1.068115E-2	7.934570E-3
89.75	2.593994E-2	3.326416E-2	1.037598E-2	7.629395E-3
89.75	3.204346E-2	3.021240E-2	1.068115E-2	7.324219E-3
89.7657	2.990723E-2	3.417969E-2	1.068115E-2	7.324219E-3
89.7813	2.990723E-2	3.570557E-2	1.037598E-2	7.324219E-3
89.7813	3.479004E-2	2.807617E-2	1.098633E-2	7.629395E-3
89.7969	3.234863E-2	3.601074E-2	1.037598E-2	7.934570E-3
89.7969	3.112793E-2	3.173828E-2	1.007080E-2	7.934570E-3
89.8125	2.838135E-2	2.868652E-2	1.068115E-2	7.934570E-3
89.8282	2.960205E-2	2.593994E-2	1.037598E-2	7.019043E-3
89.8282	3.204346E-2	3.234863E-2	1.068115E-2	7.934570E-3
89.8438	2.441406E-2	2.532959E-2	1.037598E-2	7.629395E-3
89.8594	2.441406E-2	3.448486E-2	1.037598E-2	7.324219E-3
89.8594	2.441406E-2	2.410889E-2	1.220703E-2	7.629395E-3
89.875	2.593994E-2	3.662109E-2	3.509521E-2	7.629395E-3
89.8907	3.021240E-2	2.868652E-2	5.523682E-2	7.934570E-3
89.8907	2.380371E-2	3.234863E-2	7.202148E-2	7.629395E-3
89.9063	2.532959E-2	2.258301E-2	9.582520E-2	7.934570E-3
89.9219	2.929687E-2	2.899170E-2	1.190186E-1	7.324219E-3
89.9219	2.899170E-2	2.380371E-2	1.321411E-1	7.629395E-3
89.9375	2.777100E-2	2.105713E-2	1.574707E-1	7.324219E-3
89.9532	2.197266E-2	1.770020E-2	1.785278E-1	7.934570E-3
89.9532	2.624512E-2	2.075195E-2	1.916504E-1	7.019043E-3
89.9688	2.288818E-2	2.624512E-2	2.142334E-1	8.239746E-3
89.9844	2.868652E-2	1.861572E-2	2.386475E-1	7.934570E-3
89.9844	1.953125E-2	1.129150E-2	2.514648E-1	7.324219E-3
90.0	2.899170E-2	8.850098E-3	2.764893E-1	7.934570E-3
90.0	2.563477E-2	2.014160E-2	2.975464E-1	7.324219E-3
90.0157	1.525879E-2	8.544922E-3	3.115845E-1	7.629395E-3
90.0313	2.136230E-2	8.850098E-3	3.338623E-1	7.324219E-3
90.0313	1.647949E-2	1.159668E-2	3.582764E-1	7.324219E-3
90.0469	2.288818E-2	6.408691E-3	3.707886E-1	7.934570E-3
90.0625	1.922607E-2	1.403809E-2	3.955078E-1	7.934570E-3
90.0625	2.441406E-2	5.187988E-3	4.187012E-1	7.629395E-3
90.0782	1.708984E-2	3.051758E-3	4.318237E-1	7.629395E-3
90.0938	2.136230E-2	8.544922E-3	4.559326E-1	7.324219E-3
90.0938	2.197266E-2	3.051758E-3	4.748535E-1	7.629395E-3
90.1094	2.044678E-2	9.155273E-4	4.904175E-1	8.239746E-3
90.1094	2.136230E-2	2.746582E-3	5.148315E-1	7.324219E-3
90.125	9.155273E-3	-1.220703E-3	5.371094E-1	7.324219E-3
90.1407	2.197266E-2	-3.051758E-3	5.502319E-1	7.934570E-3
90.1407	1.770020E-2	4.577637E-3	5.752563E-1	7.934570E-3
90.1563	1.403809E-2	-4.882812E-3	5.975342E-1	7.629395E-3
90.1563	1.434326E-2	-7.324219E-3	6.097412E-1	7.934570E-3
90.1719	1.464844E-2	-5.493164E-3	6.326294E-1	7.934570E-3
90.1875	1.556396E-2	-1.190186E-2	6.576538E-1	8.239746E-3
90.1875	1.953125E-2	-4.577637E-3	6.707764E-1	7.934570E-3
90.2032	1.220703E-2	-8.544922E-3	6.948853E-1	7.934570E-3
90.2188	9.765625E-3	-8.239746E-3	7.135010E-1	7.629395E-3
90.2188	1.434326E-2	-9.765625E-3	7.296753E-1	7.629395E-3
90.2344	6.713867E-3	-7.629395E-3	7.543945E-1	7.934570E-3
90.25	7.629395E-3	-1.586914E-2	7.775879E-1	7.934570E-3
90.25	1.312256E-2	-1.434326E-2	7.904053E-1	8.239746E-3
90.2657	1.586914E-2	-2.319336E-2	8.139038E-1	7.934570E-3
90.2813	1.342773E-2	-1.159668E-2	8.334351E-1	7.934570E-3
90.2813	9.765625E-3	-2.532959E-2	8.489990E-1	7.934570E-3
90.2969	1.495361E-2	-1.342773E-2	8.721924E-1	7.324219E-3
90.3125	1.464844E-2	-2.258301E-2	8.932495E-1	7.629395E-3
90.3125	7.629395E-3	-1.586914E-2	9.088135E-1	7.324219E-3
90.3282	7.324219E-3	-3.051758E-2	9.307861E-1	7.934570E-3
90.3438	1.708984E-2	-2.685547E-2	9.533691E-1	7.934570E-3
90.3438	4.272461E-3	-2.014160E-2	9.686279E-1	7.934570E-3
90.3594	1.098633E-2	-2.929687E-2	9.912109E-1	7.934570E-3
90.3594	1.159668E-2	-3.234863E-2	1.015625E+0	7.324219E-3
90.375	4.577637E-3	-3.173828E-2	1.028748E+0	7.324219E-3
90.3907	5.187988E-3	-3.387451E-2	1.051025E+0	7.934570E-3
90.3907	3.356934E-3	-3.143311E-2	1.075439E+0	7.324219E-3
90.4063	1.251221E-2	-3.906250E-2	1.088257E+0	7.934570E-3
90.4219	6.713867E-3	-3.662109E-2	1.112366E+0	7.019043E-3
90.4219	8.544922E-3	-3.753662E-2	1.132202E+0	7.019043E-3
90.4375	1.159668E-2	-3.875732E-2	1.148071E+0	7.324219E-3
90.4532	-6.103516E-4	-3.906250E-2	1.170959E+0	7.629395E-3
90.4532	9.155273E-4	-4.943848E-2	1.194763E+0	7.629395E-3
90.4688	2.136230E-3	-4.364014E-2	1.207581E+0	7.629395E-3
90.4844	-1.220703E-3	-4.394531E-2	1.232910E+0	7.934570E-3
90.4844	2.136230E-3	-4.058838E-2	1.255188E+0	7.934570E-3
90.5	7.324219E-3	-4.669189E-2	1.267700E+0	8.239746E-3
90.5	5.798340E-3	-5.462646E-2	1.291809E+0	7.934570E-3
90.5157	4.577637E-3	-5.157471E-2	1.312561E+0	7.934570E-3
90.5313	-3.051758E-3	-5.371094E-2	1.326904E+0	7.324219E-3
90.5313	-3.051758E-3	-5.554199E-2	1.351318E+0	8.239746E-3
90.5469	-4.272461E-3	-6.103516E-2	1.374512E+0	7.629395E-3
90.5469	-1.831055E-3	-5.981445E-2	1.387939E+0	7.934570E-3
90.5625	-3.662109E-3	-5.706787E-2	1.409302E+0	7.934570E-3
90.5782	-9.155273E-4	-6.713867E-2	1.433411E+0	7.934570E-3
90.5782	-6.408691E-3	-6.439209E-2	1.447144E+0	7.934570E-3
90.5938	-2.441406E-3	-6.195068E-2	1.471558E+0	7.629395E-3
90.6094	-3.356934E-3	-6.408691E-2	1.493835E+0	7.629395E-3
90.6094	-3.356934E-3	-6.744385E-2	1.506348E+0	7.934570E-3
90.625	-7.934570E-3	-7.141113E-2	1.531067E+0	7.629395E-3
90.6407	-1.037598E-2	-7.324219E-2	1.551208E+0	7.629395E-3
90.6407	-9.460449E-3	-7.446289E-2	1.566162E+0	8.544922E-3
90.6563	-3.662109E-3	-6.683350E-2	1.590271E+0	7.629395E-3
90.6719	-9.765625E-3	-8.392334E-2	1.613770E+0	7.629395E-3
90.6719	-1.098633E-2	-7.965088E-2	1.625671E+0	7.934570E-3
90.6875	-1.159668E-2	-7.995605E-2	1.651001E+0	7.934570E-3
90.7032	-6.713867E-3	-8.209229E-2	1.672974E+0	7.934570E-3
90.7032	-1.434326E-2	-8.117676E-2	1.685791E+0	7.629395E-3
90.7188	-7.934570E-3	-8.422852E-2	1.708069E+0	7.629395E-3
90.7344	-1.678467E-2	-8.941650E-2	1.732788E+0	7.629395E-3
90.7344	-1.129150E-2	-9.002686E-2	1.744995E+0	7.324219E-3
90.75	-1.220703E-2	-9.338379E-2	1.769714E+0	7.629395E-3
90.75	-1.251221E-2	-8.941650E-2	1.791687E+0	7.934570E-3
90.7657	-1.861572E-2	-9.124756E-2	1.804810E+0	7.629395E-3
90.7813	-1.403809E-2	-9.826660E-2	1.827393E+0	7.629395E-3
90.7813	-1.983643E-2	-9.674072E-2	1.852417E+0	7.324219E-3
90.7969	-2.410889E-2	-1.016235E-1	1.864624E+0	7.324219E-3
90.8125	-2.166748E-2	-1.068115E-1	1.889954E+0	8.239746E-3
90.8125	-2.105713E-2	-1.062012E-1	1.911316E+0	7.934570E-3
90.8282	-2.105713E-2	-1.092529E-1	1.924744E+0	7.629395E-3
90.8438	-1.647949E-2	-1.104736E-1	1.949768E+0	7.934570E-3
90.8438	-1.800537E-2	-1.062012E-1	1.969299E+0	7.324219E-3
90.8594	-1.953125E-2	-1.089478E-1	1.983643E+0	7.629395E-3
90.8594	-2.105713E-2	-1.141357E-1	2.009277E+0	7.324219E-3
90.875	-2.716064E-2	-1.129150E-1	2.031250E+0	8.544922E-3
90.8907	-2.105713E-2	-1.138306E-1	2.043762E+0	7.934570E-3
90.8907	-3.143311E-2	-1.242065E-1	2.069397E+0	7.019043E-3
90.9063	-3.143311E-2	-1.205444E-1	2.089844E+0	7.324219E-3
90.9219	-1.922607E-2	-1.278687E-1	2.111816E+0	7.934570E-3
90.9219	-2.655029E-2	-1.300049E-1	2.130737E+0	8.239746E-3
90.9375	-2.807617E-2	-1.281738E-1	2.143555E+0	7.629395E-3
90.9532	-3.173828E-2	-1.318359E-1	2.167969E+0	7.324219E-3
90.9532	-2.593994E-2	-1.361084E-1	2.187805E+0	7.629395E-3
90.9688	-2.807617E-2	-1.361084E-1	2.203064E+0	7.629395E-3
90.9844	-2.746582E-2	-1.409912E-1	2.228088E+0	7.629395E-3
90.9844	-2.960205E-2	-1.431274E-1	2.250671E+0	7.934570E-3
91.0	-3.479004E-2	-1.446533E-1	2.271729E+0	7.324219E-3
91.0	-2.868652E-2	-1.446533E-1	2.280579E+0	7.629395E-3
91.0157	-3.601074E-2	-1.501465E-1	2.310791E+0	7.629395E-3
91.0313	-2.685547E-2	-1.501465E-1	2.322388E+0	8.239746E-3
91.0469	-3.662109E-2	-1.547241E-1	2.356262E+0	7.934570E-3
91.0469	-3.509521E-2	-1.574707E-1	2.367859E+0	7.629395E-3
91.0625	-3.631592E-2	-1.620483E-1	2.387695E+0	7.934570E-3
91.0625	-4.150391E-2	-1.666260E-1	2.410278E+0	7.629395E-3
91.0782	-3.601074E-2	-1.654053E-1	2.423096E+0	8.239746E-3
91.0938	-3.906250E-2	-1.629639E-1	2.447815E+0	7.019043E-3
91.1094	-4.089355E-2	-1.736450E-1	2.477112E+0	7.629395E-3
91.1094	-4.119873E-2	-1.745605E-1	2.510071E+0	7.934570E-3
91.125	-4.333496E-2	-1.763916E-1	2.521057E+0	7.629395E-3
91.1407	-4.089355E-2	-1.797485E-1	2.543640E+0	7.934570E-3
91.1407	-4.882812E-2	-1.907349E-1	2.568970E+0	7.629395E-3
91.1563	-4.943848E-2	-2.301025E-1	2.581177E+0	7.629395E-3
91.1719	-4.821777E-2	-1.831055E-1	2.605591E+0	7.324219E-3
91.1719	-4.638672E-2	-1.406860E-1	2.625122E+0	7.019043E-3
91.1875	-3.143311E-2	-9.918213E-2	2.640381E+0	7.629395E-3
91.2032	-3.753662E-2	-1.953125E-2	2.665405E+0	7.629395E-3
91.2032	-2.502441E-2	5.645752E-2	2.688599E+0	7.629395E-3
91.2188	-2.685547E-2	1.147461E-1	2.701416E+0	7.629395E-3
91.2344	-2.777100E-2	1.763916E-1	2.726135E+0	7.324219E-3
91.2344	-2.014160E-2	2.520752E-1	2.748108E+0	8.239746E-3
91.25	-9.155273E-3	2.822876E-1	2.760620E+0	7.934570E-3
91.25	-1.678467E-2	3.704834E-1	2.785339E+0	7.934570E-3
91.2657	-4.272461E-3	4.544067E-1	2.805176E+0	7.629395E-3
91.2813	0.000000E+0	4.907227E-1	2.820435E+0	8.239746E-3
91.2813	2.746582E-3	5.764771E-1	2.842712E+0	7.934570E-3
91.2969	1.556396E-2	6.430054E-1	2.868042E+0	7.019043E-3
91.2969	1.129150E-2	7.077026E-1	2.881165E+0	7.324219E-3
91.3125	2.044678E-2	7.595825E-1	2.903442E+0	7.934570E-3
91.3282	2.319336E-2	8.374023E-1	2.926636E+0	7.629395E-3
91.3282	2.716064E-2	8.795166E-1	2.940369E+0	7.934570E-3
91.3438	2.258301E-2	9.640503E-1	2.964783E+0	7.629395E-3
91.3594	3.692627E-2	1.044312E+0	2.984924E+0	7.934570E-3
91.3594	3.021240E-2	1.081848E+0	3.000183E+0	7.629395E-3
91.375	4.608154E-2	1.162109E+0	3.023071E+0	7.629395E-3
91.3907	4.455566E-2	1.222229E+0	3.044434E+0	8.544922E-3
91.3907	5.828857E-2	1.297913E+0	3.060303E+0	7.934570E-3
91.4063	4.913330E-2	1.372986E+0	3.084717E+0	7.934570E-3
91.4219	6.500244E-2	1.437073E+0	3.106689E+0	7.629395E-3
91.4219	6.378174E-2	1.483459E+0	3.120117E+0	8.239746E-3
91.4375	7.354736E-2	1.570129E+0	3.145447E+0	7.934570E-3
91.4532	7.446289E-2	1.648865E+0	3.167419E+0	7.934570E-3
91.4532	7.751465E-2	1.693115E+0	3.179932E+0	7.934570E-3
91.4688	8.331299E-2	1.767883E+0	3.202820E+0	7.934570E-3
91.4844	8.300781E-2	1.849976E+0	3.227844E+0	7.934570E-3
91.4844	9.124756E-2	1.884155E+0	3.239746E+0	7.629395E-3
91.5	9.124756E-2	1.973267E+0	3.264160E+0	8.239746E-3
91.5	9.155273E-2	2.053223E+0	3.286743E+0	7.629395E-3
91.5157	9.552002E-2	2.086182E+0	3.298950E+0	7.629395E-3
91.5313	9.063721E-2	2.162170E+0	3.322144E+0	7.934570E-3
91.5313	8.819580E-2	2.243347E+0	3.347168E+0	7.629395E-3
91.5469	9.490967E-2	2.289429E+0	3.359070E+0	7.324219E-3
91.5625	9.582520E-2	2.387695E+0	3.384705E+0	7.629395E-3
91.5625	9.979248E-2	2.452393E+0	3.406677E+0	8.239746E-3
91.5782	9.552002E-2	2.486877E+0	3.419800E+0	8.239746E-3
91.5938	1.000977E-1	2.563477E+0	3.443909E+0	7.629395E-3
91.5938	1.013184E-1	2.651978E+0	3.464050E+0	8.239746E-3
91.6094	1.046753E-1	2.695618E+0	3.479004E+0	7.019043E-3
91.6094	1.071167E-1	2.785339E+0	3.504333E+0	7.629395E-3
91.625	1.107788E-1	2.851868E+0	3.526306E+0	8.239746E-3
91.6407	1.190186E-1	2.907410E+0	3.538818E+0	7.629395E-3
91.6407	1.229858E-1	2.994690E+0	3.564148E+0	8.239746E-3
91.6563	1.293945E-1	3.064575E+0	3.585815E+0	7.324219E-3
91.6563	1.296997E-1	3.087769E+0	3.595581E+0	7.324219E-3
91.6719	1.248169E-1	3.061829E+0	3.591614E+0	2.716064E-2
91.6875	1.300049E-1	3.054504E+0	3.587341E+0	4.577637E-2
91.6875	1.336670E-1	3.034668E+0	3.585510E+0	6.500244E-2
91.7032	1.239014E-1	3.025208E+0	3.580017E+0	8.605957E-2
91.7188	1.278687E-1	2.991638E+0	3.576965E+0	1.055908E-1
91.7188	1.159668E-1	2.974854E+0	3.573608E+0	1.245117E-1
91.7344	1.290894E-1	2.951050E+0	3.569336E+0	1.443481E-1
91.75	1.272583E-1	2.941589E+0	3.565674E+0	1.654053E-1
91.75	1.196289E-1	2.920532E+0	3.563538E+0	1.834106E-1
91.7657	1.278687E-1	2.903137E+0	3.558960E+0	2.047729E-1
91.7813	1.300049E-1	2.864380E+0	3.554993E+0	2.230835E-1
91.7813	1.315308E-1	2.863159E+0	3.552246E+0	2.426147E-1
91.7969	1.327515E-1	2.835693E+0	3.548279E+0	2.642822E-1
91.8125	1.330566E-1	2.814941E+0	3.544922E+0	2.828979E-1
91.8125	1.333618E-1	2.805786E+0	3.542175E+0	3.021240E-1
91.8282	1.385498E-1	2.767029E+0	3.537598E+0	3.231812E-1
91.8438	1.370239E-1	2.751770E+0	3.533630E+0	3.430176E-1
91.8438	1.370239E-1	2.731628E+0	3.531189E+0	3.616333E-1
91.8594	1.284790E-1	2.725525E+0	3.527832E+0	3.826904E-1
91.8594	1.284790E-1	2.690125E+0	3.522644E+0	4.019165E-1
91.875	1.260376E-1	2.673035E+0	3.521423E+0	4.217529E-1
91.8907	1.156616E-1	2.630615E+0	3.516541E+0	4.415894E-1
91.8907	1.104736E-1	2.612000E+0	3.512573E+0	4.608154E-1
91.9063	1.019287E-1	2.589417E+0	3.510132E+0	4.800415E-1
91.9219	1.013184E-1	2.570496E+0	3.506165E+0	5.017090E-1
91.9219	1.004028E-1	2.533569E+0	3.502197E+0	5.200195E-1
91.9375	9.399414E-2	2.504272E+0	3.500366E+0	5.404663E-1
91.9532	9.643555E-2	2.472839E+0	3.496094E+0	5.603027E-1
91.9532	9.277344E-2	2.449951E+0	3.493347E+0	5.801392E-1
91.9688	7.873535E-2	2.429504E+0	3.489990E+0	5.981445E-1
91.9844	6.622314E-2	2.396240E+0	3.485718E+0	6.195068E-1
91.9844	7.232666E-2	2.357483E+0	3.482056E+0	6.387329E-1
92.0	5.279541E-2	2.333679E+0	3.479309E+0	6.579590E-1
92.0	5.035400E-2	2.318726E+0	3.475037E+0	6.787109E-1
92.0157	3.997803E-2	2.285156E+0	3.471680E+0	6.979370E-1
92.0313	3.112793E-2	2.272034E+0	3.468933E+0	7.174683E-1
92.0313	2.410889E-2	2.217102E+0	3.464966E+0	7.385254E-1
92.0469	9.765625E-3	2.201538E+0	3.460693E+0	7.571411E-1
92.0469	-8.239746E-3	2.170715E+0	3.458557E+0	7.763672E-1
92.0625	-1.556396E-2	2.158203E+0	3.454590E+0	7.974243E-1
92.0782	-1.800537E-2	2.109375E+0	3.450012E+0	8.169556E-1
92.0782	-4.058838E-2	2.091064E+0	3.448181E+0	8.349609E-1
92.0938	-5.187988E-2	2.040710E+0	3.442383E+0	8.566284E-1
92.1094	-6.774902E-2	2.020874E+0	3.439331E+0	8.758545E-1
92.1094	-7.171631E-2	2.000427E+0	3.437195E+0	8.950806E-1
92.125	-8.575439E-2	1.973877E+0	3.432922E+0	9.149170E-1
92.1407	-9.704590E-2	1.915283E+0	3.428650E+0	9.353638E-1
92.1407	-1.126099E-1	1.897583E+0	3.427429E+0	9.530640E-1
92.1563	-1.196289E-1	1.867676E+0	3.422546E+0	9.750366E-1
92.1719	-1.348877E-1	1.839905E+0	3.418884E+0	9.933472E-1
92.1719	-1.434326E-1	1.803589E+0	3.416138E+0	1.013489E+0
92.1875	-1.660156E-1	1.764526E+0	3.411560E+0	1.034546E+0
92.2032	-1.837158E-1	1.740417E+0	3.407898E+0	1.053772E+0
92.2032	-2.026367E-1	1.713257E+0	3.406677E+0	1.071472E+0
92.2188	-2.078247E-1	1.710815E+0	3.403931E+0	1.093140E+0
92.2188	-2.310181E-1	1.647339E+0	3.398743E+0	1.112671E+0
92.2344	-2.438354E-1	1.619568E+0	3.396301E+0	1.132202E+0
92.25	-2.609253E-1	1.568909E+0	3.391418E+0	1.152344E+0
92.25	-2.828979E-1	1.564941E+0	3.387756E+0	1.171570E+0
92.2657	-3.039551E-1	1.521912E+0	3.384705E+0	1.191711E+0
92.2813	-3.118896E-1	1.477356E+0	3.381348E+0	1.211548E+0
92.2813	-3.350830E-1	1.445923E+0	3.377075E+0	1.230774E+0
92.2969	-3.561401E-1	1.418152E+0	3.375549E+0	1.249695E+0
92.3125	-3.677368E-1	1.387634E+0	3.370361E+0	1.270752E+0
92.3125	-3.945923E-1	1.354675E+0	3.366394E+0	1.289368E+0
92.3282	-4.116821E-1	1.319885E+0	3.364258E+0	1.308899E+0
92.3438	-4.370117E-1	1.281128E+0	3.359680E+0	1.330261E+0
92.3438	-4.495239E-1	1.235962E+0	3.356323E+0	1.350098E+0
92.3594	-4.727173E-1	1.216431E+0	3.354187E+0	1.369019E+0
92.3594	-4.843140E-1	1.190186E+0	3.349915E+0	1.389465E+0
92.375	-5.136108E-1	1.140442E+0	3.345642E+0	1.408691E+0
92.3907	-5.300903E-1	1.104431E+0	3.342590E+0	1.428833E+0
92.3907	-5.474854E-1	1.068115E+0	3.338318E+0	1.448059E+0
92.4063	-5.706787E-1	1.038818E+0	3.334656E+0	1.468506E+0
92.4063	-5.984497E-1	9.988403E-1	3.332520E+0	1.486511E+0
92.4219	-6.134033E-1	9.698486E-1	3.328552E+0	1.507263E+0
92.4375	-6.423950E-1	9.286499E-1	3.324585E+0	1.526489E+0
92.4375	-6.509399E-1	8.981323E-1	3.323059E+0	1.546021E+0
92.4532	-6.866455E-1	8.627319E-1	3.318176E+0	1.566772E+0
92.4688	-7.104492E-1	8.197021E-1	3.313904E+0	1.586304E+0
92.4688	-7.299805E-1	7.846069E-1	3.311768E+0	1.606140E+0
92.4844	-7.556152E-1	7.504272E-1	3.308411E+0	1.625977E+0
92.5	-7.769775E-1	7.012939E-1	3.303223E+0	1.645508E+0
92.5	-8.020020E-1	6.881714E-1	3.302002E+0	1.664429E+0
92.5157	-8.230591E-1	6.350708E-1	3.296509E+0	1.684875E+0
92.5313	-8.520508E-1	6.137085E-1	3.292847E+0	1.705017E+0
92.5313	-8.819580E-1	5.654907E-1	3.290710E+0	1.723633E+0
92.5469	-9.152222E-1	5.255127E-1	3.287354E+0	1.744995E+0
92.5625	-9.323120E-1	4.873657E-1	3.283386E+0	1.763306E+0
92.5625	-9.716797E-1	4.586792E-1	3.280334E+0	1.783142E+0
92.5782	-9.875488E-1	4.211426E-1	3.275452E+0	1.803894E+0
92.5938	-1.017761E+0	3.717041E-1	3.271790E+0	1.823425E+0
92.5938	-1.038208E+0	3.469849E-1	3.269348E+0	1.841431E+0
92.6094	-1.073303E+0	2.914429E-1	3.266602E+0	1.863098E+0
92.6094	-1.098022E+0	2.673340E-1	3.261414E+0	1.881714E+0
92.625	-1.138611E+0	2.331543E-1	3.259277E+0	1.901550E+0
92.6407	-1.156006E+0	1.983643E-1	3.255005E+0	1.922607E+0
92.6407	-1.199951E+0	1.400757E-1	3.250732E+0	1.941833E+0
92.6563	-1.220398E+0	1.171875E-1	3.248291E+0	1.960449E+0
92.6719	-1.253052E+0	8.117676E-2	3.244324E+0	1.981812E+0
92.6719	-1.275330E+0	5.065918E-2	3.240662E+0	1.999512E+0
92.6875	-1.302490E+0	5.187988E-3	3.237915E+0	2.019958E+0
92.7032	-1.352539E+0	-2.380371E-2	3.233948E+0	2.040100E+0
92.7032	-1.370544E+0	-7.019043E-2	3.229065E+0	2.060547E+0
92.7188	-1.416016E+0	-8.819580E-2	3.227234E+0	2.079163E+0
92.7344	-1.434937E+0	-1.205444E-1	3.222961E+0	2.099915E+0
92.7344	-1.471863E+0	-1.708984E-1	3.218689E+0	2.118530E+0
92.75	-1.483765E+0	-1.971436E-1	3.216553E+0	2.137451E+0
92.75	-1.517944E+0	-2.392578E-1	3.212280E+0	2.158813E+0
92.7657	-1.537170E+0	-2.395630E-1	3.209229E+0	2.178040E+0
92.7813	-1.562500E+0	-2.749634E-1	3.207397E+0	2.196960E+0
92.7813	-1.576843E+0	-2.938843E-1	3.202209E+0	2.218018E+0
92.7969	-1.604614E+0	-3.338623E-1	3.198547E+0	2.237549E+0
92.7969	-1.612549E+0	-3.369141E-1	3.196106E+0	2.256775E+0
92.8125	-1.627808E+0	-3.613281E-1	3.192444E+0	2.277527E+0
92.8282	-1.627502E+0	-3.717041E-1	3.188171E+0	2.296143E+0
92.8282	-1.640625E+0	-3.744507E-1	3.185425E+0	2.314453E+0
92.8438	-1.642151E+0	-3.994751E-1	3.181152E+0	2.336426E+0
92.8594	-1.639099E+0	-4.101562E-1	3.177185E+0	2.355652E+0
92.8594	-1.646423E+0	-4.129028E-1	3.175354E+0	2.374268E+0
92.875	-1.628418E+0	-4.064941E-1	3.170471E+0	2.395630E+0
92.8907	-1.642456E+0	-4.263306E-1	3.167419E+0	2.414856E+0
92.8907	-1.644897E+0	-4.354858E-1	3.164368E+0	2.434387E+0
92.9063	-1.625977E+0	-4.312134E-1	3.160400E+0	2.454224E+0
92.9219	-1.616211E+0	-4.333496E-1	3.156738E+0	2.473145E+0
92.9219	-1.625061E+0	-4.452515E-1	3.153687E+0	2.493591E+0
92.9375	-1.597900E+0	-4.302979E-1	3.149719E+0	2.514343E+0
92.9532	-1.621399E+0	-4.504395E-1	3.146057E+0	2.532654E+0
92.9532	-1.631165E+0	-4.721069E-1	3.143616E+0	2.551575E+0
92.9688	-1.636658E+0	-4.818726E-1	3.139343E+0	2.573547E+0
92.9844	-1.643066E+0	-4.882812E-1	3.135071E+0	2.592468E+0
92.9844	-1.648560E+0	-5.029297E-1	3.132935E+0	2.610779E+0
93.0	-1.618958E+0	-4.861450E-1	3.128662E+0	2.631836E+0
93.0	-1.611023E+0	-4.888916E-1	3.124695E+0	2.651062E+0
93.0157	-1.595459E+0	-4.846191E-1	3.122864E+0	2.670898E+0
93.0313	-1.574402E+0	-4.684448E-1	3.118286E+0	2.690430E+0
93.0313	-1.560059E+0	-4.571533E-1	3.114929E+0	2.710571E+0
93.0469	-1.555481E+0	-4.678345E-1	3.113098E+0	2.729492E+0
93.0625	-1.548462E+0	-4.629517E-1	3.108521E+0	2.750854E+0
93.0625	-1.536865E+0	-4.693604E-1	3.104858E+0	2.769165E+0
93.0782	-1.538391E+0	-4.611206E-1	3.102112E+0	2.788391E+0
93.0938	-1.519165E+0	-4.687500E-1	3.098755E+0	2.809753E+0
93.0938	-1.531067E+0	-4.772949E-1	3.094788E+0	2.829285E+0
93.1094	-1.522217E+0	-4.833984E-1	3.092041E+0	2.847595E+0
93.1094	-1.519165E+0	-4.824829E-1	3.087158E+0	2.868652E+0
93.125	-1.516724E+0	-4.785156E-1	3.084106E+0	2.888184E+0
93.1407	-1.538391E+0	-4.998779E-1	3.081360E+0	2.907410E+0
93.1407	-1.551208E+0	-5.270386E-1	3.076782E+0	2.927856E+0
93.1563	-1.590881E+0	-5.685425E-1	3.074036E+0	2.947083E+0
93.1563	-1.608276E+0	-5.932617E-1	3.070984E+0	2.965698E+0
93.1719	-1.627808E+0	-6.192017E-1	3.066711E+0	2.987671E+0
93.1875	-1.617126E+0	-6.167603E-1	3.062744E+0	3.006287E+0
93.1875	-1.617737E+0	-6.204224E-1	3.059998E+0	3.024902E+0
93.2032	-1.586914E+0	-5.969238E-1	3.056335E+0	3.046570E+0
93.2188	-1.561584E+0	-5.966187E-1	3.052063E+0	3.065491E+0
93.2188	-1.545410E+0	-5.752563E-1	3.049927E+0	3.084412E+0
93.2344	-1.518250E+0	-5.593872E-1	3.045654E+0	3.105164E+0
93.25	-1.509399E+0	-5.514526E-1	3.041687E+0	3.124695E+0
93.25	-1.505127E+0	-5.645752E-1	3.038940E+0	3.143921E+0
93.2657	-1.484985E+0	-5.355835E-1	3.035278E+0	3.164673E+0
93.2813	-1.450500E+0	-5.288696E-1	3.031311E+0	3.184204E+0
93.2813	-1.463013E+0	-5.316162E-1	3.029480E+0	3.203125E+0
93.2969	-1.428528E+0	-5.136108E-1	3.025208E+0	3.224487E+0
93.3125	-1.417236E+0	-5.114746E-1	3.021545E+0	3.242187E+0
93.3125	-1.408081E+0	-5.047607E-1	3.019714E+0	3.262634E+0
93.3282	-1.378479E+0	-4.986572E-1	3.014832E+0	3.283386E+0
93.3282	-1.365662E+0	-4.843140E-1	3.012085E+0	3.302002E+0
93.3438	-1.370239E+0	-4.867554E-1	3.008728E+0	3.322144E+0
93.3594	-1.335754E+0	-4.754639E-1	3.005371E+0	3.342896E+0
93.3594	-1.340942E+0	-4.898071E-1	3.001099E+0	3.361206E+0
93.375	-1.322632E+0	-4.660034E-1	2.998962E+0	3.379211E+0
93.3907	-1.321106E+0	-4.794312E-1	2.994995E+0	3.400574E+0
93.3907	-1.322937E+0	-4.873657E-1	2.991028E+0	3.420715E+0
93.4063	-1.329041E+0	-4.968262E-1	2.987061E+0	3.440552E+0
93.4219	-1.316223E+0	-4.898071E-1	2.984009E+0	3.459167E+0
93.4219	-1.308899E+0	-5.041504E-1	2.979736E+0	3.479309E+0
93.4375	-1.297913E+0	-4.974365E-1	2.977295E+0	3.498840E+0
93.4532	-1.296997E+0	-5.050659E-1	2.973022E+0	3.519897E+0
93.4532	-1.298218E+0	-5.038452E-1	2.969055E+0	3.538208E+0
93.4688	-1.297302E+0	-5.160522E-1	2.966309E+0	3.557739E+0
93.4844	-1.294861E+0	-5.187988E-1	2.962341E+0	3.579102E+0
93.4844	-1.293640E+0	-5.316162E-1	2.958374E+0	3.597717E+0
93.5	-1.293335E+0	-5.245972E-1	2.956543E+0	3.616028E+0
93.5	-1.275940E+0	-5.200195E-1	2.952881E+0	3.638000E+0
93.5157	-1.286926E+0	-5.380249E-1	2.948914E+0	3.656921E+0
93.5313	-1.269836E+0	-5.267334E-1	2.945862E+0	3.676453E+0
93.5313	-1.255188E+0	-5.212402E-1	2.941284E+0	3.696289E+0
93.5469	-1.258545E+0	-5.343628E-1	2.937927E+0	3.716125E+0
93.5469	-1.253357E+0	-5.389404E-1	2.935486E+0	3.735046E+0
93.5625	-1.244507E+0	-5.297852E-1	2.931519E+0	3.757019E+0
93.5782	-1.247864E+0	-5.523682E-1	2.927856E+0	3.775635E+0
93.5782	-1.239624E+0	-5.438232E-1	2.926025E+0	3.794250E+0
93.5938	-1.229553E+0	-5.435181E-1	2.921448E+0	3.815308E+0
93.6094	-1.225281E+0	-5.352783E-1	2.917786E+0	3.835144E+0
93.6094	-1.219788E+0	-5.380249E-1	2.915344E+0	3.853455E+0
93.625	-1.212463E+0	-5.426025E-1	2.911377E+0	3.874207E+0
93.6407	-1.206665E+0	-5.435181E-1	2.906799E+0	3.894043E+0
93.6407	-1.206055E+0	-5.447388E-1	2.905273E+0	3.914185E+0
93.6563	-1.187134E+0	-5.426025E-1	2.900085E+0	3.933105E+0
93.6719	-1.184998E+0	-5.374146E-1	2.897034E+0	3.952332E+0
93.6719	-1.183777E+0	-5.456543E-1	2.894592E+0	3.971558E+0
93.6875	-1.178284E+0	-5.493164E-1	2.890625E+0	3.993225E+0
93.7032	-1.163025E+0	-5.447388E-1	2.886658E+0	4.010620E+0
93.7032	-1.159363E+0	-5.484009E-1	2.884521E+0	4.030762E+0
93.7188	-1.143799E+0	-5.429077E-1	2.879639E+0	4.052124E+0
93.7344	-1.153259E+0	-5.578613E-1	2.875671E+0	4.071350E+0
93.7344	-1.147766E+0	-5.645752E-1	2.872925E+0	4.088745E+0
93.75	-1.147461E+0	-5.685425E-1	2.869263E+0	4.111023E+0
93.75	-1.132202E+0	-5.682373E-1	2.865295E+0	4.129639E+0
93.7657	-1.144409E+0	-5.758667E-1	2.863159E+0	4.149475E+0
93.7813	-1.123962E+0	-5.581665E-1	2.859497E+0	4.169312E+0
93.7813	-1.113586E+0	-5.798340E-1	2.854614E+0	4.188843E+0
93.7969	-1.123352E+0	-5.691528E-1	2.851868E+0	4.208069E+0
93.8125	-1.099854E+0	-5.718994E-1	2.847595E+0	4.229431E+0
93.8125	-1.103210E+0	-5.746460E-1	2.843628E+0	4.247742E+0
93.8282	-1.107788E+0	-5.920410E-1	2.842407E+0	4.266968E+0
93.8438	-1.097412E+0	-5.804443E-1	2.837830E+0	4.288025E+0
93.8438	-1.089172E+0	-5.804443E-1	2.834778E+0	4.307556E+0
93.8594	-1.094971E+0	-5.899048E-1	2.832336E+0	4.325562E+0
93.8594	-1.079712E+0	-5.911255E-1	2.827148E+0	4.346619E+0
93.875	-1.091309E+0	-5.993652E-1	2.824097E+0	4.366455E+0
93.8907	-1.080933E+0	-5.975342E-1	2.821350E+0	4.385071E+0
93.8907	-1.072693E+0	-5.996704E-1	2.817688E+0	4.405823E+0
93.9063	-1.052246E+0	-5.844116E-1	2.813416E+0	4.424744E+0
93.9063	-1.060486E+0	-5.902100E-1	2.811890E+0	4.443359E+0
93.9219	-1.042175E+0	-5.856323E-1	2.807617E+0	4.464722E+0
93.9375	-1.037292E+0	-5.734253E-1	2.803345E+0	4.483948E+0
93.9375	-1.021729E+0	-5.627441E-1	2.800903E+0	4.502563E+0
93.9532	-9.930420E-1	-5.215454E-1	2.796021E+0	4.524536E+0
93.9688	-7.983398E-1	-3.335571E-1	2.793274E+0	4.542542E+0
93.9688	-4.486084E-2	-1.980591E-1	2.791138E+0	4.561768E+0
93.9844	-5.218506E-2	-1.934814E-1	2.786865E+0	4.583740E+0
94.0	-5.371094E-2	-1.986694E-1	2.782593E+0	4.602356E+0
94.0	-5.493164E-2	-2.008057E-1	2.780151E+0	4.620361E+0
94.0157	-5.493164E-2	-1.947021E-1	2.775879E+0	4.641418E+0
94.0313	-5.340576E-2	-1.928711E-1	2.772217E+0	4.661255E+0
94.0313	-5.889893E-2	-2.011108E-1	2.770081E+0	4.680481E+0
94.0469	-5.249023E-2	-1.931763E-1	2.765503E+0	4.700623E+0
94.0625	-5.096436E-2	-1.962280E-1	2.762451E+0	4.719543E+0
94.0625	-5.310059E-2	-1.901245E-1	2.758789E+0	4.739075E+0
94.0782	-5.584717E-2	-1.947021E-1	2.754822E+0	4.760437E+0
94.0938	-5.004883E-2	-1.876831E-1	2.750854E+0	4.778442E+0
94.0938	-4.882812E-2	-2.011108E-1	2.749023E+0	4.798279E+0
94.1094	-5.065918E-2	-1.922607E-1	2.744751E+0	4.819031E+0
94.1094	-4.699707E-2	-1.907349E-1	2.741699E+0	4.838867E+0
94.125	-4.699707E-2	-1.904297E-1	2.739258E+0	4.855957E+0
94.1407	-5.706787E-2	-1.879883E-1	2.735901E+0	4.877319E+0
94.1407	-5.126953E-2	-1.873779E-1	2.731018E+0	4.896851E+0
94.1563	-5.187988E-2	-1.922607E-1	2.728577E+0	4.915771E+0
94.1719	-5.249023E-2	-1.858521E-1	2.724609E+0	4.935913E+0
94.1719	-4.669189E-2	-1.989746E-1	2.721252E+0	4.955750E+0
94.1875	-4.974365E-2	-1.873779E-1	2.718506E+0	4.976196E+0
94.2032	-4.852295E-2	-1.876831E-1	2.714233E+0	4.995728E+0
94.2032	-4.852295E-2	-1.907349E-1	2.710266E+0	5.014038E+0
94.2188	-4.852295E-2	-1.855469E-1	2.707825E+0	5.034180E+0
94.2344	-5.462646E-2	-1.824951E-1	2.703552E+0	5.054932E+0
94.2344	-4.669189E-2	-1.879883E-1	2.699890E+0	5.074768E+0
94.25	-4.486084E-2	-1.852417E-1	2.697754E+0	5.091858E+0
94.25	-5.279541E-2	-1.821899E-1	2.693481E+0	5.113831E+0
94.2657	-4.730225E-2	-1.898193E-1	2.689819E+0	5.132751E+0
94.2813	-5.279541E-2	-1.864624E-1	2.686157E+0	5.152893E+0
94.2813	-5.371094E-2	-1.791382E-1	2.682495E+0	5.171814E+0
94.2969	-5.004883E-2	-1.843262E-1	2.678223E+0	5.191650E+0
94.2969	-5.645752E-2	-1.904297E-1	2.675781E+0	5.210571E+0
94.3125	-5.615234E-2	-1.879883E-1	2.672424E+0	5.231628E+0
94.3282	-5.065918E-2	-1.806641E-1	2.668457E+0	5.250549E+0
94.3282	-5.310059E-2	-1.855469E-1	2.665710E+0	5.268250E+0
94.3438	-4.852295E-2	-1.892090E-1	2.662048E+0	5.291138E+0
94.3594	-5.432129E-2	-1.855469E-1	2.658386E+0	5.309143E+0
94.3594	-4.638672E-2	-1.806641E-1	2.655945E+0	5.328674E+0
94.375	-4.913330E-2	-1.785278E-1	2.651062E+0	5.348816E+0
94.3907	-4.943848E-2	-1.779175E-1	2.648315E+0	5.368652E+0
94.3907	-4.791260E-2	-1.797485E-1	2.645874E+0	5.388489E+0
94.4063	-4.974365E-2	-1.773071E-1	2.640991E+0	5.407410E+0
94.4219	-4.516602E-2	-1.760864E-1	2.637024E+0	5.426941E+0
94.4219	-4.974365E-2	-1.824951E-1	2.635498E+0	5.446167E+0
94.4375	-4.699707E-2	-1.828003E-1	2.630920E+0	5.467529E+0
94.4532	-5.096436E-2	-1.782227E-1	2.626343E+0	5.485229E+0
94.4532	-4.730225E-2	-1.812744E-1	2.624512E+0	5.504761E+0
94.4688	-5.004883E-2	-1.760864E-1	2.620239E+0	5.525818E+0
94.4844	-4.425049E-2	-1.773071E-1	2.616577E+0	5.545044E+0
94.4844	-4.272461E-2	-1.803589E-1	2.614136E+0	5.563354E+0
94.5	-5.584717E-2	-1.782227E-1	2.610168E+0	5.584717E+0
94.5	-4.333496E-2	-1.742554E-1	2.605896E+0	5.603638E+0
94.5157	-3.967285E-2	-1.739502E-1	2.603760E+0	5.621948E+0
94.5313	-4.455566E-2	-1.718140E-1	2.600098E+0	5.643616E+0
94.5313	-5.035400E-2	-1.748657E-1	2.595825E+0	5.662231E+0
94.5469	-4.241943E-2	-1.745605E-1	2.593079E+0	5.680847E+0
94.5625	-5.035400E-2	-1.754761E-1	2.588501E+0	5.701599E+0
94.5625	-4.394531E-2	-1.702881E-1	2.585449E+0	5.721130E+0
94.5782	-4.211426E-2	-1.702881E-1	2.583618E+0	5.739746E+0
94.5938	-4.730225E-2	-1.785278E-1	2.579651E+0	5.761719E+0
94.5938	-4.791260E-2	-1.739502E-1	2.575378E+0	5.779419E+0
94.6094	-4.302979E-2	-1.751709E-1	2.572327E+0	5.798645E+0
94.6094	-5.371094E-2	-1.779175E-1	2.568359E+0	5.819397E+0
94.625	-4.486084E-2	-1.727295E-1	2.564087E+0	5.839233E+0
94.6407	-4.699707E-2	-1.721191E-1	2.561951E+0	5.858154E+0
94.6407	-4.272461E-2	-1.672363E-1	2.557373E+0	5.878601E+0
94.6563	-4.119873E-2	-1.678467E-1	2.553406E+0	5.897522E+0
94.6563	-4.730225E-2	-1.724243E-1	2.551880E+0	5.916138E+0
94.6719	-4.760742E-2	-1.727295E-1	2.547607E+0	5.936890E+0
94.6875	-4.638672E-2	-1.751709E-1	2.543640E+0	5.956421E+0
94.6875	-5.004883E-2	-1.693726E-1	2.541504E+0	5.975037E+0
94.7032	-4.547119E-2	-1.745605E-1	2.536926E+0	5.996704E+0
94.7188	-4.028320E-2	-1.681519E-1	2.533569E+0	6.014709E+0
94.7188	-4.119873E-2	-1.666260E-1	2.531433E+0	6.034546E+0
94.7344	-4.241943E-2	-1.675415E-1	2.527161E+0	6.054993E+0
94.75	-3.936768E-2	-1.651001E-1	2.522888E+0	6.074219E+0
94.75	-4.425049E-2	-1.702881E-1	2.520447E+0	6.092834E+0
94.7657	-4.302979E-2	-1.687622E-1	2.516479E+0	6.114197E+0
94.7813	-4.119873E-2	-1.696777E-1	2.512817E+0	6.132507E+0
94.7813	-4.364014E-2	-1.684570E-1	2.510681E+0	6.151428E+0
94.7969	-4.699707E-2	-1.672363E-1	2.505798E+0	6.171875E+0
94.8125	-4.486084E-2	-1.638794E-1	2.502441E+0	6.191406E+0
94.8125	-4.760742E-2	-1.699829E-1	2.499390E+0	6.210937E+0
94.8282	-4.486084E-2	-1.751709E-1	2.495422E+0	6.231995E+0
94.8438	-4.608154E-2	-1.733398E-1	2.491455E+0	6.250000E+0
94.8438	-4.272461E-2	-1.647949E-1	2.489624E+0	6.268921E+0
94.8594	-4.119873E-2	-1.647949E-1	2.485962E+0	6.290588E+0
94.8594	-4.150391E-2	-1.632690E-1	2.481079E+0	6.309509E+0
94.875	-3.784180E-2	-1.654053E-1	2.479248E+0	6.327515E+0
94.8907	-4.791260E-2	-1.666260E-1	2.475281E+0	6.349487E+0
94.8907	-3.967285E-2	-1.641846E-1	2.471313E+0	6.370544E+0
94.9063	-4.516602E-2	-1.632690E-1	2.468872E+0	6.387329E+0
94.9219	-3.753662E-2	-1.669312E-1	2.464600E+0	6.407471E+0
94.9219	-4.455566E-2	-1.638794E-1	2.460632E+0	6.425781E+0
94.9375	-4.211426E-2	-1.727295E-1	2.458496E+0	6.445923E+0
94.9532	-3.784180E-2	-1.559448E-1	2.453918E+0	6.466675E+0
94.9532	-4.272461E-2	-1.596069E-1	2.450562E+0	6.484680E+0
94.9688	-4.577637E-2	-1.608276E-1	2.447815E+0	6.504211E+0
94.9844	-4.547119E-2	-1.617432E-1	2.443542E+0	6.525574E+0
94.9844	-4.669189E-2	-1.617432E-1	2.439880E+0	6.544189E+0
95.0	-4.852295E-2	-1.602173E-1	2.438049E+0	6.562195E+0
95.0	-4.150391E-2	-1.635742E-1	2.434692E+0	6.583252E+0
95.0157	-4.974365E-2	-1.577759E-1	2.430115E+0	6.602783E+0
95.0313	-4.547119E-2	-1.568604E-1	2.427063E+0	6.621094E+0
95.0313	-3.784180E-2	-1.589966E-1	2.423096E+0	6.642761E+0
95.0469	-4.150391E-2	-1.620483E-1	2.418823E+0	6.661377E+0
95.0469	-4.821777E-2	-1.593018E-1	2.416992E+0	6.680908E+0
95.0625	-4.577637E-2	-1.626587E-1	2.412415E+0	6.700134E+0
95.0782	-4.699707E-2	-1.580811E-1	2.408447E+0	6.719360E+0
95.0782	-4.089355E-2	-1.602173E-1	2.406311E+0	6.738586E+0
95.0938	-4.486084E-2	-1.614380E-1	2.402344E+0	6.760559E+0
95.1094	-4.089355E-2	-1.574707E-1	2.398682E+0	6.778564E+0
95.1094	-4.577637E-2	-1.605225E-1	2.395935E+0	6.797180E+0
95.125	-4.669189E-2	-1.550293E-1	2.391357E+0	6.818237E+0
95.1407	-4.180908E-2	-1.635742E-1	2.388000E+0	6.837769E+0
95.1407	-4.333496E-2	-1.501465E-1	2.385864E+0	6.856384E+0
95.1563	-4.333496E-2	-1.586914E-1	2.381592E+0	6.876831E+0
95.1719	-3.845215E-2	-1.608276E-1	2.377319E+0	6.896057E+0
95.1719	-3.753662E-2	-1.544189E-1	2.374878E+0	6.914978E+0
95.1875	-3.997803E-2	-1.589966E-1	2.370300E+0	6.936035E+0
95.2032	-4.058838E-2	-1.489258E-1	2.366943E+0	6.954651E+0
95.2032	-5.279541E-2	-1.571655E-1	2.364502E+0	6.973877E+0
95.2188	-3.936768E-2	-1.605225E-1	2.360840E+0	6.995544E+0
95.2344	-4.821777E-2	-1.593018E-1	2.356567E+0	7.013855E+0
95.2344	-3.906250E-2	-1.541138E-1	2.353821E+0	7.032166E+0
95.25	-3.936768E-2	-1.528931E-1	2.350159E+0	7.053528E+0
95.25	-3.936768E-2	-1.525879E-1	2.346191E+0	7.072144E+0
95.2657	-4.333496E-2	-1.495361E-1	2.344666E+0	7.091064E+0
95.2813	-3.845215E-2	-1.544189E-1	2.340698E+0	7.111206E+0
95.2813	-3.570557E-2	-1.568604E-1	2.336731E+0	7.131042E+0
95.2969	-3.997803E-2	-1.525879E-1	2.333984E+0	7.149353E+0
95.3125	-3.997803E-2	-1.574707E-1	2.330017E+0	7.170410E+0
95.3125	-4.486084E-2	-1.504517E-1	2.325745E+0	7.189026E+0
95.3282	-3.814697E-2	-1.522827E-1	2.323303E+0	7.207947E+0
95.3438	-3.967285E-2	-1.513672E-1	2.319031E+0	7.229614E+0
95.3438	-3.631592E-2	-1.535034E-1	2.315979E+0	7.248230E+0
95.3594	-3.570557E-2	-1.489258E-1	2.312622E+0	7.267761E+0
95.3594	-4.547119E-2	-1.550293E-1	2.308655E+0	7.287292E+0
95.375	-4.089355E-2	-1.541138E-1	2.304687E+0	7.306519E+0
95.3907	-3.448486E-2	-1.544189E-1	2.302551E+0	7.325134E+0
95.3907	-4.364014E-2	-1.501465E-1	2.297974E+0	7.346802E+0
95.4063	-4.272461E-2	-1.498413E-1	2.294006E+0	7.365723E+0
95.4063	-4.180908E-2	-1.483154E-1	2.291565E+0	7.383728E+0
95.4219	-4.211426E-2	-1.522827E-1	2.288208E+0	7.405090E+0
95.4375	-3.875732E-2	-1.473999E-1	2.283325E+0	7.423706E+0
95.4375	-3.631592E-2	-1.519775E-1	2.281494E+0	7.442017E+0
95.4532	-3.753662E-2	-1.504517E-1	2.277222E+0	7.463989E+0
95.4688	-4.089355E-2	-1.528931E-1	2.274475E+0	7.482300E+0
95.4688	-4.364014E-2	-1.504517E-1	2.271118E+0	7.501526E+0
95.4844	-4.364014E-2	-1.498413E-1	2.267151E+0	7.521973E+0
95.5	-3.326416E-2	-1.422119E-1	2.263489E+0	7.541504E+0
95.5	-3.295898E-2	-1.535034E-1	2.261353E+0	7.559509E+0
95.5157	-3.753662E-2	-1.477051E-1	2.256470E+0	7.581177E+0
95.5313	-3.967285E-2	-1.440430E-1	2.253418E+0	7.600403E+0
95.5313	-4.425049E-2	-1.486206E-1	2.251282E+0	7.619019E+0
95.5469	-3.509521E-2	-1.470947E-1	2.246094E+0	7.639160E+0
95.5625	-3.845215E-2	-1.440430E-1	2.243042E+0	7.658081E+0
95.5625	-3.570557E-2	-1.498413E-1	2.240295E+0	7.677917E+0
95.5782	-4.150391E-2	-1.480103E-1	2.236938E+0	7.697449E+0
95.5938	-3.265381E-2	-1.458740E-1	2.232056E+0	7.716675E+0
95.5938	-4.058838E-2	-1.489258E-1	2.230225E+0	7.735596E+0
95.6094	-4.180908E-2	-1.437378E-1	2.225952E+0	7.756958E+0
95.6094	-4.089355E-2	-1.452637E-1	2.221375E+0	7.774658E+0
95.625	-3.417969E-2	-1.495361E-1	2.218628E+0	7.793274E+0
95.6407	-3.234863E-2	-1.461792E-1	2.215576E+0	7.815552E+0
95.6407	-3.784180E-2	-1.473999E-1	2.211304E+0	7.834473E+0
95.6563	-4.028320E-2	-1.425171E-1	2.197876E+0	7.851868E+0
95.6719	-3.509521E-2	-1.278687E-1	2.067871E+0	7.854309E+0
95.6719	-3.540039E-2	-1.251221E-1	1.967163E+0	7.854004E+0
95.6875	-2.502441E-2	-1.217651E-1	1.890869E+0	7.853699E+0
95.7032	-1.617432E-2	-1.031494E-1	1.766968E+0	7.853699E+0
95.7032	-1.831055E-2	-9.216309E-2	1.652832E+0	7.853394E+0
95.7188	-1.525879E-2	-9.124756E-2	1.592407E+0	7.853699E+0
95.7344	-1.617432E-2	-7.965088E-2	1.465759E+0	7.852783E+0
95.7344	-7.934570E-3	-6.805420E-2	1.352539E+0	7.852478E+0
95.75	-7.629395E-3	-6.652832E-2	1.292114E+0	7.852783E+0
95.75	-5.798340E-3	-6.072998E-2	1.170044E+0	7.852783E+0
95.7657	-1.525879E-3	-5.310059E-2	1.068726E+0	7.852783E+0
95.7813	-2.136230E-3	-3.906250E-2	9.924316E-1	7.852478E+0
95.7813	6.103516E-3	-3.845215E-2	8.660889E-1	7.853088E+0
95.7969	3.051758E-3	-3.601074E-2	7.559204E-1	7.852478E+0
95.7969	1.098633E-2	-2.685547E-2	6.930542E-1	7.852478E+0
95.8125	1.007080E-2	-1.525879E-2	5.789185E-1	7.852478E+0
95.8282	7.629395E-3	-5.187988E-3	4.544067E-1	7.852783E+0
95.8282	1.037598E-2	-8.239746E-3	3.939819E-1	7.852478E+0
95.8438	9.155273E-3	-3.662109E-3	2.709961E-1	7.853394E+0
95.8594	1.770020E-2	6.103516E-3	1.742554E-1	7.852173E+0
95.8594	1.281738E-2	1.220703E-2	1.034546E-1	7.852478E+0
95.875	2.075195E-2	1.678467E-2	8.239746E-3	7.852783E+0
95.8907	1.556396E-2	1.678467E-2	3.662109E-3	7.761536E+0
95.8907	2.471924E-2	1.342773E-2	5.187988E-3	7.662354E+0
95.9063	2.319336E-2	1.647949E-2	7.324219E-3	7.557373E+0
95.9219	1.800537E-2	1.556396E-2	7.934570E-3	7.458496E+0
95.9219	1.403809E-2	9.460449E-3	8.239746E-3	7.362671E+0
95.9375	2.014160E-2	1.556396E-2	7.629395E-3	7.254333E+0
95.9532	2.105713E-2	1.281738E-2	8.239746E-3	7.156067E+0
95.9532	1.800537E-2	1.617432E-2	7.934570E-3	7.060242E+0
95.9688	1.770020E-2	1.220703E-2	8.239746E-3	6.952515E+0
95.9844	1.953125E-2	1.739502E-2	8.850098E-3	6.855164E+0
95.9844	2.288818E-2	2.105713E-2	7.934570E-3	6.759949E+0
96.0	2.136230E-2	1.647949E-2	8.850098E-3	6.651611E+0
96.0	2.288818E-2	1.495361E-2	8.850098E-3	6.553955E+0
96.0157	2.105713E-2	1.617432E-2	8.239746E-3	6.455994E+0
96.0313	2.044678E-2	1.770020E-2	8.544922E-3	6.350403E+0
96.0313	1.617432E-2	1.617432E-2	9.155273E-3	6.252441E+0
96.0469	2.136230E-2	1.983643E-2	8.850098E-3	6.154175E+0
96.0625	2.258301E-2	1.129150E-2	9.765625E-3	6.048279E+0
96.0625	2.227783E-2	1.403809E-2	8.850098E-3	5.950012E+0
96.0782	1.739502E-2	1.037598E-2	9.155273E-3	5.852966E+0
96.0938	2.655029E-2	1.617432E-2	9.155273E-3	5.747986E+0
96.0938	1.770020E-2	1.251221E-2	9.460449E-3	5.649719E+0
96.1094	2.258301E-2	2.227783E-2	9.155273E-3	5.549316E+0
96.1094	2.044678E-2	1.647949E-2	8.850098E-3	5.446167E+0
96.125	1.770020E-2	1.037598E-2	8.850098E-3	5.345459E+0
96.1407	2.227783E-2	1.068115E-2	8.850098E-3	5.247498E+0
96.1407	1.892090E-2	1.647949E-2	9.460449E-3	5.144653E+0
96.1563	2.227783E-2	1.953125E-2	9.155273E-3	5.046082E+0
96.1563	1.861572E-2	1.678467E-2	8.239746E-3	4.950562E+0
96.1719	2.075195E-2	2.136230E-2	8.544922E-3	4.842224E+0
96.1875	1.831055E-2	1.739502E-2	9.155273E-3	4.743652E+0
96.1875	2.319336E-2	1.007080E-2	8.544922E-3	4.644470E+0
96.2032	2.563477E-2	1.617432E-2	8.850098E-3	4.540100E+0
96.2188	1.586914E-2	1.708984E-2	8.850098E-3	4.441528E+0
96.2188	2.258301E-2	1.373291E-2	8.850098E-3	4.341125E+0
96.2344	2.197266E-2	1.464844E-2	9.460449E-3	4.237671E+0
96.25	2.410889E-2	1.098633E-2	8.544922E-3	4.138794E+0
96.25	2.075195E-2	1.098633E-2	8.850098E-3	4.041748E+0
96.2657	2.014160E-2	1.556396E-2	9.460449E-3	3.934937E+0
96.2813	1.617432E-2	1.373291E-2	9.460449E-3	3.836975E+0
96.2813	2.624512E-2	9.155273E-3	9.155273E-3	3.737488E+0
96.2969	2.410889E-2	1.312256E-2	9.460449E-3	3.632812E+0
96.3125	1.739502E-2	1.586914E-2	9.155273E-3	3.534241E+0
96.3125	2.624512E-2	1.586914E-2	8.544922E-3	3.432922E+0
96.3282	2.105713E-2	1.251221E-2	1.007080E-2	3.331299E+0
96.3282	1.831055E-2	1.312256E-2	9.155273E-3	3.233948E+0
96.3438	1.647949E-2	1.770020E-2	8.850098E-3	3.130188E+0
96.3594	1.770020E-2	1.708984E-2	9.765625E-3	3.027954E+0
96.3594	2.136230E-2	1.098633E-2	9.460449E-3	2.928772E+0
96.375	2.319336E-2	1.464844E-2	9.765625E-3	2.829590E+0
96.3907	2.227783E-2	1.861572E-2	1.068115E-2	2.724915E+0
96.3907	2.685547E-2	1.892090E-2	1.007080E-2	2.625427E+0
96.4063	2.288818E-2	2.197266E-2	1.007080E-2	2.527161E+0
96.4219	1.708984E-2	2.319336E-2	9.460449E-3	2.421570E+0
96.4219	2.593994E-2	1.800537E-2	9.460449E-3	2.322388E+0
96.4375	2.014160E-2	1.495361E-2	1.037598E-2	2.221375E+0
96.4532	1.403809E-2	1.983643E-2	9.765625E-3	2.119446E+0
96.4532	2.655029E-2	2.258301E-2	1.007080E-2	2.019348E+0
96.4688	2.075195E-2	1.922607E-2	9.765625E-3	1.921082E+0
96.4844	2.136230E-2	1.922607E-2	1.037598E-2	1.815796E+0
96.4844	2.960205E-2	2.380371E-2	9.765625E-3	1.716614E+0
96.5	2.563477E-2	2.227783E-2	1.068115E-2	1.619568E+0
96.5	2.502441E-2	2.441406E-2	9.765625E-3	1.513367E+0
96.5157	2.319336E-2	2.075195E-2	1.007080E-2	1.414490E+0
96.5313	2.471924E-2	1.556396E-2	9.765625E-3	1.315308E+0
96.5313	2.044678E-2	2.410889E-2	1.037598E-2	1.210327E+0
96.5469	3.051758E-2	2.044678E-2	1.037598E-2	1.111450E+0
96.5469	2.044678E-2	2.746582E-2	1.007080E-2	1.012268E+0
96.5625	2.380371E-2	1.770020E-2	1.037598E-2	9.085083E-1
96.5782	3.082275E-2	2.563477E-2	9.460449E-3	8.065796E-1
96.5782	3.479004E-2	2.532959E-2	1.007080E-2	7.089233E-1
96.5938	2.929687E-2	2.502441E-2	1.037598E-2	6.051636E-1
96.6094	2.502441E-2	2.075195E-2	1.068115E-2	5.056763E-1
96.6094	1.739502E-2	3.204346E-2	9.765625E-3	4.074097E-1
96.625	2.227783E-2	1.892090E-2	1.068115E-2	3.021240E-1
96.6407	2.624512E-2	2.868652E-2	1.037598E-2	2.023315E-1
96.6407	2.380371E-2	2.960205E-2	1.007080E-2	1.025391E-1
96.6563	2.716064E-2	3.204346E-2	1.037598E-2	-3.051758E-4
96.6719	2.777100E-2	2.868652E-2	1.037598E-2	2.746582E-3
96.6719	2.471924E-2	2.410889E-2	1.098633E-2	4.882812E-3
96.6875	3.265381E-2	2.197266E-2	1.037598E-2	6.408691E-3
96.7032	2.288818E-2	2.166748E-2	1.007080E-2	5.798340E-3
96.7032	3.173828E-2	2.349854E-2	1.068115E-2	7.019043E-3
96.7188	2.899170E-2	2.807617E-2	1.098633E-2	6.408691E-3
96.7344	2.471924E-2	2.288818E-2	1.037598E-2	7.019043E-3
96.7344	2.410889E-2	2.410889E-2	1.037598E-2	7.324219E-3
96.75	2.471924E-2	2.746582E-2	1.098633E-2	7.019043E-3
96.75	2.105713E-2	2.716064E-2	1.068115E-2	7.324219E-3
96.7657	2.136230E-2	2.502441E-2	1.037598E-2	7.019043E-3
96.7813	2.960205E-2	2.716064E-2	1.098633E-2	7.324219E-3
96.7813	2.929687E-2	3.082275E-2	1.068115E-2	6.713867E-3
96.7969	1.983643E-2	2.807617E-2	1.068115E-2	6.713867E-3
96.8125	2.807617E-2	2.685547E-2	1.007080E-2	7.629395E-3
96.8125	2.746582E-2	3.082275E-2	1.037598E-2	7.934570E-3
96.8282	2.136230E-2	2.655029E-2	1.037598E-2	7.019043E-3
96.8438	2.807617E-2	2.258301E-2	9.765625E-3	7.324219E-3
96.8438	2.624512E-2	2.441406E-2	1.037598E-2	7.324219E-3
96.8594	3.234863E-2	2.838135E-2	1.068115E-2	7.019043E-3
96.8594	2.899170E-2	2.532959E-2	1.037598E-2	7.629395E-3
96.875	1.983643E-2	2.899170E-2	1.098633E-2	7.324219E-3
96.8907	2.380371E-2	2.349854E-2	1.037598E-2	7.324219E-3
96.8907	3.082275E-2	2.471924E-2	1.037598E-2	7.629395E-3
96.9063	3.326416E-2	2.075195E-2	1.007080E-2	7.019043E-3
96.9219	1.953125E-2	3.265381E-2	1.098633E-2	7.324219E-3
96.9219	3.082275E-2	3.082275E-2	1.037598E-2	7.324219E-3
96.9375	2.746582E-2	2.746582E-2	1.037598E-2	7.934570E-3
96.9532	2.655029E-2	2.685547E-2	1.098633E-2	7.934570E-3
96.9532	1.922607E-2	2.868652E-2	1.098633E-2	7.324219E-3
96.9688	2.990723E-2	2.868652E-2	1.098633E-2	7.934570E-3
96.9844	2.136230E-2	2.624512E-2	1.037598E-2	7.629395E-3
96.9844	2.990723E-2	2.349854E-2	1.037598E-2	7.324219E-3
97.0	2.746582E-2	2.380371E-2	9.765625E-3	7.324219E-3
97.0	2.532959E-2	3.082275E-2	1.068115E-2	7.629395E-3
97.0157	3.021240E-2	2.960205E-2	1.037598E-2	7.934570E-3
97.0313	2.685547E-2	3.021240E-2	1.068115E-2	7.629395E-3
97.0313	2.838135E-2	2.593994E-2	1.068115E-2	7.629395E-3
97.0469	2.868652E-2	2.899170E-2	1.037598E-2	7.324219E-3
97.0469	2.868652E-2	2.990723E-2	1.098633E-2	7.324219E-3
97.0625	3.021240E-2	2.685547E-2	1.037598E-2	7.934570E-3
97.0782	2.746582E-2	3.082275E-2	1.068115E-2	7.019043E-3
97.0782	2.380371E-2	3.356934E-2	1.037598E-2	7.324219E-3
97.0938	1.922607E-2	2.532959E-2	1.098633E-2	7.629395E-3
97.1094	2.655029E-2	2.624512E-2	1.098633E-2	7.629395E-3
97.1094	3.204346E-2	3.021240E-2	1.098633E-2	7.324219E-3
97.125	2.716064E-2	2.380371E-2	1.037598E-2	7.324219E-3
97.1407	2.990723E-2	2.868652E-2	1.098633E-2	7.934570E-3
97.1407	2.960205E-2	3.112793E-2	1.068115E-2	7.324219E-3
97.1563	2.166748E-2	3.601074E-2	9.765625E-3	7.629395E-3
97.1719	2.319336E-2	2.380371E-2	1.068115E-2	7.629395E-3
97.1719	2.563477E-2	2.136230E-2	1.068115E-2	7.629395E-3
97.1875	2.990723E-2	2.410889E-2	1.037598E-2	7.629395E-3
97.2032	2.563477E-2	2.410889E-2	1.068115E-2	7.629395E-3
97.2032	2.380371E-2	2.227783E-2	1.037598E-2	7.629395E-3
97.2188	2.563477E-2	2.899170E-2	1.098633E-2	8.239746E-3
97.2344	2.227783E-2	3.051758E-2	1.007080E-2	7.324219E-3
97.2344	2.227783E-2	2.624512E-2	1.068115E-2	7.324219E-3
97.25	2.655029E-2	3.204346E-2	1.037598E-2	7.019043E-3
97.25	2.471924E-2	2.899170E-2	1.037598E-2	7.629395E-3
97.2657	3.021240E-2	3.234863E-2	1.037598E-2	7.629395E-3
97.2813	2.471924E-2	2.258301E-2	1.098633E-2	7.324219E-3
97.2813	3.051758E-2	2.746582E-2	1.068115E-2	7.629395E-3
97.2969	3.082275E-2	2.655029E-2	1.068115E-2	7.629395E-3
97.3125	2.532959E-2	2.197266E-2	1.068115E-2	7.629395E-3
97.3125	2.380371E-2	2.716064E-2	1.068115E-2	7.934570E-3
97.3282	2.685547E-2	3.387451E-2	1.007080E-2	7.629395E-3
97.3438	2.929687E-2	2.838135E-2	1.037598E-2	7.934570E-3
97.3438	2.777100E-2	3.082275E-2	1.007080E-2	7.629395E-3
97.3594	2.044678E-2	2.929687E-2	1.068115E-2	6.713867E-3
97.3594	2.807617E-2	3.112793E-2	1.068115E-2	7.934570E-3
97.375	2.380371E-2	2.655029E-2	1.098633E-2	7.629395E-3
97.3907	2.258301E-2	2.777100E-2	1.068115E-2	7.629395E-3
97.3907	2.380371E-2	3.356934E-2	1.007080E-2	7.629395E-3
97.4063	1.983643E-2	2.746582E-2	1.037598E-2	7.629395E-3
97.4063	3.479004E-2	2.624512E-2	1.129150E-2	7.934570E-3
97.4219	2.136230E-2	2.929687E-2	1.129150E-2	7.934570E-3
97.4375	2.899170E-2	2.441406E-2	1.037598E-2	7.934570E-3
97.4375	2.227783E-2	2.746582E-2	1.037598E-2	7.629395E-3
97.4532	2.349854E-2	2.990723E-2	1.037598E-2	7.934570E-3
97.4688	2.441406E-2	2.502441E-2	9.765625E-3	7.324219E-3
97.4688	3.265381E-2	2.593994E-2	1.007080E-2	7.629395E-3
97.4844	2.105713E-2	3.234863E-2	1.068115E-2	7.934570E-3
97.5	3.692627E-2	3.021240E-2	1.037598E-2	7.629395E-3
97.5	1.983643E-2	2.532959E-2	1.068115E-2	7.934570E-3
97.5157	2.319336E-2	2.960205E-2	1.129150E-2	7.019043E-3
97.5313	2.349854E-2	2.166748E-2	1.098633E-2	7.324219E-3
97.5313	2.502441E-2	2.990723E-2	1.068115E-2	7.629395E-3
97.5469	1.953125E-2	2.349854E-2	1.037598E-2	7.934570E-3
97.5625	3.082275E-2	3.112793E-2	1.068115E-2	7.934570E-3
97.5625	2.868652E-2	2.471924E-2	1.037598E-2	7.629395E-3
97.5782	2.624512E-2	3.204346E-2	1.068115E-2	7.629395E-3
97.5938	2.441406E-2	3.204346E-2	1.098633E-2	7.324219E-3
97.5938	2.593994E-2	3.295898E-2	1.098633E-2	7.324219E-3
97.6094	3.051758E-2	3.143311E-2	1.037598E-2	7.934570E-3
97.6094	2.502441E-2	2.685547E-2	1.037598E-2	7.019043E-3
97.625	2.868652E-2	3.631592E-2	1.098633E-2	7.324219E-3
97.6407	2.716064E-2	2.899170E-2	1.037598E-2	7.324219E-3
97.6407	2.685547E-2	2.960205E-2	1.037598E-2	7.629395E-3
97.6563	2.655029E-2	2.807617E-2	1.068115E-2	7.629395E-3
97.6719	2.807617E-2	3.021240E-2	1.068115E-2	7.934570E-3
97.6719	2.960205E-2	2.685547E-2	1.068115E-2	7.629395E-3
97.6875	3.021240E-2	2.655029E-2	1.098633E-2	7.934570E-3
97.7032	3.356934E-2	3.112793E-2	1.037598E-2	7.934570E-3
97.7032	2.502441E-2	2.532959E-2	1.037598E-2	7.934570E-3
97.7188	1.892090E-2	3.112793E-2	1.098633E-2	7.629395E-3
97.7344	2.990723E-2	2.655029E-2	1.037598E-2	7.934570E-3
97.7344	2.777100E-2	2.929687E-2	1.007080E-2	7.629395E-3
97.75	3.173828E-2	2.319336E-2	1.068115E-2	7.629395E-3
97.75	2.471924E-2	3.143311E-2	1.007080E-2	7.324219E-3
97.7657	2.319336E-2	3.021240E-2	1.007080E-2	8.239746E-3
97.7813	2.807617E-2	3.143311E-2	1.007080E-2	7.324219E-3
97.7813	3.509521E-2	2.593994E-2	1.037598E-2	7.629395E-3
97.7969	2.380371E-2	2.990723E-2	1.068115E-2	7.629395E-3
97.8125	2.960205E-2	3.265381E-2	1.098633E-2	7.324219E-3
97.8125	2.990723E-2	2.624512E-2	1.098633E-2	7.629395E-3
97.8282	2.258301E-2	2.868652E-2	1.068115E-2	7.934570E-3
