December 08, 2009 15:05
629a03
H:\028-20091208-sws14-ls\traj\LS_p33_d80_vp20_vd20.traj
lateral amplification = 100
normal amp = 100
pitch angle = -3
roll angle = 70
cantilever = 629a03
sample = sws14
<data>
time	voltageForceLateral	voltageForceNormal	voltagePositionX	voltagePositionY
140.1093	-5.065918E-2	-3.906250E-2	8.239746E-3	5.187988E-3
140.1093	-6.439209E-2	-3.540039E-2	7.629395E-3	5.493164E-3
140.125	-6.225586E-2	-4.974365E-2	7.629395E-3	4.882812E-3
140.1406	-4.547119E-2	-3.753662E-2	7.934570E-3	5.493164E-3
140.1406	-5.676270E-2	-4.394531E-2	7.629395E-3	5.493164E-3
140.1562	-5.523682E-2	-4.180908E-2	7.324219E-3	5.493164E-3
140.1562	-5.462646E-2	-4.180908E-2	8.239746E-3	5.798340E-3
140.1718	-5.401611E-2	-4.058838E-2	7.324219E-3	5.187988E-3
140.1875	-6.011963E-2	-4.028320E-2	8.239746E-3	5.798340E-3
140.1875	-5.249023E-2	-3.784180E-2	8.239746E-3	4.882812E-3
140.2031	-6.347656E-2	-4.364014E-2	8.239746E-3	4.882812E-3
140.2187	-6.042480E-2	-3.845215E-2	8.239746E-3	5.187988E-3
140.2187	-5.187988E-2	-4.089355E-2	8.239746E-3	5.493164E-3
140.2343	-5.645752E-2	-4.302979E-2	8.544922E-3	4.882812E-3
140.25	-5.462646E-2	-3.845215E-2	8.544922E-3	4.577637E-3
140.25	-5.828857E-2	-4.791260E-2	7.629395E-3	5.187988E-3
140.2656	-5.981445E-2	-4.699707E-2	8.239746E-3	4.882812E-3
140.2812	-5.554199E-2	-4.699707E-2	7.934570E-3	5.187988E-3
140.2812	-5.523682E-2	-3.997803E-2	8.239746E-3	5.493164E-3
140.2968	-5.523682E-2	-3.845215E-2	7.324219E-3	5.187988E-3
140.3125	-5.279541E-2	-4.089355E-2	7.934570E-3	5.493164E-3
140.3125	-5.554199E-2	-3.814697E-2	7.629395E-3	5.493164E-3
140.3281	-5.249023E-2	-4.516602E-2	7.629395E-3	5.493164E-3
140.3437	-4.577637E-2	-3.356934E-2	7.934570E-3	4.577637E-3
140.3437	-5.279541E-2	-4.089355E-2	8.850098E-3	5.187988E-3
140.3593	-6.774902E-2	-3.814697E-2	7.934570E-3	5.187988E-3
140.3593	-5.767822E-2	-3.723145E-2	7.629395E-3	5.493164E-3
140.375	-5.493164E-2	-4.699707E-2	7.629395E-3	5.493164E-3
140.3906	-5.096436E-2	-4.089355E-2	7.324219E-3	5.493164E-3
140.3906	-5.523682E-2	-4.425049E-2	7.629395E-3	4.882812E-3
140.4062	-5.218506E-2	-5.462646E-2	8.239746E-3	4.882812E-3
140.4218	-5.249023E-2	-4.028320E-2	7.629395E-3	4.577637E-3
140.4218	-5.737305E-2	-5.096436E-2	7.934570E-3	5.187988E-3
140.4375	-5.432129E-2	-3.784180E-2	7.934570E-3	5.493164E-3
140.4531	-6.134033E-2	-4.577637E-2	8.239746E-3	4.577637E-3
140.4531	-6.500244E-2	-4.852295E-2	7.934570E-3	5.187988E-3
140.4687	-5.523682E-2	-4.547119E-2	7.629395E-3	5.187988E-3
140.4687	-5.310059E-2	-4.058838E-2	7.629395E-3	5.798340E-3
140.4843	-4.943848E-2	-3.967285E-2	8.544922E-3	5.493164E-3
140.5	-5.859375E-2	-3.814697E-2	7.934570E-3	5.493164E-3
140.5	-4.913330E-2	-4.547119E-2	7.629395E-3	5.187988E-3
140.5156	-6.042480E-2	-4.669189E-2	7.629395E-3	5.493164E-3
140.5312	-6.164551E-2	-4.638672E-2	7.629395E-3	5.493164E-3
140.5312	-6.042480E-2	-4.058838E-2	7.629395E-3	5.187988E-3
140.5468	-4.516602E-2	-4.425049E-2	7.629395E-3	5.187988E-3
140.5468	-5.706787E-2	-3.906250E-2	7.934570E-3	5.493164E-3
140.5625	-5.401611E-2	-4.608154E-2	7.934570E-3	5.493164E-3
140.5781	-6.378174E-2	-4.150391E-2	7.934570E-3	5.187988E-3
140.5781	-5.706787E-2	-3.875732E-2	7.934570E-3	5.187988E-3
140.5937	-5.493164E-2	-3.906250E-2	8.239746E-3	5.493164E-3
140.6093	-5.767822E-2	-3.631592E-2	7.629395E-3	5.798340E-3
140.6093	-5.737305E-2	-5.065918E-2	7.934570E-3	5.187988E-3
140.625	-4.882812E-2	-4.394531E-2	7.629395E-3	4.882812E-3
140.6406	-6.500244E-2	-3.784180E-2	7.934570E-3	4.882812E-3
140.6406	-5.401611E-2	-4.943848E-2	8.850098E-3	5.493164E-3
140.6562	-5.035400E-2	-3.814697E-2	8.239746E-3	5.493164E-3
140.6718	-6.072998E-2	-4.730225E-2	7.629395E-3	5.187988E-3
140.6718	-6.042480E-2	-4.882812E-2	8.239746E-3	5.493164E-3
140.6875	-5.523682E-2	-4.180908E-2	7.629395E-3	5.493164E-3
140.7031	-5.004883E-2	-4.333496E-2	7.934570E-3	5.493164E-3
140.7031	-6.103516E-2	-3.906250E-2	8.239746E-3	5.187988E-3
140.7187	-5.584717E-2	-5.249023E-2	7.934570E-3	4.882812E-3
140.7187	-6.256104E-2	-3.784180E-2	7.934570E-3	5.493164E-3
140.7343	-5.584717E-2	-3.112793E-2	7.934570E-3	4.882812E-3
140.75	-5.249023E-2	-4.516602E-2	8.544922E-3	5.187988E-3
140.75	-5.828857E-2	-4.486084E-2	8.239746E-3	4.882812E-3
140.7656	-6.225586E-2	-3.753662E-2	7.934570E-3	5.493164E-3
140.7812	-5.859375E-2	-3.540039E-2	7.629395E-3	5.187988E-3
140.7812	-5.798340E-2	-4.974365E-2	7.934570E-3	5.798340E-3
140.7968	-5.645752E-2	-3.875732E-2	8.544922E-3	5.187988E-3
140.8125	-5.889893E-2	-4.150391E-2	7.629395E-3	5.493164E-3
140.8125	-5.676270E-2	-4.425049E-2	7.934570E-3	5.187988E-3
140.8281	-5.798340E-2	-3.875732E-2	8.239746E-3	5.798340E-3
140.8437	-5.371094E-2	-3.692627E-2	7.934570E-3	5.187988E-3
140.8437	-5.920410E-2	-4.272461E-2	7.934570E-3	4.882812E-3
140.8593	-5.920410E-2	-4.241943E-2	8.239746E-3	5.187988E-3
140.8593	-5.767822E-2	-4.150391E-2	7.934570E-3	5.187988E-3
140.875	-4.913330E-2	-3.997803E-2	8.239746E-3	5.187988E-3
140.8906	-5.767822E-2	-3.906250E-2	8.239746E-3	5.187988E-3
140.8906	-5.523682E-2	-3.845215E-2	7.934570E-3	5.187988E-3
140.9062	-5.401611E-2	-4.364014E-2	8.239746E-3	5.798340E-3
140.9218	-5.493164E-2	-4.058838E-2	7.629395E-3	5.493164E-3
140.9218	-5.767822E-2	-5.096436E-2	7.629395E-3	4.882812E-3
140.9375	-5.828857E-2	-4.028320E-2	7.324219E-3	5.493164E-3
140.9531	-6.774902E-2	-4.272461E-2	1.281738E-2	5.187988E-3
140.9531	-5.310059E-2	-4.821777E-2	2.716064E-2	4.882812E-3
140.9687	-6.011963E-2	-5.249023E-2	5.218506E-2	4.882812E-3
140.9687	-6.347656E-2	-4.913330E-2	7.446289E-2	5.187988E-3
140.9843	-5.859375E-2	-4.821777E-2	8.850098E-2	5.493164E-3
141.0	-6.225586E-2	-5.340576E-2	1.110840E-1	4.272461E-3
141.0	-6.195068E-2	-6.134033E-2	1.354980E-1	5.187988E-3
141.0156	-6.317139E-2	-5.493164E-2	1.492310E-1	5.493164E-3
141.0312	-5.523682E-2	-5.523682E-2	1.748657E-1	4.882812E-3
141.0312	-6.408691E-2	-6.927490E-2	1.959229E-1	5.493164E-3
141.0468	-6.317139E-2	-6.011963E-2	2.084351E-1	5.493164E-3
141.0625	-5.645752E-2	-6.958008E-2	2.331543E-1	5.187988E-3
141.0625	-6.835937E-2	-7.934570E-2	2.532959E-1	4.882812E-3
141.0781	-6.378174E-2	-7.843018E-2	2.691650E-1	5.187988E-3
141.0937	-6.042480E-2	-6.988525E-2	2.932739E-1	5.187988E-3
141.0937	-6.500244E-2	-8.911133E-2	3.161621E-1	4.882812E-3
141.1093	-7.751465E-2	-8.087158E-2	3.295898E-1	5.798340E-3
141.1093	-6.652832E-2	-8.483887E-2	3.536987E-1	5.187988E-3
141.125	-6.774902E-2	-8.972168E-2	3.753662E-1	5.493164E-3
141.1406	-6.561279E-2	-9.063721E-2	3.884888E-1	5.187988E-3
141.1406	-7.446289E-2	-8.941650E-2	4.125977E-1	5.187988E-3
141.1562	-7.659912E-2	-9.613037E-2	4.266357E-1	5.493164E-3
141.1562	-7.629395E-2	-1.013184E-1	4.464722E-1	5.187988E-3
141.1718	-7.629395E-2	-9.979248E-2	4.681396E-1	5.187988E-3
141.1875	-6.896973E-2	-9.582520E-2	4.943848E-1	4.882812E-3
141.1875	-7.476807E-2	-1.095581E-1	5.081177E-1	5.187988E-3
141.2031	-8.178711E-2	-1.086426E-1	5.288696E-1	5.187988E-3
141.2187	-8.697510E-2	-1.174927E-1	5.548096E-1	4.882812E-3
141.2187	-8.392334E-2	-1.089478E-1	5.682373E-1	5.798340E-3
141.2343	-7.659912E-2	-1.165771E-1	5.923462E-1	5.187988E-3
141.25	-8.697510E-2	-1.132202E-1	6.188965E-1	5.187988E-3
141.25	-7.629395E-2	-1.220703E-1	6.271362E-1	5.187988E-3
141.2656	-8.270264E-2	-1.235962E-1	6.521606E-1	5.798340E-3
141.2812	-8.422852E-2	-1.245117E-1	6.689453E-1	4.882812E-3
141.2812	-8.331299E-2	-1.358032E-1	6.872559E-1	5.187988E-3
141.2968	-8.209229E-2	-1.385498E-1	7.095337E-1	5.187988E-3
141.3125	-8.575439E-2	-1.324463E-1	7.336426E-1	5.798340E-3
141.3125	-7.537842E-2	-1.376343E-1	7.473755E-1	5.187988E-3
141.3281	-8.544922E-2	-1.345825E-1	7.717896E-1	5.493164E-3
141.3437	-8.209229E-2	-1.339722E-1	7.931519E-1	5.187988E-3
141.3437	-8.605957E-2	-1.379395E-1	8.062744E-1	5.493164E-3
141.3593	-9.124756E-2	-1.449585E-1	8.288574E-1	5.798340E-3
141.3593	-8.544922E-2	-1.547241E-1	8.532715E-1	5.493164E-3
141.375	-8.850098E-2	-1.525879E-1	8.663940E-1	5.798340E-3
141.3906	-8.148193E-2	-1.504517E-1	8.908081E-1	5.187988E-3
141.3906	-8.514404E-2	-1.617432E-1	9.094238E-1	5.493164E-3
141.4062	-9.582520E-2	-1.626587E-1	9.268188E-1	5.493164E-3
141.4218	-9.063721E-2	-1.644897E-1	9.466553E-1	5.493164E-3
141.4218	-1.004028E-1	-1.666260E-1	9.735107E-1	5.798340E-3
141.4375	-9.216309E-2	-1.635742E-1	9.844971E-1	5.187988E-3
141.4531	-9.368896E-2	-1.770020E-1	1.011047E+0	4.882812E-3
141.4531	-9.216309E-2	-1.809692E-1	1.033020E+0	5.187988E-3
141.4687	-9.948730E-2	-1.852417E-1	1.046448E+0	5.493164E-3
141.4687	-9.185791E-2	-1.828003E-1	1.069641E+0	5.187988E-3
141.4843	-8.972168E-2	-1.840210E-1	1.089783E+0	5.493164E-3
141.5	-9.552002E-2	-1.873779E-1	1.105347E+0	5.798340E-3
141.5	-9.796143E-2	-1.934814E-1	1.129456E+0	5.187988E-3
141.5156	-9.582520E-2	-1.998901E-1	1.152344E+0	5.187988E-3
141.5312	-9.582520E-2	-1.931763E-1	1.165466E+0	4.882812E-3
141.5312	-1.086426E-1	-1.974487E-1	1.187744E+0	5.493164E-3
141.5468	-1.010132E-1	-2.062988E-1	1.211853E+0	5.493164E-3
141.5468	-1.113892E-1	-2.142334E-1	1.224976E+0	5.187988E-3
141.5625	-1.086426E-1	-2.117920E-1	1.246338E+0	5.493164E-3
141.5781	-1.049805E-1	-2.145386E-1	1.272278E+0	4.882812E-3
141.5781	-1.074219E-1	-2.188110E-1	1.284790E+0	5.798340E-3
141.5937	-1.168823E-1	-2.200317E-1	1.309509E+0	5.798340E-3
141.6093	-1.119995E-1	-2.291870E-1	1.328430E+0	4.882812E-3
141.6093	-1.089478E-1	-2.224731E-1	1.345215E+0	5.493164E-3
141.625	-1.217651E-1	-2.288818E-1	1.368408E+0	5.493164E-3
141.6406	-1.211548E-1	-2.383423E-1	1.391602E+0	5.187988E-3
141.6406	-1.147461E-1	-2.362061E-1	1.404724E+0	5.187988E-3
141.6562	-1.214600E-1	-2.365112E-1	1.428833E+0	4.882812E-3
141.6718	-1.116943E-1	-2.484131E-1	1.452026E+0	5.493164E-3
141.6718	-1.196289E-1	-2.438354E-1	1.463928E+0	4.882812E-3
141.6875	-1.254272E-1	-2.481079E-1	1.488037E+0	4.882812E-3
141.7031	-1.223755E-1	-2.566528E-1	1.508179E+0	5.493164E-3
141.7031	-1.284790E-1	-2.670288E-1	1.523743E+0	5.187988E-3
141.7187	-1.184082E-1	-2.624512E-1	1.547546E+0	5.187988E-3
141.7187	-1.220703E-1	-2.639771E-1	1.570740E+0	5.187988E-3
141.7343	-1.232910E-1	-2.645874E-1	1.583862E+0	5.493164E-3
141.75	-1.208496E-1	-2.767944E-1	1.605835E+0	5.493164E-3
141.75	-1.272583E-1	-2.792358E-1	1.630249E+0	5.187988E-3
141.7656	-1.235962E-1	-2.813721E-1	1.643982E+0	6.103516E-3
141.7812	-1.306152E-1	-2.862549E-1	1.667786E+0	5.187988E-3
141.7812	-1.394653E-1	-2.883911E-1	1.690063E+0	5.187988E-3
141.7968	-1.245117E-1	-2.868652E-1	1.702576E+0	5.493164E-3
141.8125	-1.303101E-1	-2.944946E-1	1.726379E+0	5.187988E-3
141.8125	-1.254272E-1	-2.966309E-1	1.747437E+0	5.187988E-3
141.8281	-1.400757E-1	-3.005981E-1	1.762695E+0	5.493164E-3
141.8437	-1.345825E-1	-3.036499E-1	1.786194E+0	5.798340E-3
141.8437	-1.391602E-1	-3.195190E-1	1.809082E+0	5.493164E-3
141.8593	-1.388550E-1	-3.125000E-1	1.822815E+0	4.882812E-3
141.8593	-1.419067E-1	-3.234863E-1	1.847839E+0	5.493164E-3
141.875	-1.373291E-1	-3.231812E-1	1.869202E+0	5.493164E-3
141.8906	-1.480103E-1	-3.338623E-1	1.882019E+0	5.493164E-3
141.8906	-1.397705E-1	-3.289795E-1	1.905823E+0	4.577637E-3
141.9062	-1.434326E-1	-3.347778E-1	1.920166E+0	6.103516E-3
141.9062	-1.477051E-1	-3.442383E-1	1.940308E+0	4.577637E-3
141.9218	-1.449585E-1	-3.399658E-1	1.962585E+0	5.187988E-3
141.9375	-1.367187E-1	-3.433228E-1	1.988525E+0	5.493164E-3
141.9375	-1.486206E-1	-3.570557E-1	2.002258E+0	5.493164E-3
141.9531	-1.510620E-1	-3.536987E-1	2.023315E+0	5.187988E-3
141.9687	-1.507568E-1	-3.622437E-1	2.048645E+0	5.493164E-3
141.9687	-1.605225E-1	-3.695679E-1	2.061157E+0	5.187988E-3
141.9843	-1.605225E-1	-3.698730E-1	2.085876E+0	5.493164E-3
142.0	-1.510620E-1	-3.744507E-1	2.106323E+0	5.798340E-3
142.0	-1.669312E-1	-3.799438E-1	2.120972E+0	5.798340E-3
142.0156	-1.556396E-1	-3.814697E-1	2.144470E+0	5.187988E-3
142.0312	-1.577759E-1	-3.768921E-1	2.165833E+0	4.882812E-3
142.0312	-1.571655E-1	-3.884888E-1	2.180481E+0	5.493164E-3
142.0468	-1.593018E-1	-3.958130E-1	2.204590E+0	4.882812E-3
142.0625	-1.623535E-1	-3.970337E-1	2.227783E+0	5.493164E-3
142.0625	-1.629639E-1	-4.022217E-1	2.240295E+0	5.187988E-3
142.0781	-1.669312E-1	-4.110718E-1	2.265015E+0	4.577637E-3
142.0937	-1.617432E-1	-4.171753E-1	2.286987E+0	4.882812E-3
142.0937	-1.684570E-1	-4.171753E-1	2.300415E+0	5.187988E-3
142.1093	-1.672363E-1	-4.226685E-1	2.322388E+0	5.187988E-3
142.1093	-1.776123E-1	-4.312134E-1	2.347412E+0	5.187988E-3
142.125	-1.654053E-1	-4.354858E-1	2.359924E+0	5.187988E-3
142.1406	-1.751709E-1	-4.409790E-1	2.383728E+0	5.493164E-3
142.1406	-1.696777E-1	-4.418945E-1	2.401733E+0	5.493164E-3
142.1562	-1.742554E-1	-4.473877E-1	2.420349E+0	4.882812E-3
142.1718	-1.861572E-1	-4.620361E-1	2.439575E+0	4.577637E-3
142.1718	-1.794434E-1	-4.666138E-1	2.467041E+0	6.103516E-3
142.1875	-1.812744E-1	-4.675293E-1	2.479248E+0	4.882812E-3
142.2031	-1.937866E-1	-4.721069E-1	2.503967E+0	5.798340E-3
142.2031	-1.934814E-1	-4.797363E-1	2.526245E+0	5.187988E-3
142.2187	-1.937866E-1	-4.901123E-1	2.538757E+0	5.493164E-3
142.2187	-1.889038E-1	-4.885864E-1	2.563171E+0	5.493164E-3
142.2343	-1.919556E-1	-5.010986E-1	2.582397E+0	5.493164E-3
142.25	-1.904297E-1	-5.041504E-1	2.598877E+0	4.882812E-3
142.25	-1.882935E-1	-5.221558E-1	2.622986E+0	5.187988E-3
142.2656	-1.876831E-1	-5.239868E-1	2.646179E+0	5.187988E-3
142.2812	-2.023315E-1	-5.316162E-1	2.658691E+0	5.187988E-3
142.2812	-1.947021E-1	-5.325317E-1	2.679749E+0	5.187988E-3
142.2968	-1.623535E-1	-5.865479E-1	2.706299E+0	5.798340E-3
142.2968	-2.041626E-1	-5.703735E-1	2.718201E+0	4.882812E-3
142.3125	-1.538086E-1	-5.346680E-1	2.739868E+0	5.187988E-3
142.3281	-1.733398E-1	-5.157471E-1	2.765198E+0	4.882812E-3
142.3281	-1.544189E-1	-4.992676E-1	2.778015E+0	5.493164E-3
142.3437	-1.568604E-1	-4.641724E-1	2.802124E+0	5.187988E-3
142.3593	-1.553345E-1	-4.428101E-1	2.821655E+0	5.493164E-3
142.3593	-1.699829E-1	-4.226685E-1	2.836304E+0	4.882812E-3
142.375	-1.614380E-1	-4.028320E-1	2.856445E+0	4.882812E-3
142.3906	-1.577759E-1	-3.726196E-1	2.878418E+0	5.493164E-3
142.3906	-1.367187E-1	-3.558350E-1	2.897339E+0	4.882812E-3
142.4062	-1.214600E-1	-3.283691E-1	2.921753E+0	5.187988E-3
142.4218	-1.513672E-1	-3.033447E-1	2.944031E+0	4.882812E-3
142.4218	-1.486206E-1	-2.764893E-1	2.956543E+0	4.882812E-3
142.4375	-1.412964E-1	-2.456665E-1	2.980042E+0	5.187988E-3
142.4531	-1.068115E-1	-2.380371E-1	3.001099E+0	4.882812E-3
142.4531	-1.467896E-1	-2.194214E-1	3.016052E+0	5.798340E-3
142.4687	-7.537842E-2	-1.919556E-1	3.040466E+0	5.187988E-3
142.4687	-1.296997E-1	-1.495361E-1	3.064270E+0	5.187988E-3
142.4843	-7.781982E-2	-1.434326E-1	3.075867E+0	5.187988E-3
142.5	-1.342773E-1	-1.174927E-1	3.098450E+0	5.187988E-3
142.5	-8.453369E-2	-9.429932E-2	3.123474E+0	5.493164E-3
142.5156	-1.196289E-1	-6.622314E-2	3.136292E+0	5.493164E-3
142.5312	-9.246826E-2	-3.814697E-2	3.160706E+0	5.493164E-3
142.5312	-8.728027E-2	-1.647949E-2	3.182678E+0	4.882812E-3
142.5468	-8.636475E-2	-3.051758E-4	3.195801E+0	5.798340E-3
142.5625	-7.873535E-2	1.800537E-2	3.219604E+0	5.493164E-3
142.5625	-9.490967E-2	5.950928E-2	3.239441E+0	5.493164E-3
142.5781	-7.232666E-2	6.164551E-2	3.253784E+0	5.187988E-3
142.5781	-9.002686E-2	8.361816E-2	3.273315E+0	5.493164E-3
142.5937	-6.805420E-2	1.058960E-1	3.287354E+0	5.798340E-3
142.6093	-1.464844E-1	8.544922E-2	3.273010E+0	1.220703E-2
142.6093	-1.690674E-1	6.072998E-2	3.248901E+0	2.044678E-2
142.625	-2.224731E-1	3.204346E-2	3.228149E+0	2.807617E-2
142.6406	-2.142334E-1	2.624512E-2	3.215637E+0	3.417969E-2
142.6406	-2.859497E-1	-5.798340E-3	3.193970E+0	4.425049E-2
142.6562	-3.231812E-1	-2.410889E-2	3.174133E+0	5.126953E-2
142.6718	-3.656006E-1	-4.943848E-2	3.154602E+0	5.859375E-2
142.6718	-3.775024E-1	-7.537842E-2	3.143311E+0	6.622314E-2
142.6875	-4.428101E-1	-9.887695E-2	3.120422E+0	7.507324E-2
142.7031	-4.672241E-1	-1.229858E-1	3.101807E+0	8.331299E-2
142.7031	-5.117798E-1	-1.388550E-1	3.087158E+0	9.002686E-2
142.7187	-5.426025E-1	-1.626587E-1	3.064880E+0	9.857178E-2
142.7187	-5.828857E-1	-1.770020E-1	3.043823E+0	1.062012E-1
142.7343	-6.170654E-1	-2.084351E-1	3.031921E+0	1.138306E-1
142.75	-6.271362E-1	-2.224731E-1	3.012390E+0	1.208496E-1
142.75	-7.147217E-1	-2.508545E-1	2.988586E+0	1.290894E-1
142.7656	-7.125854E-1	-2.615356E-1	2.977905E+0	1.364136E-1
142.7812	-7.931519E-1	-2.932739E-1	2.954407E+0	1.455688E-1
142.7812	-7.672119E-1	-3.207397E-1	2.933655E+0	1.522827E-1
142.7968	-8.514404E-1	-3.283691E-1	2.921448E+0	1.593018E-1
142.8125	-8.511353E-1	-3.622437E-1	2.899170E+0	1.681519E-1
142.8125	-9.313965E-1	-3.778076E-1	2.879639E+0	1.757812E-1
142.8281	-9.045410E-1	-3.939819E-1	2.866516E+0	1.831055E-1
142.8437	-9.753418E-1	-4.244995E-1	2.845154E+0	1.904297E-1
142.8437	-1.003113E+0	-4.486084E-1	2.822876E+0	1.986694E-1
142.8593	-1.058350E+0	-4.711914E-1	2.811890E+0	2.062988E-1
142.8593	-1.100464E+0	-4.879761E-1	2.789307E+0	2.145386E-1
142.875	-1.094360E+0	-5.291748E-1	2.768555E+0	2.218628E-1
142.8906	-1.133728E+0	-5.258179E-1	2.755737E+0	2.291870E-1
142.8906	-1.162720E+0	-5.627441E-1	2.734070E+0	2.374268E-1
142.9062	-1.243591E+0	-5.776978E-1	2.720947E+0	2.456665E-1
142.9062	-1.234436E+0	-5.902100E-1	2.702942E+0	2.523804E-1
142.9218	-1.288757E+0	-6.143188E-1	2.684021E+0	2.606201E-1
142.9375	-1.299744E+0	-6.512451E-1	2.658386E+0	2.688599E-1
142.9375	-1.370239E+0	-6.689453E-1	2.645874E+0	2.761841E-1
142.9531	-1.376038E+0	-6.890869E-1	2.626648E+0	2.841187E-1
142.9687	-1.440125E+0	-7.208252E-1	2.600708E+0	2.923584E-1
142.9687	-1.437988E+0	-7.244873E-1	2.590942E+0	2.990723E-1
142.9843	-1.509094E+0	-7.470703E-1	2.569275E+0	3.085327E-1
143.0	-1.504211E+0	-7.803345E-1	2.550964E+0	3.143311E-1
143.0	-1.565247E+0	-7.882690E-1	2.536621E+0	3.216553E-1
143.0156	-1.585388E+0	-8.203125E-1	2.514343E+0	3.308105E-1
143.0312	-1.640015E+0	-8.334351E-1	2.495728E+0	3.381348E-1
143.0312	-1.633606E+0	-8.578491E-1	2.480774E+0	3.448486E-1
143.0468	-1.709595E+0	-8.822632E-1	2.458801E+0	3.543091E-1
143.0625	-1.741333E+0	-9.082031E-1	2.438049E+0	3.619385E-1
143.0625	-1.780701E+0	-9.271240E-1	2.426758E+0	3.692627E-1
143.0781	-1.813965E+0	-9.359741E-1	2.403564E+0	3.781128E-1
143.0937	-1.820374E+0	-9.771729E-1	2.382202E+0	3.848267E-1
143.0937	-1.860046E+0	-9.866333E-1	2.370911E+0	3.918457E-1
143.1093	-1.884460E+0	-1.015015E+0	2.350769E+0	4.010010E-1
143.1093	-1.973267E+0	-1.031189E+0	2.327881E+0	4.089355E-1
143.125	-1.947327E+0	-1.062012E+0	2.316589E+0	4.150391E-1
143.1406	-2.024231E+0	-1.067200E+0	2.294312E+0	4.235840E-1
143.1406	-2.009277E+0	-1.101379E+0	2.277832E+0	4.312134E-1
143.1562	-2.112427E+0	-1.105347E+0	2.261658E+0	4.397583E-1
143.1718	-2.068787E+0	-1.130371E+0	2.243347E+0	4.467773E-1
143.1718	-2.159424E+0	-1.170044E+0	2.218323E+0	4.550171E-1
143.1875	-2.138062E+0	-1.166687E+0	2.206116E+0	4.614258E-1
143.2031	-2.215881E+0	-1.204224E+0	2.183228E+0	4.708862E-1
143.2031	-2.232971E+0	-1.216125E+0	2.162476E+0	4.779053E-1
143.2187	-2.283936E+0	-1.246338E+0	2.151184E+0	4.846191E-1
143.2187	-2.326965E+0	-1.268005E+0	2.129517E+0	4.937744E-1
143.2343	-2.328186E+0	-1.279602E+0	2.110596E+0	5.007935E-1
143.25	-2.375183E+0	-1.298218E+0	2.095947E+0	5.087280E-1
143.25	-2.395325E+0	-1.310730E+0	2.073975E+0	5.172729E-1
143.2656	-2.442322E+0	-1.343384E+0	2.052612E+0	5.245972E-1
143.2812	-2.458496E+0	-1.354370E+0	2.039795E+0	5.316162E-1
143.2812	-2.503357E+0	-1.378479E+0	2.020569E+0	5.395508E-1
143.2968	-2.517090E+0	-1.394348E+0	1.996765E+0	5.477905E-1
143.2968	-2.553711E+0	-1.415710E+0	1.985474E+0	5.545044E-1
143.3125	-2.582397E+0	-1.432800E+0	1.966553E+0	5.636597E-1
143.3281	-2.606812E+0	-1.449280E+0	1.942139E+0	5.712891E-1
143.3281	-2.613220E+0	-1.465454E+0	1.930847E+0	5.780029E-1
143.3437	-2.450562E+0	-1.447754E+0	1.908875E+0	5.868530E-1
143.3593	-1.501465E-1	-3.268433E-1	1.890564E+0	5.938721E-1
143.3593	-1.391602E-1	-3.118896E-1	1.875305E+0	6.021118E-1
143.375	-1.406860E-1	-3.082275E-1	1.854553E+0	6.097412E-1
143.3906	-1.431274E-1	-3.097534E-1	1.832275E+0	6.176758E-1
143.3906	-1.419067E-1	-3.103638E-1	1.820068E+0	6.250000E-1
143.4062	-1.452637E-1	-3.091431E-1	1.798096E+0	6.338501E-1
143.4218	-1.318359E-1	-3.060913E-1	1.777344E+0	6.408691E-1
143.4218	-1.373291E-1	-3.036499E-1	1.765747E+0	6.472778E-1
143.4375	-1.290894E-1	-2.926636E-1	1.743469E+0	6.567383E-1
143.4531	-1.336670E-1	-2.865601E-1	1.724548E+0	6.640625E-1
143.4531	-1.379395E-1	-2.865601E-1	1.711121E+0	6.713867E-1
143.4687	-1.391602E-1	-2.862549E-1	1.688538E+0	6.793213E-1
143.4687	-1.229858E-1	-2.767944E-1	1.667175E+0	6.869507E-1
143.4843	-1.245117E-1	-2.841187E-1	1.655273E+0	6.948853E-1
143.5	-1.315308E-1	-2.670288E-1	1.635437E+0	7.028198E-1
143.5	-1.235962E-1	-2.700806E-1	1.611938E+0	7.104492E-1
143.5156	-1.315308E-1	-2.764893E-1	1.600342E+0	7.177734E-1
143.5312	-1.296997E-1	-2.633667E-1	1.578064E+0	7.269287E-1
143.5312	-1.296997E-1	-2.523804E-1	1.557922E+0	7.342529E-1
143.5468	-1.190186E-1	-2.575684E-1	1.546326E+0	7.403564E-1
143.5625	-1.269531E-1	-2.517700E-1	1.523437E+0	7.501221E-1
143.5625	-1.174927E-1	-2.456665E-1	1.505127E+0	7.568359E-1
143.5781	-1.220703E-1	-2.496338E-1	1.489868E+0	7.653809E-1
143.5781	-1.184082E-1	-2.481079E-1	1.470337E+0	7.727051E-1
143.5937	-1.187134E-1	-2.438354E-1	1.446838E+0	7.803345E-1
143.6093	-1.171875E-1	-2.359009E-1	1.434631E+0	7.876587E-1
143.6093	-1.174927E-1	-2.380371E-1	1.413269E+0	7.971191E-1
143.625	-1.168823E-1	-2.368164E-1	1.392517E+0	8.035278E-1
143.6406	-1.144409E-1	-2.288818E-1	1.380920E+0	8.102417E-1
143.6406	-1.217651E-1	-2.261353E-1	1.358643E+0	8.197021E-1
143.6562	-1.266479E-1	-2.322388E-1	1.338196E+0	8.267212E-1
143.6718	-1.165771E-1	-2.227783E-1	1.318359E+0	8.337402E-1
143.6718	-1.113892E-1	-2.221680E-1	1.307983E+0	8.416748E-1
143.6875	-1.129150E-1	-2.182007E-1	1.284485E+0	8.502197E-1
143.7031	-1.055908E-1	-2.041626E-1	1.265869E+0	8.584595E-1
143.7031	-1.101685E-1	-2.081299E-1	1.252441E+0	8.648682E-1
143.7187	-1.083374E-1	-2.053833E-1	1.228943E+0	8.737183E-1
143.7187	-1.092529E-1	-2.023315E-1	1.207886E+0	8.813477E-1
143.7343	-1.107788E-1	-2.053833E-1	1.196594E+0	8.883667E-1
143.75	-1.089478E-1	-1.928711E-1	1.176758E+0	8.966064E-1
143.75	-1.110840E-1	-1.986694E-1	1.153564E+0	9.045410E-1
143.7656	-1.043701E-1	-1.873779E-1	1.141968E+0	9.115601E-1
143.7812	-1.034546E-1	-1.913452E-1	1.119080E+0	9.210205E-1
143.7812	-1.071167E-1	-1.925659E-1	1.098633E+0	9.283447E-1
143.7968	-9.918213E-2	-1.806641E-1	1.087341E+0	9.350586E-1
143.8125	-1.068115E-1	-1.803589E-1	1.064453E+0	9.442139E-1
143.8125	-9.704590E-2	-1.770020E-1	1.046143E+0	9.512329E-1
143.8281	-1.007080E-1	-1.770020E-1	1.031799E+0	9.591675E-1
143.8437	-9.674072E-2	-1.669312E-1	1.010132E+0	9.661865E-1
143.8437	-9.643555E-2	-1.702881E-1	9.890747E-1	9.741211E-1
143.8593	-9.552002E-2	-1.666260E-1	9.768677E-1	9.817505E-1
143.8593	-9.948730E-2	-1.687622E-1	9.539795E-1	9.902954E-1
143.875	-9.124756E-2	-1.589966E-1	9.335327E-1	9.976196E-1
143.8906	-1.062012E-1	-1.593018E-1	9.213257E-1	1.004028E+0
143.8906	-9.399414E-2	-1.577759E-1	8.993530E-1	1.012878E+0
143.9062	-9.307861E-2	-1.458740E-1	8.792114E-1	1.021118E+0
143.9218	-9.094238E-2	-1.535034E-1	8.621216E-1	1.027527E+0
143.9218	-8.789062E-2	-1.504517E-1	8.483887E-1	1.035461E+0
143.9375	-9.552002E-2	-1.409912E-1	8.267212E-1	1.044312E+0
143.9531	-9.063721E-2	-1.461792E-1	8.071899E-1	1.051941E+0
143.9531	-8.331299E-2	-1.416016E-1	7.937622E-1	1.058350E+0
143.9687	-8.361816E-2	-1.419067E-1	7.705688E-1	1.067200E+0
143.9687	-8.148193E-2	-1.324463E-1	7.501221E-1	1.075134E+0
143.9843	-8.666992E-2	-1.312256E-1	7.373047E-1	1.082764E+0
144.0	-8.392334E-2	-1.333618E-1	7.183838E-1	1.091614E+0
144.0	-8.636475E-2	-1.239014E-1	6.958008E-1	1.098022E+0
144.0156	-8.636475E-2	-1.287842E-1	6.835937E-1	1.105652E+0
144.0312	-8.819580E-2	-1.229858E-1	6.604004E-1	1.114502E+0
144.0312	-8.636475E-2	-1.193237E-1	6.408691E-1	1.121826E+0
144.0468	-8.361816E-2	-1.150513E-1	6.286621E-1	1.128235E+0
144.0625	-8.728027E-2	-1.187134E-1	6.060791E-1	1.137390E+0
144.0625	-8.728027E-2	-1.177979E-1	5.880737E-1	1.145325E+0
144.0781	-7.232666E-2	-1.110840E-1	5.743408E-1	1.152344E+0
144.0937	-8.636475E-2	-1.196289E-1	5.514526E-1	1.159973E+0
144.0937	-7.415771E-2	-1.052856E-1	5.310059E-1	1.167908E+0
144.1093	-8.728027E-2	-1.126099E-1	5.175781E-1	1.175537E+0
144.1093	-7.904053E-2	-9.918213E-2	4.956055E-1	1.184692E+0
144.125	-6.958008E-2	-9.368896E-2	4.754639E-1	1.191711E+0
144.1406	-7.019043E-2	-9.124756E-2	4.635620E-1	1.197815E+0
144.1406	-7.354736E-2	-9.918213E-2	4.406738E-1	1.206970E+0
144.1562	-7.232666E-2	-8.911133E-2	4.272461E-1	1.214600E+0
144.1562	-7.537842E-2	-9.277344E-2	4.104614E-1	1.220703E+0
144.1718	-7.659912E-2	-8.544922E-2	3.900146E-1	1.229553E+0
144.1875	-6.866455E-2	-7.904053E-2	3.652954E-1	1.238403E+0
144.1875	-7.537842E-2	-8.056641E-2	3.533936E-1	1.245422E+0
144.2031	-6.896973E-2	-8.941650E-2	3.329468E-1	1.253052E+0
144.2187	-7.202148E-2	-8.209229E-2	3.106689E-1	1.260681E+0
144.2187	-7.568359E-2	-7.598877E-2	2.981567E-1	1.267700E+0
144.2343	-6.469727E-2	-6.835937E-2	2.764893E-1	1.277466E+0
144.25	-6.713867E-2	-7.965088E-2	2.557373E-1	1.284790E+0
144.25	-6.958008E-2	-7.904053E-2	2.438354E-1	1.291504E+0
144.2656	-6.286621E-2	-6.164551E-2	2.209473E-1	1.300354E+0
144.2812	-6.744385E-2	-6.317139E-2	2.029419E-1	1.307678E+0
144.2812	-6.958008E-2	-5.828857E-2	1.882935E-1	1.315613E+0
144.2968	-7.171631E-2	-6.072998E-2	1.666260E-1	1.322937E+0
144.3125	-6.774902E-2	-5.828857E-2	1.455688E-1	1.330872E+0
144.3125	-6.713867E-2	-6.958008E-2	1.342773E-1	1.338196E+0
144.3281	-5.981445E-2	-5.950928E-2	1.126099E-1	1.347656E+0
144.3437	-7.171631E-2	-5.249023E-2	9.429932E-2	1.352844E+0
144.3437	-6.072998E-2	-4.882812E-2	8.117676E-2	1.361389E+0
144.3593	-6.469727E-2	-4.791260E-2	5.920410E-2	1.369629E+0
144.3593	-6.958008E-2	-4.608154E-2	3.936768E-2	1.377869E+0
144.375	-6.042480E-2	-4.913330E-2	2.563477E-2	1.383972E+0
144.3906	-5.126953E-2	-3.051758E-2	7.629395E-3	1.392822E+0
144.3906	-5.249023E-2	-3.631592E-2	4.272461E-3	1.296692E+0
144.4062	-6.011963E-2	-4.669189E-2	3.967285E-3	1.183777E+0
144.4218	-6.469727E-2	-4.608154E-2	4.882812E-3	1.075745E+0
144.4218	-6.072998E-2	-4.119873E-2	5.493164E-3	9.677124E-1
144.4375	-5.584717E-2	-4.364014E-2	4.882812E-3	8.673096E-1
144.4531	-5.615234E-2	-4.028320E-2	4.882812E-3	7.522583E-1
144.4531	-4.974365E-2	-3.997803E-2	5.187988E-3	6.457520E-1
144.4687	-5.493164E-2	-3.936768E-2	4.577637E-3	5.450439E-1
144.4687	-4.730225E-2	-3.265381E-2	5.187988E-3	4.299927E-1
144.4843	-5.096436E-2	-4.547119E-2	5.798340E-3	3.265381E-1
144.5	-5.889893E-2	-4.058838E-2	5.187988E-3	2.203369E-1
144.5	-5.706787E-2	-4.211426E-2	6.713867E-3	1.092529E-1
144.5156	-5.798340E-2	-4.913330E-2	7.324219E-3	4.882812E-3
144.5312	-5.310059E-2	-4.058838E-2	7.324219E-3	3.356934E-3
144.5312	-5.432129E-2	-4.241943E-2	8.544922E-3	3.967285E-3
144.5468	-5.981445E-2	-4.882812E-2	7.934570E-3	5.187988E-3
144.5468	-5.340576E-2	-3.570557E-2	7.934570E-3	4.577637E-3
144.5625	-5.340576E-2	-4.119873E-2	8.239746E-3	4.882812E-3
144.5781	-5.554199E-2	-4.119873E-2	7.629395E-3	5.493164E-3
144.5781	-6.439209E-2	-4.821777E-2	7.629395E-3	5.493164E-3
144.5937	-5.615234E-2	-3.875732E-2	8.239746E-3	4.577637E-3
144.6093	-6.256104E-2	-4.730225E-2	7.629395E-3	5.493164E-3
144.6093	-5.859375E-2	-4.425049E-2	7.934570E-3	5.493164E-3
144.625	-5.523682E-2	-5.340576E-2	8.544922E-3	5.187988E-3
144.6406	-5.676270E-2	-3.784180E-2	7.629395E-3	5.187988E-3
144.6406	-5.279541E-2	-4.394531E-2	8.544922E-3	5.187988E-3
144.6562	-5.401611E-2	-4.150391E-2	7.934570E-3	4.882812E-3
144.6718	-5.004883E-2	-4.486084E-2	8.544922E-3	4.577637E-3
144.6718	-5.249023E-2	-3.692627E-2	8.239746E-3	5.187988E-3
144.6875	-5.584717E-2	-3.265381E-2	7.629395E-3	5.187988E-3
144.7031	-5.584717E-2	-4.974365E-2	7.324219E-3	5.798340E-3
144.7031	-5.432129E-2	-4.272461E-2	8.544922E-3	5.493164E-3
144.7187	-5.065918E-2	-3.631592E-2	8.239746E-3	4.577637E-3
144.7187	-5.126953E-2	-4.516602E-2	8.239746E-3	4.882812E-3
144.7343	-6.256104E-2	-5.096436E-2	7.934570E-3	4.577637E-3
144.75	-5.798340E-2	-4.272461E-2	8.239746E-3	5.493164E-3
144.75	-5.065918E-2	-4.364014E-2	7.629395E-3	5.187988E-3
144.7656	-5.249023E-2	-4.425049E-2	8.239746E-3	5.187988E-3
144.7812	-5.523682E-2	-4.241943E-2	7.629395E-3	4.882812E-3
144.7812	-5.371094E-2	-3.723145E-2	8.544922E-3	5.798340E-3
144.7968	-5.737305E-2	-4.943848E-2	7.934570E-3	5.493164E-3
144.8125	-5.798340E-2	-3.875732E-2	7.934570E-3	5.187988E-3
144.8125	-5.249023E-2	-4.547119E-2	7.934570E-3	5.187988E-3
144.8281	-5.798340E-2	-5.371094E-2	7.934570E-3	5.493164E-3
144.8437	-5.462646E-2	-3.967285E-2	7.934570E-3	4.577637E-3
144.8437	-4.943848E-2	-3.723145E-2	7.324219E-3	5.187988E-3
144.8593	-5.401611E-2	-3.692627E-2	8.544922E-3	5.187988E-3
144.8593	-5.462646E-2	-4.913330E-2	8.544922E-3	5.187988E-3
144.875	-5.432129E-2	-4.516602E-2	7.629395E-3	5.493164E-3
144.8906	-5.401611E-2	-4.699707E-2	7.629395E-3	5.798340E-3
144.8906	-5.645752E-2	-3.845215E-2	7.629395E-3	5.187988E-3
144.9062	-5.706787E-2	-3.082275E-2	7.934570E-3	4.882812E-3
144.9062	-5.584717E-2	-3.479004E-2	7.934570E-3	5.493164E-3
144.9218	-5.798340E-2	-4.760742E-2	8.239746E-3	4.882812E-3
144.9375	-5.432129E-2	-4.730225E-2	7.934570E-3	5.493164E-3
144.9375	-6.011963E-2	-4.516602E-2	8.544922E-3	4.882812E-3
144.9531	-4.974365E-2	-3.967285E-2	7.629395E-3	5.187988E-3
144.9687	-5.462646E-2	-4.486084E-2	7.934570E-3	5.187988E-3
144.9687	-5.462646E-2	-4.150391E-2	7.629395E-3	5.187988E-3
144.9843	-6.347656E-2	-4.547119E-2	7.934570E-3	5.187988E-3
145.0	-6.195068E-2	-4.638672E-2	7.324219E-3	5.493164E-3
145.0	-5.554199E-2	-4.364014E-2	8.239746E-3	4.882812E-3
145.0156	-6.103516E-2	-4.699707E-2	7.629395E-3	5.187988E-3
145.0312	-5.187988E-2	-3.723145E-2	7.629395E-3	5.493164E-3
145.0312	-5.035400E-2	-4.486084E-2	7.324219E-3	5.187988E-3
145.0468	-5.310059E-2	-4.089355E-2	7.629395E-3	5.798340E-3
145.0625	-5.462646E-2	-5.157471E-2	7.934570E-3	5.187988E-3
145.0625	-6.103516E-2	-3.479004E-2	7.629395E-3	4.882812E-3
145.0781	-5.249023E-2	-3.814697E-2	7.934570E-3	5.798340E-3
145.0937	-5.218506E-2	-3.814697E-2	8.544922E-3	4.882812E-3
145.0937	-5.859375E-2	-5.096436E-2	7.934570E-3	5.798340E-3
145.1093	-6.225586E-2	-4.425049E-2	7.934570E-3	5.493164E-3
145.1093	-6.011963E-2	-4.943848E-2	7.629395E-3	5.493164E-3
145.125	-5.523682E-2	-5.462646E-2	7.934570E-3	4.882812E-3
145.1406	-6.011963E-2	-5.584717E-2	7.629395E-3	5.493164E-3
145.1406	-6.927490E-2	-4.608154E-2	7.934570E-3	5.493164E-3
145.1562	-5.157471E-2	-3.784180E-2	7.629395E-3	5.798340E-3
145.1718	-5.218506E-2	-4.119873E-2	7.934570E-3	5.187988E-3
145.1718	-5.554199E-2	-4.302979E-2	7.629395E-3	5.493164E-3
145.1875	-5.493164E-2	-4.241943E-2	8.239746E-3	5.187988E-3
145.2031	-5.859375E-2	-3.540039E-2	7.934570E-3	4.882812E-3
145.2031	-5.737305E-2	-4.241943E-2	7.629395E-3	5.798340E-3
145.2187	-6.378174E-2	-4.089355E-2	7.934570E-3	5.798340E-3
145.2187	-5.249023E-2	-4.608154E-2	7.629395E-3	5.493164E-3
145.2343	-5.310059E-2	-4.638672E-2	7.324219E-3	5.187988E-3
145.25	-5.187988E-2	-4.302979E-2	8.239746E-3	5.187988E-3
145.25	-4.882812E-2	-3.753662E-2	7.934570E-3	5.798340E-3
145.2656	-5.187988E-2	-4.547119E-2	8.239746E-3	5.798340E-3
145.2812	-4.760742E-2	-4.333496E-2	7.934570E-3	5.493164E-3
145.2812	-5.462646E-2	-5.187988E-2	7.629395E-3	4.882812E-3
145.2968	-5.584717E-2	-4.943848E-2	8.239746E-3	5.187988E-3
145.2968	-5.645752E-2	-5.187988E-2	7.934570E-3	4.577637E-3
145.3125	-5.126953E-2	-4.730225E-2	7.934570E-3	5.493164E-3
145.3281	-5.218506E-2	-4.547119E-2	7.934570E-3	5.493164E-3
145.3281	-6.011963E-2	-4.974365E-2	8.239746E-3	5.493164E-3
145.3437	-6.439209E-2	-5.065918E-2	8.239746E-3	4.882812E-3
145.3593	-5.065918E-2	-4.028320E-2	7.934570E-3	4.882812E-3
145.3593	-5.706787E-2	-4.364014E-2	7.934570E-3	5.493164E-3
145.375	-5.340576E-2	-4.364014E-2	7.934570E-3	5.493164E-3
145.3906	-6.744385E-2	-5.004883E-2	7.629395E-3	5.493164E-3
145.3906	-6.042480E-2	-4.425049E-2	7.934570E-3	5.493164E-3
145.4062	-5.279541E-2	-3.997803E-2	8.239746E-3	4.577637E-3
145.4218	-5.889893E-2	-4.486084E-2	7.934570E-3	4.882812E-3
145.4218	-5.523682E-2	-4.058838E-2	8.239746E-3	4.882812E-3
145.4375	-4.974365E-2	-3.601074E-2	7.934570E-3	5.187988E-3
145.4531	-5.645752E-2	-4.180908E-2	8.544922E-3	5.187988E-3
145.4531	-5.920410E-2	-5.065918E-2	7.934570E-3	5.187988E-3
145.4687	-5.371094E-2	-4.364014E-2	8.544922E-3	5.493164E-3
145.4687	-5.401611E-2	-4.669189E-2	7.934570E-3	4.272461E-3
145.4843	-5.645752E-2	-3.997803E-2	8.239746E-3	5.187988E-3
145.5	-5.493164E-2	-3.723145E-2	7.629395E-3	5.187988E-3
145.5	-6.744385E-2	-4.638672E-2	7.629395E-3	6.103516E-3
145.5156	-5.615234E-2	-4.882812E-2	8.239746E-3	5.187988E-3
145.5312	-5.401611E-2	-4.730225E-2	7.629395E-3	5.187988E-3
145.5312	-4.852295E-2	-4.425049E-2	8.239746E-3	4.882812E-3
145.5468	-6.256104E-2	-4.730225E-2	7.629395E-3	5.187988E-3
145.5625	-5.432129E-2	-3.631592E-2	7.934570E-3	5.187988E-3
145.5625	-5.126953E-2	-3.784180E-2	8.544922E-3	5.187988E-3
145.5781	-5.859375E-2	-4.364014E-2	7.934570E-3	5.187988E-3
145.5937	-6.286621E-2	-3.936768E-2	7.934570E-3	5.187988E-3
145.5937	-7.110596E-2	-4.791260E-2	7.629395E-3	5.493164E-3
145.6093	-6.164551E-2	-5.462646E-2	8.239746E-3	5.187988E-3
145.6093	-5.706787E-2	-4.821777E-2	7.629395E-3	5.187988E-3
145.625	-5.920410E-2	-5.340576E-2	8.239746E-3	5.798340E-3
145.6406	-4.760742E-2	-3.692627E-2	7.934570E-3	5.187988E-3
145.6406	-5.371094E-2	-3.936768E-2	7.934570E-3	5.493164E-3
145.6562	-5.523682E-2	-3.936768E-2	8.239746E-3	4.577637E-3
145.6562	-5.828857E-2	-4.882812E-2	7.934570E-3	4.882812E-3
