December 08, 2009 15:05
629a03
H:\028-20091208-sws14-ls\traj\LS_p33_d80_vp20_vd20.traj
lateral amplification = 100
normal amp = 100
pitch angle = -3
roll angle = 70
cantilever = 629a03
sample = sws14
<data>
time	voltageForceLateral	voltageForceNormal	voltagePositionX	voltagePositionY
87.1718	-5.371094E-2	-3.997803E-2	8.544922E-3	5.493164E-3
87.1718	-4.547119E-2	-4.364014E-2	8.850098E-3	4.882812E-3
87.1875	-4.913330E-2	-4.577637E-2	8.850098E-3	4.882812E-3
87.2031	-4.760742E-2	-4.699707E-2	8.239746E-3	4.882812E-3
87.2031	-5.004883E-2	-4.943848E-2	8.239746E-3	5.187988E-3
87.2187	-5.737305E-2	-3.753662E-2	7.934570E-3	4.882812E-3
87.2187	-5.737305E-2	-4.364014E-2	7.934570E-3	4.577637E-3
87.2343	-5.371094E-2	-4.699707E-2	8.239746E-3	5.493164E-3
87.25	-5.126953E-2	-4.180908E-2	8.239746E-3	5.187988E-3
87.25	-6.011963E-2	-3.662109E-2	8.239746E-3	4.577637E-3
87.2656	-5.828857E-2	-5.035400E-2	8.239746E-3	5.493164E-3
87.2812	-5.340576E-2	-4.486084E-2	8.239746E-3	5.187988E-3
87.2812	-5.554199E-2	-4.180908E-2	7.934570E-3	5.493164E-3
87.2968	-5.340576E-2	-4.119873E-2	8.239746E-3	5.493164E-3
87.3125	-5.462646E-2	-4.180908E-2	8.239746E-3	4.882812E-3
87.3125	-5.950928E-2	-4.302979E-2	7.934570E-3	5.493164E-3
87.3281	-6.286621E-2	-4.486084E-2	8.239746E-3	5.187988E-3
87.3437	-5.432129E-2	-4.547119E-2	8.239746E-3	5.493164E-3
87.3437	-4.638672E-2	-3.845215E-2	7.934570E-3	5.493164E-3
87.3593	-4.943848E-2	-4.791260E-2	7.934570E-3	5.493164E-3
87.3593	-4.852295E-2	-4.150391E-2	7.934570E-3	5.493164E-3
87.375	-5.645752E-2	-4.364014E-2	8.544922E-3	5.493164E-3
87.3906	-4.608154E-2	-4.150391E-2	7.934570E-3	5.493164E-3
87.3906	-5.706787E-2	-3.234863E-2	7.629395E-3	4.882812E-3
87.4062	-4.821777E-2	-4.089355E-2	7.629395E-3	4.882812E-3
87.4062	-5.187988E-2	-3.814697E-2	8.544922E-3	4.882812E-3
87.4218	-5.157471E-2	-4.486084E-2	7.629395E-3	5.187988E-3
87.4375	-6.164551E-2	-3.509521E-2	7.934570E-3	4.882812E-3
87.4375	-5.737305E-2	-4.150391E-2	7.934570E-3	5.798340E-3
87.4531	-5.523682E-2	-4.058838E-2	8.239746E-3	5.187988E-3
87.4687	-5.462646E-2	-4.028320E-2	7.934570E-3	5.187988E-3
87.4687	-5.126953E-2	-4.028320E-2	7.629395E-3	4.882812E-3
87.4843	-5.920410E-2	-4.516602E-2	7.934570E-3	5.493164E-3
87.5	-5.340576E-2	-4.608154E-2	8.239746E-3	5.187988E-3
87.5	-5.584717E-2	-4.638672E-2	7.934570E-3	5.493164E-3
87.5156	-4.913330E-2	-3.875732E-2	7.934570E-3	4.577637E-3
87.5312	-6.896973E-2	-4.211426E-2	8.239746E-3	5.187988E-3
87.5312	-5.737305E-2	-4.516602E-2	7.934570E-3	4.577637E-3
87.5468	-5.279541E-2	-3.997803E-2	7.934570E-3	5.798340E-3
87.5625	-6.042480E-2	-5.126953E-2	8.239746E-3	5.493164E-3
87.5625	-6.195068E-2	-4.577637E-2	7.934570E-3	6.103516E-3
87.5781	-5.706787E-2	-3.082275E-2	8.239746E-3	4.882812E-3
87.5937	-5.249023E-2	-3.967285E-2	7.934570E-3	4.882812E-3
87.5937	-5.645752E-2	-4.730225E-2	8.544922E-3	5.187988E-3
87.6093	-4.669189E-2	-4.028320E-2	7.934570E-3	5.187988E-3
87.6093	-5.035400E-2	-4.150391E-2	7.934570E-3	5.187988E-3
87.625	-5.432129E-2	-4.425049E-2	8.239746E-3	5.187988E-3
87.6406	-5.615234E-2	-4.241943E-2	8.239746E-3	5.798340E-3
87.6406	-5.310059E-2	-4.302979E-2	8.239746E-3	5.493164E-3
87.6562	-4.882812E-2	-3.753662E-2	7.934570E-3	5.493164E-3
87.6718	-5.645752E-2	-4.547119E-2	7.934570E-3	5.493164E-3
87.6718	-5.920410E-2	-4.028320E-2	7.934570E-3	5.798340E-3
87.6875	-5.554199E-2	-5.126953E-2	8.239746E-3	4.882812E-3
87.7031	-5.462646E-2	-4.241943E-2	8.239746E-3	5.493164E-3
87.7031	-5.340576E-2	-3.845215E-2	7.629395E-3	4.577637E-3
87.7187	-4.730225E-2	-4.089355E-2	8.544922E-3	4.882812E-3
87.7187	-5.950928E-2	-4.211426E-2	8.239746E-3	4.882812E-3
87.7343	-5.554199E-2	-4.821777E-2	7.934570E-3	5.798340E-3
87.75	-5.218506E-2	-4.364014E-2	7.629395E-3	5.187988E-3
87.75	-5.645752E-2	-4.272461E-2	7.934570E-3	5.493164E-3
87.7656	-5.004883E-2	-4.364014E-2	7.934570E-3	4.882812E-3
87.7812	-4.302979E-2	-3.753662E-2	7.934570E-3	5.187988E-3
87.7812	-5.523682E-2	-5.004883E-2	8.544922E-3	5.187988E-3
87.7968	-4.608154E-2	-4.302979E-2	8.239746E-3	5.798340E-3
87.7968	-5.004883E-2	-4.760742E-2	7.934570E-3	4.882812E-3
87.8125	-5.157471E-2	-4.730225E-2	7.934570E-3	5.798340E-3
87.8281	-5.096436E-2	-4.272461E-2	7.934570E-3	5.187988E-3
87.8281	-5.737305E-2	-3.875732E-2	7.629395E-3	5.493164E-3
87.8437	-5.676270E-2	-4.638672E-2	8.544922E-3	5.493164E-3
87.8593	-4.577637E-2	-3.753662E-2	7.934570E-3	5.187988E-3
87.8593	-5.706787E-2	-5.218506E-2	8.239746E-3	4.882812E-3
87.875	-5.065918E-2	-3.967285E-2	8.239746E-3	4.882812E-3
87.8906	-5.218506E-2	-4.791260E-2	7.934570E-3	5.798340E-3
87.8906	-5.554199E-2	-3.814697E-2	8.544922E-3	5.493164E-3
87.9062	-4.974365E-2	-3.997803E-2	8.544922E-3	5.493164E-3
87.9218	-6.195068E-2	-5.279541E-2	7.629395E-3	5.493164E-3
87.9218	-5.981445E-2	-5.096436E-2	7.629395E-3	5.493164E-3
87.9375	-5.157471E-2	-3.875732E-2	7.324219E-3	5.493164E-3
87.9531	-5.950928E-2	-4.058838E-2	8.239746E-3	4.577637E-3
87.9531	-5.554199E-2	-4.943848E-2	8.239746E-3	5.798340E-3
87.9687	-4.211426E-2	-4.058838E-2	8.239746E-3	5.187988E-3
87.9687	-5.889893E-2	-4.669189E-2	7.934570E-3	5.187988E-3
87.9843	-5.157471E-2	-4.455566E-2	7.934570E-3	4.882812E-3
88.0	-5.187988E-2	-5.035400E-2	7.934570E-3	5.187988E-3
88.0	-5.645752E-2	-5.187988E-2	8.544922E-3	5.493164E-3
88.0156	-5.218506E-2	-4.180908E-2	7.934570E-3	4.882812E-3
88.0312	-5.889893E-2	-4.241943E-2	7.934570E-3	5.187988E-3
88.0312	-5.096436E-2	-3.784180E-2	8.239746E-3	5.493164E-3
88.0468	-5.065918E-2	-3.753662E-2	7.324219E-3	4.882812E-3
88.0625	-5.523682E-2	-4.577637E-2	8.239746E-3	5.493164E-3
88.0625	-4.913330E-2	-4.089355E-2	1.220703E-2	5.187988E-3
88.0781	-5.218506E-2	-3.845215E-2	2.746582E-2	5.187988E-3
88.0937	-5.432129E-2	-4.699707E-2	5.187988E-2	5.187988E-3
88.0937	-5.432129E-2	-4.211426E-2	7.446289E-2	4.882812E-3
88.1093	-6.256104E-2	-5.615234E-2	8.941650E-2	5.493164E-3
88.1093	-6.622314E-2	-5.249023E-2	1.141357E-1	5.187988E-3
88.125	-6.256104E-2	-4.882812E-2	1.351929E-1	5.187988E-3
88.1406	-5.645752E-2	-5.432129E-2	1.498413E-1	5.187988E-3
88.1406	-5.645752E-2	-6.683350E-2	1.721191E-1	5.187988E-3
88.1562	-6.134033E-2	-6.805420E-2	1.882935E-1	5.493164E-3
88.1718	-6.134033E-2	-6.652832E-2	2.090454E-1	4.882812E-3
88.1718	-5.981445E-2	-7.659912E-2	2.291870E-1	5.493164E-3
88.1875	-6.591797E-2	-7.507324E-2	2.499390E-1	5.493164E-3
88.2031	-6.805420E-2	-6.652832E-2	2.746582E-1	5.187988E-3
88.2031	-6.896973E-2	-7.263184E-2	2.890015E-1	5.493164E-3
88.2187	-5.462646E-2	-7.659912E-2	3.125000E-1	5.187988E-3
88.2187	-5.279541E-2	-7.751465E-2	3.350830E-1	5.493164E-3
88.2343	-5.798340E-2	-7.965088E-2	3.488159E-1	4.882812E-3
88.25	-6.500244E-2	-8.941650E-2	3.695679E-1	4.882812E-3
88.25	-6.622314E-2	-8.758545E-2	3.952026E-1	5.187988E-3
88.2656	-8.087158E-2	-8.911133E-2	4.089355E-1	5.187988E-3
88.2812	-7.415771E-2	-9.704590E-2	4.333496E-1	4.882812E-3
88.2812	-7.141113E-2	-1.031494E-1	4.550171E-1	5.187988E-3
88.2968	-6.988525E-2	-9.338379E-2	4.681396E-1	5.493164E-3
88.3125	-8.026123E-2	-9.887695E-2	4.922485E-1	5.187988E-3
88.3125	-6.866455E-2	-1.058960E-1	5.142212E-1	5.493164E-3
88.3281	-7.202148E-2	-1.153564E-1	5.282593E-1	5.187988E-3
88.3437	-7.690430E-2	-1.153564E-1	5.511475E-1	5.493164E-3
88.3437	-8.117676E-2	-1.074219E-1	5.746460E-1	5.493164E-3
88.3593	-7.965088E-2	-1.159668E-1	5.880737E-1	5.187988E-3
88.3593	-6.988525E-2	-1.187134E-1	6.124878E-1	5.493164E-3
88.375	-8.056641E-2	-1.266479E-1	6.341553E-1	5.798340E-3
88.3906	-8.422852E-2	-1.260376E-1	6.475830E-1	5.493164E-3
88.3906	-8.026123E-2	-1.260376E-1	6.704712E-1	5.798340E-3
88.4062	-9.704590E-2	-1.290894E-1	6.857300E-1	5.798340E-3
88.4062	-7.934570E-2	-1.358032E-1	7.058716E-1	5.798340E-3
88.4218	-9.246826E-2	-1.379395E-1	7.266235E-1	5.493164E-3
88.4375	-8.483887E-2	-1.394653E-1	7.543945E-1	5.187988E-3
88.4375	-8.544922E-2	-1.373291E-1	7.672119E-1	5.187988E-3
88.4531	-8.972168E-2	-1.464844E-1	7.882690E-1	5.493164E-3
88.4687	-8.209229E-2	-1.400757E-1	8.142090E-1	4.882812E-3
88.4687	-7.934570E-2	-1.437378E-1	8.267212E-1	5.187988E-3
88.4843	-9.277344E-2	-1.574707E-1	8.517456E-1	5.187988E-3
88.5	-9.643555E-2	-1.620483E-1	8.740234E-1	5.493164E-3
88.5	-9.826660E-2	-1.596069E-1	8.865356E-1	5.187988E-3
88.5156	-9.094238E-2	-1.611328E-1	9.103394E-1	5.493164E-3
88.5312	-9.490967E-2	-1.644897E-1	9.307861E-1	5.493164E-3
88.5312	-8.697510E-2	-1.672363E-1	9.448242E-1	5.493164E-3
88.5468	-8.941650E-2	-1.672363E-1	9.652710E-1	5.493164E-3
88.5468	-8.300781E-2	-1.626587E-1	9.869385E-1	5.187988E-3
88.5625	-9.887695E-2	-1.766968E-1	1.006470E+0	5.493164E-3
88.5781	-1.031494E-1	-1.763916E-1	1.030579E+0	5.187988E-3
88.5937	-9.460449E-2	-1.861572E-1	1.053162E+0	5.493164E-3
88.5937	-9.796143E-2	-1.846313E-1	1.065674E+0	5.187988E-3
88.6093	-9.826660E-2	-1.916504E-1	1.088562E+0	5.798340E-3
88.6093	-1.034546E-1	-1.898193E-1	1.112976E+0	5.493164E-3
88.625	-1.016235E-1	-1.983643E-1	1.126099E+0	5.187988E-3
88.6406	-9.277344E-2	-1.971436E-1	1.149902E+0	5.798340E-3
88.6406	-1.043701E-1	-2.056885E-1	1.168213E+0	5.798340E-3
88.6562	-9.613037E-2	-2.005005E-1	1.185608E+0	5.187988E-3
88.6718	-1.049805E-1	-2.005005E-1	1.204834E+0	6.103516E-3
88.6718	-1.080322E-1	-2.136230E-1	1.232300E+0	5.187988E-3
88.6875	-1.098633E-1	-2.182007E-1	1.244812E+0	5.187988E-3
88.7031	-1.147461E-1	-2.197266E-1	1.270142E+0	5.187988E-3
88.7031	-1.055908E-1	-2.160645E-1	1.292114E+0	5.187988E-3
88.7187	-1.071167E-1	-2.169800E-1	1.304932E+0	5.798340E-3
88.7187	-1.077271E-1	-2.182007E-1	1.328735E+0	5.187988E-3
88.7343	-1.156616E-1	-2.270508E-1	1.348572E+0	5.493164E-3
88.75	-1.089478E-1	-2.304077E-1	1.364136E+0	5.187988E-3
88.75	-1.190186E-1	-2.349854E-1	1.388245E+0	5.493164E-3
88.7656	-1.235962E-1	-2.435303E-1	1.411438E+0	5.187988E-3
88.7812	-1.177979E-1	-2.334595E-1	1.424561E+0	5.493164E-3
88.7812	-1.083374E-1	-2.392578E-1	1.445618E+0	4.882812E-3
88.7968	-1.202393E-1	-2.462769E-1	1.470947E+0	5.187988E-3
88.7968	-1.123047E-1	-2.462769E-1	1.484070E+0	5.798340E-3
88.8125	-1.104736E-1	-2.593994E-1	1.505432E+0	5.187988E-3
88.8281	-1.184082E-1	-2.584839E-1	1.531067E+0	5.493164E-3
88.8281	-1.181030E-1	-2.624512E-1	1.543884E+0	5.798340E-3
88.8437	-1.263428E-1	-2.590942E-1	1.567993E+0	5.187988E-3
88.8593	-1.379395E-1	-2.706909E-1	1.588135E+0	5.493164E-3
88.8593	-1.217651E-1	-2.746582E-1	1.603699E+0	5.493164E-3
88.875	-1.251221E-1	-2.743530E-1	1.627197E+0	5.493164E-3
88.8906	-1.281738E-1	-2.844238E-1	1.650696E+0	5.187988E-3
88.8906	-1.287842E-1	-2.764893E-1	1.661682E+0	5.187988E-3
88.9062	-1.345825E-1	-2.856445E-1	1.682129E+0	5.493164E-3
88.9218	-1.287842E-1	-2.886963E-1	1.704712E+0	5.493164E-3
88.9218	-1.358032E-1	-3.009033E-1	1.722412E+0	5.493164E-3
88.9375	-1.239014E-1	-2.987671E-1	1.744995E+0	5.493164E-3
88.9531	-1.306152E-1	-3.036499E-1	1.767578E+0	5.493164E-3
88.9531	-1.351929E-1	-3.091431E-1	1.783447E+0	5.187988E-3
88.9687	-1.379395E-1	-3.140259E-1	1.806641E+0	5.798340E-3
88.9687	-1.400757E-1	-3.192139E-1	1.829529E+0	4.577637E-3
88.9843	-1.376343E-1	-3.186035E-1	1.842346E+0	5.493164E-3
89.0	-1.409912E-1	-3.298950E-1	1.864929E+0	5.493164E-3
89.0	-1.345825E-1	-3.317261E-1	1.889648E+0	5.798340E-3
89.0156	-1.412964E-1	-3.283691E-1	1.902466E+0	5.187988E-3
89.0312	-1.431274E-1	-3.405762E-1	1.926575E+0	5.187988E-3
89.0312	-1.470947E-1	-3.448486E-1	1.948853E+0	4.577637E-3
89.0468	-1.431274E-1	-3.393555E-1	1.961975E+0	5.493164E-3
89.0625	-1.376343E-1	-3.387451E-1	1.980286E+0	4.882812E-3
89.0625	-1.498413E-1	-3.494263E-1	2.006226E+0	5.493164E-3
89.0781	-1.498413E-1	-3.561401E-1	2.022095E+0	4.882812E-3
89.0937	-1.504517E-1	-3.585815E-1	2.045593E+0	5.798340E-3
89.0937	-1.562500E-1	-3.652954E-1	2.068176E+0	5.493164E-3
89.1093	-1.513672E-1	-3.698730E-1	2.081909E+0	7.019043E-3
89.1093	-1.498413E-1	-3.689575E-1	2.106018E+0	5.187988E-3
89.125	-1.571655E-1	-3.762817E-1	2.127991E+0	5.187988E-3
89.1406	-1.577759E-1	-3.872681E-1	2.141113E+0	4.577637E-3
89.1406	-1.602173E-1	-3.878784E-1	2.164917E+0	5.493164E-3
89.1562	-1.611328E-1	-4.000854E-1	2.186279E+0	5.187988E-3
89.1718	-1.568604E-1	-3.948975E-1	2.205811E+0	5.493164E-3
89.1718	-1.525879E-1	-4.028320E-1	2.220764E+0	5.798340E-3
89.1875	-1.599121E-1	-4.156494E-1	2.244873E+0	5.187988E-3
89.2031	-1.651001E-1	-4.086304E-1	2.264709E+0	4.882812E-3
89.2031	-1.660156E-1	-4.110718E-1	2.280273E+0	5.187988E-3
89.2187	-1.681519E-1	-4.193115E-1	2.304687E+0	5.187988E-3
89.2187	-1.690674E-1	-4.345703E-1	2.327576E+0	5.187988E-3
89.2343	-1.684570E-1	-4.296875E-1	2.340393E+0	6.713867E-3
89.25	-1.739502E-1	-4.373169E-1	2.361755E+0	5.493164E-3
89.25	-1.699829E-1	-4.476929E-1	2.387085E+0	5.493164E-3
89.2656	-1.809692E-1	-4.479980E-1	2.399902E+0	5.493164E-3
89.2812	-1.712036E-1	-4.531860E-1	2.424316E+0	5.798340E-3
89.2812	-1.843262E-1	-4.672241E-1	2.446289E+0	4.882812E-3
89.2968	-1.846313E-1	-4.644775E-1	2.459412E+0	4.882812E-3
89.3125	-1.931763E-1	-4.742432E-1	2.483215E+0	4.882812E-3
89.3125	-1.892090E-1	-4.693604E-1	2.504272E+0	5.187988E-3
89.3281	-1.840210E-1	-4.809570E-1	2.520142E+0	5.493164E-3
89.3437	-1.898193E-1	-4.907227E-1	2.543030E+0	5.187988E-3
89.3437	-1.849365E-1	-4.977417E-1	2.566833E+0	5.493164E-3
89.3593	-1.858521E-1	-4.953003E-1	2.579041E+0	5.798340E-3
89.3593	-1.864624E-1	-5.038452E-1	2.603760E+0	5.187988E-3
89.375	-1.995850E-1	-5.136108E-1	2.626343E+0	6.103516E-3
89.3906	-2.005005E-1	-5.264282E-1	2.638550E+0	5.187988E-3
89.3906	-1.989746E-1	-5.230713E-1	2.662964E+0	5.493164E-3
89.4062	-2.035522E-1	-5.358887E-1	2.677002E+0	4.882812E-3
89.4062	-1.916504E-1	-5.828857E-1	2.696228E+0	5.187988E-3
89.4218	-1.977539E-1	-5.624390E-1	2.718506E+0	5.187988E-3
89.4375	-2.078247E-1	-5.215454E-1	2.745667E+0	4.882812E-3
89.4375	-1.919556E-1	-5.175781E-1	2.758179E+0	5.493164E-3
89.4531	-2.093506E-1	-4.772949E-1	2.780762E+0	5.798340E-3
89.4687	-1.654053E-1	-4.653931E-1	2.804871E+0	5.187988E-3
89.4687	-1.998901E-1	-4.299927E-1	2.817383E+0	5.493164E-3
89.4843	-1.712036E-1	-4.217529E-1	2.843018E+0	5.187988E-3
89.5	-1.940918E-1	-3.872681E-1	2.864990E+0	5.187988E-3
89.5	-1.531982E-1	-3.793335E-1	2.877502E+0	5.187988E-3
89.5156	-1.724243E-1	-3.515625E-1	2.901306E+0	5.187988E-3
89.5312	-1.593018E-1	-3.164673E-1	2.921448E+0	4.882812E-3
89.5312	-1.593018E-1	-3.051758E-1	2.937317E+0	5.798340E-3
89.5468	-1.620483E-1	-2.630615E-1	2.961121E+0	4.882812E-3
89.5625	-1.348877E-1	-2.575684E-1	2.983398E+0	5.493164E-3
89.5625	-1.516724E-1	-2.334595E-1	2.996826E+0	5.187988E-3
89.5781	-1.345825E-1	-2.026367E-1	3.021240E+0	5.798340E-3
89.5937	-1.516724E-1	-1.904297E-1	3.043518E+0	4.882812E-3
89.5937	-1.257324E-1	-1.596069E-1	3.056335E+0	4.577637E-3
89.6093	-1.281738E-1	-1.351929E-1	3.078003E+0	5.187988E-3
89.6093	-1.229858E-1	-1.037598E-1	3.103943E+0	5.187988E-3
89.625	-1.211548E-1	-1.019287E-1	3.116150E+0	6.103516E-3
89.6406	-1.226807E-1	-6.103516E-2	3.139343E+0	5.798340E-3
89.6406	-1.126099E-1	-4.333496E-2	3.157654E+0	5.493164E-3
89.6562	-1.065063E-1	-1.708984E-2	3.176270E+0	5.493164E-3
89.6718	-1.269531E-1	-1.220703E-3	3.196106E+0	5.493164E-3
89.6718	-1.046753E-1	3.784180E-2	3.222656E+0	4.882812E-3
89.6875	-1.092529E-1	5.859375E-2	3.235474E+0	5.493164E-3
89.7031	-9.796143E-2	7.781982E-2	3.259888E+0	5.187988E-3
89.7031	-9.979248E-2	1.144409E-1	3.282776E+0	5.798340E-3
89.7187	-8.544922E-2	1.089478E-1	3.292236E+0	6.103516E-3
89.7187	-1.995850E-1	1.153564E-1	3.288574E+0	2.502441E-2
89.7343	-2.621460E-1	1.086426E-1	3.284302E+0	4.333496E-2
89.75	-3.497314E-1	1.046753E-1	3.281555E+0	6.225586E-2
89.75	-4.544067E-1	1.101685E-1	3.277283E+0	8.422852E-2
89.7656	-4.974365E-1	8.636475E-2	3.273315E+0	1.034546E-1
89.7812	-5.972290E-1	9.857178E-2	3.269958E+0	1.214600E-1
89.7812	-6.338501E-1	7.293701E-2	3.266602E+0	1.428223E-1
89.7968	-7.757568E-1	7.629395E-2	3.262329E+0	1.623535E-1
89.7968	-7.919312E-1	6.469727E-2	3.260498E+0	1.806641E-1
89.8125	-9.249878E-1	6.866455E-2	3.256531E+0	2.023315E-1
89.8281	-9.555054E-1	6.500244E-2	3.252258E+0	2.221680E-1
89.8281	-1.068115E+0	6.347656E-2	3.248901E+0	2.401733E-1
89.8437	-1.147766E+0	5.950928E-2	3.245544E+0	2.624512E-1
89.8593	-1.201477E+0	4.211426E-2	3.241577E+0	2.807617E-1
89.8593	-1.301880E+0	5.004883E-2	3.238831E+0	3.002930E-1
89.875	-1.353149E+0	4.028320E-2	3.234863E+0	3.204346E-1
89.8906	-1.463013E+0	3.417969E-2	3.230591E+0	3.402710E-1
89.8906	-1.502075E+0	3.112793E-2	3.228455E+0	3.579712E-1
89.9062	-1.612549E+0	1.678467E-2	3.224182E+0	3.799438E-1
89.9218	-1.677856E+0	3.326416E-2	3.220520E+0	3.994751E-1
89.9218	-1.762085E+0	1.129150E-2	3.218079E+0	4.187012E-1
89.9375	-1.842957E+0	2.197266E-2	3.213806E+0	4.394531E-1
89.9531	-1.914978E+0	6.408691E-3	3.210144E+0	4.589844E-1
89.9531	-1.995239E+0	2.471924E-2	3.207397E+0	4.779053E-1
89.9687	-2.071228E+0	3.662109E-3	3.203125E+0	4.989624E-1
89.9687	-2.158203E+0	3.356934E-3	3.199768E+0	5.175781E-1
89.9843	-2.216187E+0	6.713867E-3	3.197327E+0	5.377197E-1
90.0	-2.310791E+0	-5.798340E-3	3.193665E+0	5.575562E-1
90.0	-2.381897E+0	-7.934570E-3	3.189087E+0	5.776978E-1
90.0156	-2.456665E+0	-2.227783E-2	3.187256E+0	5.960083E-1
90.0312	-2.536926E+0	-9.460449E-3	3.182678E+0	6.170654E-1
90.0312	-2.619324E+0	-1.831055E-2	3.179321E+0	6.365967E-1
90.0468	-2.698975E+0	-1.647949E-2	3.175964E+0	6.552124E-1
90.0625	-2.767944E+0	-1.647949E-2	3.172607E+0	6.756592E-1
90.0625	-2.842407E+0	-2.075195E-2	3.168640E+0	6.948853E-1
90.0781	-2.947083E+0	-1.586914E-2	3.166199E+0	7.141113E-1
90.0937	-3.013000E+0	-3.295898E-2	3.161621E+0	7.363892E-1
90.0937	-3.098755E+0	-3.173828E-2	3.157959E+0	7.546997E-1
90.1093	-3.157043E+0	-3.601074E-2	3.155823E+0	7.739258E-1
90.1093	-3.281250E+0	-3.448486E-2	3.151245E+0	7.946777E-1
90.125	-3.312988E+0	-3.173828E-2	3.147278E+0	8.142090E-1
90.1406	-3.390198E+0	-3.906250E-2	3.145447E+0	8.322144E-1
90.1406	-3.478088E+0	-3.784180E-2	3.140869E+0	8.538818E-1
90.1562	-3.578796E+0	-4.608154E-2	3.139343E+0	8.737183E-1
90.1562	-3.615723E+0	-4.272461E-2	3.134766E+0	8.911133E-1
90.1718	-3.718872E+0	-4.882812E-2	3.131714E+0	9.130859E-1
90.1875	-3.793030E+0	-5.126953E-2	3.126831E+0	9.329224E-1
90.1875	-3.862000E+0	-6.866455E-2	3.123779E+0	9.518433E-1
90.2031	-3.945007E+0	-5.737305E-2	3.120728E+0	9.729004E-1
90.2187	-4.015503E+0	-6.103516E-2	3.115845E+0	9.921265E-1
90.2187	-4.085388E+0	-5.493164E-2	3.113403E+0	1.010132E+0
90.2343	-4.199219E+0	-5.554199E-2	3.109436E+0	1.032715E+0
90.25	-4.237061E+0	-7.720947E-2	3.105774E+0	1.051941E+0
90.25	-4.321594E+0	-5.737305E-2	3.103333E+0	1.069031E+0
90.2656	-4.393616E+0	-7.415771E-2	3.099670E+0	1.090698E+0
90.2812	-4.474182E+0	-6.347656E-2	3.095398E+0	1.109924E+0
90.2812	-4.514465E+0	-7.110596E-2	3.093262E+0	1.128235E+0
90.2968	-4.604797E+0	-7.263184E-2	3.090210E+0	1.148987E+0
90.3125	-4.687195E+0	-8.422852E-2	3.085937E+0	1.168213E+0
90.3125	-4.770203E+0	-8.575439E-2	3.082581E+0	1.189880E+0
90.3281	-4.840088E+0	-6.591797E-2	3.079224E+0	1.208496E+0
90.3437	-4.896545E+0	-8.758545E-2	3.075256E+0	1.228027E+0
90.3437	-4.963989E+0	-8.972168E-2	3.073120E+0	1.246643E+0
90.3593	-5.036926E+0	-8.819580E-2	3.068542E+0	1.268311E+0
90.3593	-5.107422E+0	-9.307861E-2	3.064270E+0	1.287231E+0
90.375	-5.145569E+0	-1.004028E-1	3.061829E+0	1.306458E+0
90.3906	-5.230103E+0	-1.013184E-1	3.058167E+0	1.327820E+0
90.3906	-5.231323E+0	-9.918213E-2	3.055115E+0	1.346130E+0
90.4062	-5.171204E+0	-1.046753E-1	3.052368E+0	1.366272E+0
90.4218	-4.810791E+0	-1.113892E-1	3.048096E+0	1.386414E+0
90.4218	-4.558411E+0	-1.284790E-1	3.044739E+0	1.407776E+0
90.4375	-4.429932E+0	-1.303101E-1	3.041382E+0	1.425171E+0
90.4531	-4.243774E+0	-1.480103E-1	3.037720E+0	1.445312E+0
90.4531	-4.130554E+0	-1.513672E-1	3.032532E+0	1.465149E+0
90.4687	-4.049377E+0	-1.477051E-1	3.030396E+0	1.483459E+0
90.4687	-4.026794E+0	-1.647949E-1	3.026428E+0	1.505127E+0
90.4843	-3.999329E+0	-1.687622E-1	3.023071E+0	1.524048E+0
90.5	-3.993530E+0	-1.687622E-1	3.020020E+0	1.543579E+0
90.5	-3.887329E+0	-1.748657E-1	3.015442E+0	1.564941E+0
90.5156	-3.878174E+0	-1.770020E-1	3.012085E+0	1.583862E+0
90.5312	-3.836975E+0	-1.867676E-1	3.009949E+0	1.602478E+0
90.5312	-3.834229E+0	-1.788330E-1	3.005981E+0	1.623840E+0
90.5468	-3.766479E+0	-2.011108E-1	3.002625E+0	1.643372E+0
90.5468	-3.833313E+0	-2.075195E-1	2.999573E+0	1.661072E+0
90.5625	-3.823242E+0	-2.020264E-1	2.995911E+0	1.682434E+0
90.5781	-3.861084E+0	-1.989746E-1	2.991943E+0	1.702271E+0
90.5781	-3.789978E+0	-2.157593E-1	2.989197E+0	1.721191E+0
90.5937	-3.833313E+0	-2.203369E-1	2.985840E+0	1.742859E+0
90.6093	-3.810730E+0	-2.197266E-1	2.981567E+0	1.760559E+0
90.6093	-3.900146E+0	-2.182007E-1	2.979126E+0	1.781006E+0
90.625	-3.868103E+0	-2.194214E-1	2.975464E+0	1.800537E+0
90.6406	-3.876648E+0	-2.343750E-1	2.970581E+0	1.821289E+0
90.6406	-3.868103E+0	-2.349854E-1	2.968140E+0	1.838379E+0
90.6562	-3.860168E+0	-2.423096E-1	2.964172E+0	1.860962E+0
90.6718	-3.858948E+0	-2.395630E-1	2.960815E+0	1.879578E+0
90.6718	-3.840332E+0	-2.484131E-1	2.957764E+0	1.898193E+0
90.6875	-3.810120E+0	-2.551270E-1	2.953796E+0	1.919250E+0
90.7031	-3.778076E+0	-2.566528E-1	2.950745E+0	1.938782E+0
90.7031	-3.783875E+0	-2.636719E-1	2.947998E+0	1.957397E+0
90.7187	-3.725586E+0	-2.630615E-1	2.943420E+0	1.979065E+0
90.7187	-3.733826E+0	-2.679443E-1	2.939758E+0	1.997375E+0
90.7343	-3.722229E+0	-2.743530E-1	2.937317E+0	2.017212E+0
90.75	-3.744812E+0	-2.758789E-1	2.933655E+0	2.037964E+0
90.75	-3.727417E+0	-2.752686E-1	2.929077E+0	2.057495E+0
90.7656	-3.753052E+0	-2.835083E-1	2.926025E+0	2.075500E+0
90.7812	-3.745728E+0	-2.902222E-1	2.922363E+0	2.097473E+0
90.7812	-3.740234E+0	-2.893066E-1	2.918091E+0	2.116089E+0
90.7968	-3.738403E+0	-2.899170E-1	2.916260E+0	2.135620E+0
90.8125	-3.728943E+0	-2.987671E-1	2.911987E+0	2.156372E+0
90.8125	-3.730774E+0	-3.131104E-1	2.908936E+0	2.175598E+0
90.8281	-3.784180E+0	-2.975464E-1	2.906494E+0	2.195435E+0
90.8437	-3.751526E+0	-3.210449E-1	2.901917E+0	2.214966E+0
90.8437	-3.802795E+0	-3.109741E-1	2.898254E+0	2.234497E+0
90.8593	-3.787537E+0	-3.186035E-1	2.895813E+0	2.254333E+0
90.8593	-3.784485E+0	-3.298950E-1	2.891846E+0	2.275085E+0
90.875	-3.786011E+0	-3.259277E-1	2.887573E+0	2.293091E+0
90.8906	-3.754272E+0	-3.433228E-1	2.885437E+0	2.312317E+0
90.8906	-3.767395E+0	-3.277588E-1	2.881165E+0	2.333984E+0
90.9062	-3.696594E+0	-3.472900E-1	2.879639E+0	2.353210E+0
90.9218	-3.729248E+0	-3.359985E-1	2.875671E+0	2.370605E+0
90.9218	-3.695679E+0	-3.524780E-1	2.871704E+0	2.392273E+0
90.9375	-3.706970E+0	-3.536987E-1	2.866821E+0	2.413330E+0
90.9375	-3.684692E+0	-3.497314E-1	2.864075E+0	2.431335E+0
90.9531	-3.700867E+0	-3.634644E-1	2.860413E+0	2.451782E+0
90.9687	-3.653870E+0	-3.573608E-1	2.856750E+0	2.471008E+0
90.9687	-3.704529E+0	-3.683472E-1	2.853394E+0	2.489319E+0
90.9843	-3.666687E+0	-3.738403E-1	2.849731E+0	2.511902E+0
91.0	-3.625793E+0	-3.787231E-1	2.845459E+0	2.529907E+0
91.0	-3.651123E+0	-3.738403E-1	2.843933E+0	2.548828E+0
91.0156	-3.637390E+0	-3.814697E-1	2.839355E+0	2.570801E+0
91.0312	-3.645020E+0	-3.982544E-1	2.835999E+0	2.590332E+0
91.0312	-3.631592E+0	-3.909302E-1	2.832947E+0	2.608948E+0
91.0468	-3.628235E+0	-4.043579E-1	2.828674E+0	2.630005E+0
91.0625	-3.626099E+0	-3.985596E-1	2.825317E+0	2.648926E+0
91.0625	-3.633728E+0	-4.098511E-1	2.822571E+0	2.668152E+0
91.0781	-3.613586E+0	-3.994751E-1	2.818604E+0	2.687988E+0
91.0937	-3.612366E+0	-4.174805E-1	2.815247E+0	2.707825E+0
91.0937	-3.630676E+0	-4.147339E-1	2.812805E+0	2.726440E+0
91.1093	-3.674927E+0	-4.150391E-1	2.808838E+0	2.748413E+0
91.1093	-3.621521E+0	-4.360962E-1	2.804871E+0	2.766724E+0
91.125	-3.693542E+0	-4.217529E-1	2.802124E+0	2.785645E+0
91.1406	-3.654480E+0	-4.272461E-1	2.798462E+0	2.807312E+0
91.1406	-3.665466E+0	-4.312134E-1	2.794800E+0	2.825623E+0
91.1562	-3.663330E+0	-4.412842E-1	2.792358E+0	2.845459E+0
91.1718	-3.641968E+0	-4.437256E-1	2.788391E+0	2.865906E+0
91.1718	-3.647766E+0	-4.379272E-1	2.784119E+0	2.886353E+0
91.1875	-3.634338E+0	-4.486084E-1	2.781372E+0	2.904358E+0
91.2031	-3.615112E+0	-4.467773E-1	2.777100E+0	2.925110E+0
91.2031	-3.597107E+0	-4.650879E-1	2.772827E+0	2.944641E+0
91.2187	-3.618774E+0	-4.623413E-1	2.771301E+0	2.963562E+0
91.2187	-3.600159E+0	-4.623413E-1	2.766724E+0	2.985229E+0
91.2343	-3.585815E+0	-4.623413E-1	2.763977E+0	3.003235E+0
91.25	-3.565979E+0	-4.806519E-1	2.760315E+0	3.022766E+0
91.25	-3.569641E+0	-4.772949E-1	2.756042E+0	3.043823E+0
91.2656	-3.559265E+0	-4.776001E-1	2.751770E+0	3.063049E+0
91.2812	-3.563232E+0	-4.849243E-1	2.750244E+0	3.081970E+0
91.2812	-3.564758E+0	-4.876709E-1	2.745972E+0	3.103027E+0
91.2968	-3.522949E+0	-4.949951E-1	2.741394E+0	3.123474E+0
91.2968	-3.518677E+0	-5.007935E-1	2.739563E+0	3.140869E+0
91.3125	-3.502197E+0	-5.010986E-1	2.736206E+0	3.161926E+0
91.3281	-3.514709E+0	-5.154419E-1	2.731323E+0	3.181458E+0
91.3281	-3.492737E+0	-5.078125E-1	2.729187E+0	3.199768E+0
91.3437	-3.488464E+0	-5.142212E-1	2.725220E+0	3.221741E+0
91.3593	-3.451233E+0	-5.178833E-1	2.721863E+0	3.240356E+0
91.3593	-3.489990E+0	-5.212402E-1	2.719727E+0	3.259888E+0
91.375	-3.429260E+0	-5.145264E-1	2.715149E+0	3.280945E+0
91.3906	-3.389587E+0	-5.261230E-1	2.710876E+0	3.299561E+0
91.3906	-3.358459E+0	-5.221558E-1	2.708435E+0	3.317566E+0
91.4062	-3.289490E+0	-5.200195E-1	2.705078E+0	3.339844E+0
91.4218	-3.181152E+0	-5.358887E-1	2.700806E+0	3.358765E+0
91.4218	-3.089600E+0	-5.361938E-1	2.698669E+0	3.376465E+0
91.4375	-2.556763E+0	-5.508423E-1	2.693787E+0	3.399048E+0
91.4531	-2.206421E-1	-4.864502E-1	2.690735E+0	3.417969E+0
91.4531	-2.136230E-1	-4.794312E-1	2.687988E+0	3.437500E+0
91.4687	-2.243042E-1	-4.879761E-1	2.683716E+0	3.457642E+0
91.4687	-2.249146E-1	-4.736328E-1	2.679749E+0	3.476868E+0
91.4843	-2.151489E-1	-4.696655E-1	2.677917E+0	3.496399E+0
91.5	-2.075195E-1	-4.727173E-1	2.673645E+0	3.516846E+0
91.5	-2.197266E-1	-4.772949E-1	2.668762E+0	3.535767E+0
91.5156	-2.151489E-1	-4.708862E-1	2.666626E+0	3.554993E+0
91.5312	-2.108765E-1	-4.705811E-1	2.662659E+0	3.576355E+0
91.5312	-2.136230E-1	-4.724121E-1	2.658386E+0	3.595581E+0
91.5468	-2.163696E-1	-4.605103E-1	2.656555E+0	3.613586E+0
91.5625	-2.093506E-1	-4.592896E-1	2.652588E+0	3.635559E+0
91.5625	-2.090454E-1	-4.669189E-1	2.648926E+0	3.653870E+0
91.5781	-2.145386E-1	-4.660034E-1	2.646179E+0	3.674011E+0
91.5937	-2.093506E-1	-4.541016E-1	2.641907E+0	3.694153E+0
91.5937	-2.001953E-1	-4.644775E-1	2.637634E+0	3.712769E+0
91.6093	-1.980591E-1	-4.611206E-1	2.636108E+0	3.731995E+0
91.6093	-2.069092E-1	-4.565430E-1	2.630920E+0	3.753967E+0
91.625	-2.160645E-1	-4.605103E-1	2.627563E+0	3.772583E+0
91.6406	-2.035522E-1	-4.568481E-1	2.626038E+0	3.791199E+0
91.6406	-2.026367E-1	-4.592896E-1	2.622070E+0	3.812866E+0
91.6562	-2.093506E-1	-4.510498E-1	2.619324E+0	3.832092E+0
91.6562	-2.157593E-1	-4.595947E-1	2.615051E+0	3.849792E+0
91.6718	-2.096558E-1	-4.605103E-1	2.612000E+0	3.872375E+0
91.6875	-2.114868E-1	-4.486084E-1	2.607422E+0	3.891296E+0
91.6875	-2.005005E-1	-4.501343E-1	2.604370E+0	3.910522E+0
91.7031	-1.947021E-1	-4.434204E-1	2.601013E+0	3.930359E+0
91.7187	-2.099609E-1	-4.507446E-1	2.596741E+0	3.950195E+0
91.7187	-1.965332E-1	-4.403687E-1	2.593994E+0	3.968811E+0
91.7343	-2.035522E-1	-4.461670E-1	2.590332E+0	3.990784E+0
91.75	-2.154541E-1	-4.421997E-1	2.586670E+0	4.008789E+0
91.75	-2.044678E-1	-4.336548E-1	2.583923E+0	4.027710E+0
91.7656	-1.986694E-1	-4.342651E-1	2.579956E+0	4.049072E+0
91.7812	-2.032471E-1	-4.357910E-1	2.576294E+0	4.068298E+0
91.7812	-1.989746E-1	-4.339600E-1	2.573242E+0	4.087219E+0
91.7968	-1.950073E-1	-4.296875E-1	2.570190E+0	4.108276E+0
91.8125	-1.965332E-1	-4.370117E-1	2.565002E+0	4.127808E+0
91.8125	-2.029419E-1	-4.290771E-1	2.563782E+0	4.147034E+0
91.8281	-2.014160E-1	-4.272461E-1	2.558899E+0	4.167175E+0
91.8437	-1.995850E-1	-4.309082E-1	2.554932E+0	4.186401E+0
91.8437	-1.919556E-1	-4.260254E-1	2.552185E+0	4.205017E+0
91.8593	-2.008057E-1	-4.306030E-1	2.548828E+0	4.226685E+0
91.8593	-2.047729E-1	-4.306030E-1	2.544250E+0	4.244995E+0
91.875	-1.971436E-1	-4.333496E-1	2.541809E+0	4.263306E+0
91.8906	-2.014160E-1	-4.299927E-1	2.537842E+0	4.285278E+0
91.8906	-1.901245E-1	-4.235840E-1	2.535095E+0	4.305725E+0
91.9062	-1.925659E-1	-4.244995E-1	2.532349E+0	4.324646E+0
91.9218	-1.904297E-1	-4.205322E-1	2.528381E+0	4.343567E+0
91.9218	-1.971436E-1	-4.251099E-1	2.524109E+0	4.364624E+0
91.9375	-1.956177E-1	-4.135132E-1	2.521362E+0	4.382019E+0
91.9531	-1.956177E-1	-4.138184E-1	2.517700E+0	4.403381E+0
91.9531	-1.895142E-1	-4.187012E-1	2.513428E+0	4.421997E+0
91.9687	-1.950073E-1	-4.196167E-1	2.511292E+0	4.440613E+0
91.9687	-1.873779E-1	-4.061890E-1	2.507324E+0	4.462585E+0
91.9843	-1.989746E-1	-4.168701E-1	2.503967E+0	4.481201E+0
92.0	-1.855469E-1	-4.101562E-1	2.500916E+0	4.500427E+0
92.0	-2.032471E-1	-4.122925E-1	2.496948E+0	4.521790E+0
92.0156	-1.864624E-1	-4.165649E-1	2.492981E+0	4.539795E+0
92.0312	-1.934814E-1	-4.150391E-1	2.490845E+0	4.559326E+0
92.0312	-1.870728E-1	-4.013062E-1	2.486267E+0	4.580383E+0
92.0468	-1.928711E-1	-4.025269E-1	2.482300E+0	4.600525E+0
92.0468	-1.864624E-1	-4.013062E-1	2.479553E+0	4.617004E+0
92.0625	-1.940918E-1	-4.013062E-1	2.475891E+0	4.638977E+0
92.0781	-1.901245E-1	-4.000854E-1	2.471924E+0	4.658508E+0
92.0781	-1.828003E-1	-4.037476E-1	2.469482E+0	4.677124E+0
92.0937	-1.907349E-1	-3.955078E-1	2.465515E+0	4.698181E+0
92.1093	-1.867676E-1	-3.921509E-1	2.461548E+0	4.716492E+0
92.1093	-1.858521E-1	-3.961182E-1	2.458496E+0	4.736633E+0
92.125	-1.907349E-1	-4.006958E-1	2.455444E+0	4.757385E+0
92.1406	-1.953125E-1	-3.964233E-1	2.451172E+0	4.776001E+0
92.1406	-1.889038E-1	-3.985596E-1	2.448425E+0	4.794006E+0
92.1562	-1.940918E-1	-3.973389E-1	2.443848E+0	4.816589E+0
92.1718	-1.779175E-1	-3.930664E-1	2.440796E+0	4.835510E+0
92.1718	-1.889038E-1	-3.970337E-1	2.438660E+0	4.853210E+0
92.1875	-1.870728E-1	-3.875732E-1	2.434387E+0	4.875183E+0
92.2031	-1.843262E-1	-3.866577E-1	2.430725E+0	4.894104E+0
92.2031	-1.998901E-1	-3.988647E-1	2.428284E+0	4.913635E+0
92.2187	-1.785278E-1	-3.820801E-1	2.425232E+0	4.932861E+0
92.2187	-1.882935E-1	-3.872681E-1	2.420959E+0	4.953003E+0
92.2343	-1.837158E-1	-3.848267E-1	2.417603E+0	4.973755E+0
92.25	-1.824951E-1	-3.851318E-1	2.414246E+0	4.992981E+0
92.25	-1.934814E-1	-3.845215E-1	2.409668E+0	5.012207E+0
92.2656	-1.861572E-1	-3.826904E-1	2.406921E+0	5.029907E+0
92.2812	-1.763916E-1	-3.778076E-1	2.403259E+0	5.052490E+0
92.2812	-1.895142E-1	-3.768921E-1	2.399292E+0	5.071716E+0
92.2968	-1.889038E-1	-3.765869E-1	2.397461E+0	5.088806E+0
92.3125	-1.849365E-1	-3.820801E-1	2.393188E+0	5.111084E+0
92.3125	-1.864624E-1	-3.790283E-1	2.388916E+0	5.130005E+0
92.3281	-1.846313E-1	-3.836060E-1	2.386475E+0	5.148926E+0
92.3281	-1.803589E-1	-3.805542E-1	2.384033E+0	5.169373E+0
92.3437	-1.925659E-1	-3.787231E-1	2.378845E+0	5.187683E+0
92.3593	-1.797485E-1	-3.729248E-1	2.375793E+0	5.208740E+0
92.3593	-1.846313E-1	-3.677368E-1	2.371521E+0	5.228882E+0
92.375	-1.864624E-1	-3.704834E-1	2.368164E+0	5.246887E+0
92.3906	-1.800537E-1	-3.665161E-1	2.365417E+0	5.266113E+0
92.3906	-1.751709E-1	-3.698730E-1	2.360840E+0	5.288086E+0
92.4062	-1.922607E-1	-3.741455E-1	2.358704E+0	5.307617E+0
92.4062	-1.803589E-1	-3.771973E-1	2.355042E+0	5.324097E+0
92.4218	-1.797485E-1	-3.759766E-1	2.351685E+0	5.346069E+0
92.4375	-1.834106E-1	-3.662109E-1	2.347107E+0	5.366211E+0
92.4375	-1.739502E-1	-3.713989E-1	2.344666E+0	5.384521E+0
92.4531	-1.760864E-1	-3.701782E-1	2.341003E+0	5.404663E+0
92.4687	-1.818848E-1	-3.677368E-1	2.337036E+0	5.424805E+0
92.4687	-1.727295E-1	-3.613281E-1	2.334595E+0	5.441895E+0
92.4843	-1.803589E-1	-3.707886E-1	2.330627E+0	5.465088E+0
92.5	-1.751709E-1	-3.555298E-1	2.326965E+0	5.482788E+0
92.5	-1.763916E-1	-3.598022E-1	2.324524E+0	5.501709E+0
92.5156	-1.791382E-1	-3.591919E-1	2.320557E+0	5.523376E+0
92.5312	-1.721191E-1	-3.518677E-1	2.317200E+0	5.541687E+0
92.5312	-1.727295E-1	-3.573608E-1	2.313232E+0	5.561218E+0
92.5468	-1.800537E-1	-3.503418E-1	2.310181E+0	5.582275E+0
92.5625	-1.705933E-1	-3.540039E-1	2.306213E+0	5.600891E+0
92.5625	-1.736450E-1	-3.552246E-1	2.303772E+0	5.619507E+0
92.5781	-1.782227E-1	-3.491211E-1	2.298889E+0	5.641174E+0
92.5937	-1.895142E-1	-3.527832E-1	2.294922E+0	5.660095E+0
92.5937	-1.739502E-1	-3.436279E-1	2.292786E+0	5.677795E+0
92.6093	-1.736450E-1	-3.503418E-1	2.288818E+0	5.698853E+0
92.6093	-1.803589E-1	-3.533936E-1	2.285156E+0	5.718384E+0
92.625	-1.818848E-1	-3.491211E-1	2.282715E+0	5.736084E+0
92.6406	-1.794434E-1	-3.448486E-1	2.278137E+0	5.758362E+0
92.6406	-1.785278E-1	-3.411865E-1	2.275085E+0	5.775757E+0
92.6562	-1.806641E-1	-3.543091E-1	2.271729E+0	5.797119E+0
92.6718	-1.797485E-1	-3.491211E-1	2.268677E+0	5.817261E+0
92.6718	-1.721191E-1	-3.417969E-1	2.263489E+0	5.837097E+0
92.6875	-1.736450E-1	-3.335571E-1	2.261963E+0	5.854492E+0
92.7031	-1.779175E-1	-3.472900E-1	2.256775E+0	5.875854E+0
92.7031	-1.693726E-1	-3.396606E-1	2.253418E+0	5.895081E+0
92.7187	-1.681519E-1	-3.402710E-1	2.250977E+0	5.913696E+0
92.7187	-1.794434E-1	-3.369141E-1	2.247009E+0	5.934448E+0
92.7343	-1.647949E-1	-3.393555E-1	2.243958E+0	5.953674E+0
92.75	-1.617432E-1	-3.265381E-1	2.241211E+0	5.972595E+0
92.75	-1.724243E-1	-3.289795E-1	2.236633E+0	5.993958E+0
92.7656	-1.757812E-1	-3.353882E-1	2.232971E+0	6.012573E+0
92.7812	-1.647949E-1	-3.295898E-1	2.230835E+0	6.030884E+0
92.7812	-1.718140E-1	-3.314209E-1	2.226868E+0	6.052246E+0
92.7968	-1.672363E-1	-3.326416E-1	2.222290E+0	6.072083E+0
92.7968	-1.766968E-1	-3.332520E-1	2.220459E+0	6.089478E+0
92.8125	-1.721191E-1	-3.308105E-1	2.216492E+0	6.111450E+0
92.8281	-1.776123E-1	-3.186035E-1	2.212219E+0	6.130371E+0
92.8281	-1.687622E-1	-3.280640E-1	2.209778E+0	6.148987E+0
92.8437	-1.596069E-1	-3.225708E-1	2.205811E+0	6.169739E+0
92.8593	-1.675415E-1	-3.308105E-1	2.202148E+0	6.188660E+0
92.8593	-1.708984E-1	-3.192139E-1	2.199097E+0	6.207581E+0
92.875	-1.724243E-1	-3.195190E-1	2.194824E+0	6.229858E+0
92.8906	-1.675415E-1	-3.277588E-1	2.191162E+0	6.246948E+0
92.8906	-1.715088E-1	-3.164673E-1	2.189331E+0	6.266174E+0
92.9062	-1.675415E-1	-3.302002E-1	2.184448E+0	6.288147E+0
92.9218	-1.675415E-1	-3.237915E-1	2.180786E+0	6.307068E+0
92.9218	-1.593018E-1	-3.173828E-1	2.178345E+0	6.324158E+0
92.9375	-1.647949E-1	-3.234863E-1	2.173767E+0	6.346130E+0
92.9531	-1.681519E-1	-3.137207E-1	2.170410E+0	6.365356E+0
92.9531	-1.678467E-1	-3.182983E-1	2.168579E+0	6.385193E+0
92.9687	-1.681519E-1	-3.128052E-1	2.164001E+0	6.404724E+0
92.9687	-1.669312E-1	-3.189087E-1	2.160339E+0	6.423645E+0
92.9843	-1.690674E-1	-3.146362E-1	2.157898E+0	6.443176E+0
93.0	-1.742554E-1	-3.149414E-1	2.154236E+0	6.464233E+0
93.0	-1.626587E-1	-3.146362E-1	2.149963E+0	6.482849E+0
93.0156	-1.745605E-1	-3.131104E-1	2.147522E+0	6.500854E+0
93.0312	-1.629639E-1	-3.091431E-1	2.143250E+0	6.522827E+0
93.0312	-1.687622E-1	-3.073120E-1	2.139282E+0	6.542053E+0
93.0468	-1.608276E-1	-3.121948E-1	2.136841E+0	6.559448E+0
93.0625	-1.666260E-1	-3.152466E-1	2.133179E+0	6.581116E+0
93.0625	-1.553345E-1	-3.036499E-1	2.129822E+0	6.599731E+0
93.0781	-1.614380E-1	-3.067017E-1	2.126465E+0	6.618042E+0
93.0937	-1.696777E-1	-3.039551E-1	2.123108E+0	6.639709E+0
93.0937	-1.635742E-1	-3.012085E-1	2.118530E+0	6.658325E+0
93.1093	-1.562500E-1	-3.079224E-1	2.117004E+0	6.677856E+0
93.1093	-1.666260E-1	-3.030396E-1	2.111511E+0	6.698303E+0
93.125	-1.611328E-1	-2.975464E-1	2.108154E+0	6.717834E+0
93.1406	-1.593018E-1	-3.015137E-1	2.106018E+0	6.735535E+0
93.1406	-1.708984E-1	-2.963257E-1	2.101135E+0	6.757812E+0
93.1562	-1.611328E-1	-2.993774E-1	2.099304E+0	6.775818E+0
93.1562	-1.608276E-1	-2.966309E-1	2.095642E+0	6.793213E+0
93.1718	-1.599121E-1	-2.963257E-1	2.091980E+0	6.815796E+0
93.1875	-1.589966E-1	-2.987671E-1	2.087097E+0	6.836243E+0
93.1875	-1.657104E-1	-2.987671E-1	2.084961E+0	6.853027E+0
93.2031	-1.596069E-1	-2.963257E-1	2.080994E+0	6.874390E+0
93.2187	-1.651001E-1	-2.972412E-1	2.076721E+0	6.893616E+0
93.2187	-1.672363E-1	-2.996826E-1	2.074585E+0	6.911926E+0
93.2343	-1.681519E-1	-2.938843E-1	2.070312E+0	6.933594E+0
93.25	-1.583862E-1	-2.874756E-1	2.066345E+0	6.952209E+0
93.25	-1.629639E-1	-2.914429E-1	2.064209E+0	6.970215E+0
93.2656	-1.580811E-1	-2.914429E-1	2.059937E+0	6.991577E+0
93.2812	-1.519775E-1	-2.911377E-1	2.056885E+0	7.010498E+0
93.2812	-1.565552E-1	-2.832031E-1	2.053528E+0	7.029419E+0
93.2968	-1.605225E-1	-2.819824E-1	2.050171E+0	7.051086E+0
93.3125	-1.565552E-1	-2.862549E-1	2.045898E+0	7.069397E+0
93.3125	-1.504517E-1	-2.832031E-1	2.044067E+0	7.088318E+0
93.3281	-1.565552E-1	-2.825928E-1	2.039490E+0	7.109375E+0
93.3437	-1.635742E-1	-2.835083E-1	2.035217E+0	7.128906E+0
93.3437	-1.547241E-1	-2.853394E-1	2.033386E+0	7.146606E+0
93.3593	-1.675415E-1	-2.822876E-1	2.029724E+0	7.167664E+0
93.3593	-1.556396E-1	-2.813721E-1	2.025146E+0	7.187195E+0
93.375	-1.629639E-1	-2.847290E-1	2.023621E+0	7.204590E+0
93.3906	-1.608276E-1	-2.929687E-1	2.018738E+0	7.226868E+0
93.3906	-1.483154E-1	-2.694702E-1	2.015991E+0	7.243652E+0
93.4062	-1.565552E-1	-2.752686E-1	2.012634E+0	7.265320E+0
93.4218	-1.611328E-1	-2.780151E-1	2.008972E+0	7.285461E+0
93.4218	-1.547241E-1	-2.783203E-1	2.004700E+0	7.304993E+0
93.4375	-1.541138E-1	-2.755737E-1	2.002563E+0	7.322388E+0
93.4531	-1.538086E-1	-2.783203E-1	1.997375E+0	7.344360E+0
93.4531	-1.507568E-1	-2.706909E-1	1.994019E+0	7.362671E+0
93.4687	-1.583862E-1	-2.783203E-1	1.990662E+0	7.381287E+0
93.4687	-1.547241E-1	-2.716064E-1	1.987305E+0	7.402649E+0
93.4843	-1.528931E-1	-2.737427E-1	1.983032E+0	7.420654E+0
93.5	-1.605225E-1	-2.722168E-1	1.981201E+0	7.440186E+0
93.5	-1.477051E-1	-2.642822E-1	1.976929E+0	7.462158E+0
93.5156	-1.522827E-1	-2.694702E-1	1.972656E+0	7.479248E+0
93.5312	-1.477051E-1	-2.673340E-1	1.970520E+0	7.498779E+0
93.5312	-1.550293E-1	-2.740479E-1	1.966858E+0	7.519836E+0
93.5468	-1.553345E-1	-2.658081E-1	1.962585E+0	7.539368E+0
93.5468	-1.571655E-1	-2.737427E-1	1.960449E+0	7.556458E+0
93.5625	-1.614380E-1	-2.658081E-1	1.957397E+0	7.578430E+0
93.5781	-1.510620E-1	-2.597046E-1	1.952820E+0	7.597351E+0
93.5781	-1.553345E-1	-2.658081E-1	1.950989E+0	7.615967E+0
93.5937	-1.473999E-1	-2.688599E-1	1.945496E+0	7.636719E+0
93.6093	-1.644897E-1	-2.664185E-1	1.942444E+0	7.655640E+0
93.6093	-1.614380E-1	-2.575684E-1	1.939697E+0	7.675171E+0
93.625	-1.507568E-1	-2.539062E-1	1.935120E+0	7.695007E+0
93.6406	-1.571655E-1	-2.593994E-1	1.931763E+0	7.713928E+0
93.6406	-1.489258E-1	-2.578735E-1	1.929932E+0	7.732544E+0
93.6562	-1.580811E-1	-2.526855E-1	1.925049E+0	7.755127E+0
93.6718	-1.495361E-1	-2.572632E-1	1.921082E+0	7.772827E+0
93.6718	-1.559448E-1	-2.529907E-1	1.918945E+0	7.790833E+0
93.6875	-1.507568E-1	-2.514648E-1	1.915283E+0	7.812500E+0
93.7031	-1.443481E-1	-2.462769E-1	1.910706E+0	7.831421E+0
93.7031	-1.452637E-1	-2.526855E-1	1.897278E+0	7.850342E+0
93.7187	-1.296997E-1	-2.267456E-1	1.770935E+0	7.851562E+0
93.7187	-1.367187E-1	-2.011108E-1	1.657410E+0	7.851257E+0
93.7343	-1.242065E-1	-1.983643E-1	1.592712E+0	7.850647E+0
93.75	-1.220703E-1	-1.821899E-1	1.484985E+0	7.850647E+0
93.75	-1.119995E-1	-1.589966E-1	1.353455E+0	7.849731E+0
93.7656	-1.165771E-1	-1.593018E-1	1.292114E+0	7.850037E+0
93.7812	-1.062012E-1	-1.309204E-1	1.166992E+0	7.850342E+0
93.7812	-1.074219E-1	-1.272583E-1	1.053162E+0	7.849426E+0
93.7968	-1.058960E-1	-1.196289E-1	9.927368E-1	7.849426E+0
93.8125	-9.490967E-2	-9.460449E-2	8.697510E-1	7.849731E+0
93.8125	-9.155273E-2	-7.965088E-2	7.687378E-1	7.849426E+0
93.8281	-8.789062E-2	-7.446289E-2	6.930542E-1	7.850037E+0
93.8437	-9.521484E-2	-5.676270E-2	5.722046E-1	7.850037E+0
93.8437	-7.751465E-2	-4.516602E-2	4.586792E-1	7.850342E+0
93.8593	-8.148193E-2	-3.631592E-2	3.970337E-1	7.849731E+0
93.8593	-7.812500E-2	-2.410889E-2	2.832031E-1	7.850037E+0
93.875	-6.042480E-2	-1.037598E-2	1.794434E-1	7.849426E+0
93.8906	-6.530762E-2	-5.798340E-3	1.095581E-1	7.849731E+0
93.8906	-5.859375E-2	7.629395E-3	1.525879E-2	7.849731E+0
93.9062	-6.011963E-2	9.155273E-4	2.441406E-3	7.755432E+0
93.9062	-7.171631E-2	3.051758E-3	6.103516E-4	7.667542E+0
93.9218	-6.774902E-2	-1.831055E-3	1.831055E-3	7.555847E+0
93.9375	-7.263184E-2	-8.239746E-3	3.051758E-3	7.453918E+0
93.9375	-5.981445E-2	5.187988E-3	3.662109E-3	7.357788E+0
93.9531	-6.134033E-2	-1.220703E-2	4.882812E-3	7.253723E+0
93.9687	-6.591797E-2	-3.967285E-3	5.187988E-3	7.153015E+0
93.9687	-7.110596E-2	-4.577637E-3	5.493164E-3	7.059937E+0
93.9843	-7.324219E-2	-1.098633E-2	5.798340E-3	6.949768E+0
94.0	-7.049561E-2	-7.934570E-3	5.187988E-3	6.852112E+0
94.0	-6.164551E-2	-6.408691E-3	6.408691E-3	6.757507E+0
94.0156	-5.767822E-2	-6.408691E-3	6.408691E-3	6.648560E+0
94.0312	-6.286621E-2	-1.251221E-2	6.103516E-3	6.551208E+0
94.0312	-5.737305E-2	-1.342773E-2	5.493164E-3	6.452637E+0
94.0468	-5.950928E-2	-1.373291E-2	5.798340E-3	6.347351E+0
94.0625	-5.920410E-2	-1.281738E-2	6.408691E-3	6.249695E+0
94.0625	-6.683350E-2	-1.586914E-2	5.798340E-3	6.151733E+0
94.0781	-6.652832E-2	-2.075195E-2	6.103516E-3	6.046143E+0
94.0937	-6.317139E-2	-1.708984E-2	6.408691E-3	5.947266E+0
94.0937	-6.408691E-2	-1.953125E-2	6.408691E-3	5.852356E+0
94.1093	-6.622314E-2	-1.586914E-2	6.408691E-3	5.744934E+0
94.1093	-6.317139E-2	-1.251221E-2	7.019043E-3	5.646057E+0
94.125	-6.683350E-2	-1.586914E-2	6.103516E-3	5.551453E+0
94.1406	-6.713867E-2	-2.502441E-2	6.408691E-3	5.443420E+0
94.1406	-5.889893E-2	-2.105713E-2	6.713867E-3	5.347595E+0
94.1562	-6.164551E-2	-2.227783E-2	6.713867E-3	5.242310E+0
94.1718	-5.889893E-2	-2.075195E-2	7.324219E-3	5.142822E+0
94.1718	-6.103516E-2	-2.655029E-2	6.713867E-3	5.040588E+0
94.1875	-6.652832E-2	-1.861572E-2	6.408691E-3	4.946594E+0
94.2031	-6.744385E-2	-2.868652E-2	7.019043E-3	4.840393E+0
94.2031	-6.683350E-2	-2.960205E-2	6.408691E-3	4.740906E+0
94.2187	-6.134033E-2	-2.532959E-2	6.103516E-3	4.645691E+0
94.2187	-5.218506E-2	-2.441406E-2	6.713867E-3	4.537354E+0
94.2343	-6.622314E-2	-2.319336E-2	7.019043E-3	4.438782E+0
94.25	-6.469727E-2	-3.051758E-2	6.103516E-3	4.339600E+0
94.25	-6.805420E-2	-3.601074E-2	7.324219E-3	4.235229E+0
94.2656	-6.103516E-2	-2.380371E-2	6.408691E-3	4.136047E+0
94.2812	-5.859375E-2	-2.746582E-2	6.713867E-3	4.037170E+0
94.2812	-6.958008E-2	-3.143311E-2	7.019043E-3	3.933105E+0
94.2968	-6.286621E-2	-3.173828E-2	7.324219E-3	3.833008E+0
94.2968	-6.591797E-2	-3.326416E-2	6.408691E-3	3.738708E+0
94.3125	-6.195068E-2	-3.204346E-2	7.019043E-3	3.630371E+0
94.3281	-7.202148E-2	-3.387451E-2	7.019043E-3	3.531189E+0
94.3281	-5.554199E-2	-3.875732E-2	6.408691E-3	3.433838E+0
94.3437	-6.622314E-2	-3.326416E-2	6.408691E-3	3.327942E+0
94.3593	-5.950928E-2	-3.814697E-2	7.019043E-3	3.228455E+0
94.3593	-6.378174E-2	-3.417969E-2	5.798340E-3	3.127747E+0
94.375	-5.798340E-2	-3.784180E-2	7.629395E-3	3.024597E+0
94.3906	-6.256104E-2	-3.570557E-2	7.019043E-3	2.924805E+0
94.3906	-6.195068E-2	-4.425049E-2	6.408691E-3	2.829285E+0
94.4062	-5.096436E-2	-3.875732E-2	7.324219E-3	2.721863E+0
94.4218	-6.622314E-2	-3.967285E-2	6.713867E-3	2.622986E+0
94.4218	-6.683350E-2	-3.906250E-2	6.408691E-3	2.526245E+0
94.4375	-6.317139E-2	-4.180908E-2	6.408691E-3	2.418823E+0
94.4531	-5.981445E-2	-2.960205E-2	5.798340E-3	2.319946E+0
94.4531	-6.378174E-2	-3.479004E-2	6.103516E-3	2.220764E+0
94.4687	-6.317139E-2	-3.967285E-2	6.408691E-3	2.117004E+0
94.4687	-5.493164E-2	-3.723145E-2	5.798340E-3	2.017822E+0
94.4843	-5.432129E-2	-3.997803E-2	7.019043E-3	1.914673E+0
94.5	-6.134033E-2	-3.631592E-2	7.324219E-3	1.814270E+0
94.5	-6.011963E-2	-3.509521E-2	6.713867E-3	1.713257E+0
94.5156	-6.408691E-2	-4.364014E-2	6.103516E-3	1.618652E+0
94.5312	-6.042480E-2	-4.821777E-2	7.019043E-3	1.510315E+0
94.5312	-5.981445E-2	-3.417969E-2	6.408691E-3	1.411133E+0
94.5468	-5.096436E-2	-3.906250E-2	6.408691E-3	1.315308E+0
94.5625	-5.523682E-2	-4.119873E-2	6.713867E-3	1.207886E+0
94.5625	-5.462646E-2	-3.784180E-2	6.713867E-3	1.109314E+0
94.5781	-5.432129E-2	-4.882812E-2	6.408691E-3	1.007080E+0
94.5781	-5.249023E-2	-4.577637E-2	7.324219E-3	9.057617E-1
94.5937	-5.126953E-2	-3.936768E-2	7.324219E-3	8.050537E-1
94.6093	-6.347656E-2	-3.936768E-2	6.408691E-3	7.067871E-1
94.6093	-6.072998E-2	-3.906250E-2	6.713867E-3	6.021118E-1
94.625	-5.249023E-2	-4.150391E-2	7.019043E-3	5.023193E-1
94.6406	-5.615234E-2	-4.455566E-2	7.629395E-3	4.055786E-1
94.6406	-5.218506E-2	-4.394531E-2	7.629395E-3	2.987671E-1
94.6562	-5.096436E-2	-4.699707E-2	7.324219E-3	1.998901E-1
94.6562	-5.981445E-2	-3.784180E-2	7.629395E-3	1.065063E-1
94.6718	-4.730225E-2	-3.906250E-2	7.324219E-3	-3.356934E-3
94.6875	-5.737305E-2	-3.784180E-2	7.629395E-3	0.000000E+0
94.6875	-5.249023E-2	-3.753662E-2	7.629395E-3	2.136230E-3
94.7031	-5.371094E-2	-4.791260E-2	7.934570E-3	3.356934E-3
94.7187	-5.371094E-2	-3.784180E-2	7.934570E-3	3.662109E-3
94.7187	-5.615234E-2	-3.967285E-2	8.239746E-3	3.967285E-3
94.7343	-5.493164E-2	-4.486084E-2	7.934570E-3	3.967285E-3
94.75	-5.615234E-2	-3.631592E-2	7.934570E-3	4.577637E-3
94.75	-5.279541E-2	-4.425049E-2	7.629395E-3	4.577637E-3
94.7656	-5.950928E-2	-4.608154E-2	8.544922E-3	4.577637E-3
94.7812	-4.943848E-2	-4.394531E-2	8.239746E-3	4.882812E-3
94.7812	-4.638672E-2	-4.425049E-2	7.629395E-3	4.882812E-3
94.7968	-5.096436E-2	-3.967285E-2	7.934570E-3	4.882812E-3
94.8125	-5.615234E-2	-4.486084E-2	7.934570E-3	4.882812E-3
94.8125	-5.310059E-2	-4.089355E-2	8.850098E-3	5.187988E-3
94.8281	-5.187988E-2	-4.302979E-2	8.239746E-3	4.882812E-3
94.8437	-5.889893E-2	-4.943848E-2	7.934570E-3	4.577637E-3
94.8437	-5.279541E-2	-3.997803E-2	7.934570E-3	4.882812E-3
94.8593	-4.852295E-2	-4.364014E-2	7.934570E-3	5.187988E-3
94.8593	-5.706787E-2	-3.814697E-2	7.934570E-3	5.187988E-3
94.875	-5.615234E-2	-3.936768E-2	8.239746E-3	4.882812E-3
94.8906	-5.126953E-2	-3.723145E-2	7.629395E-3	4.577637E-3
94.8906	-5.340576E-2	-4.119873E-2	8.239746E-3	5.187988E-3
94.9062	-6.591797E-2	-4.486084E-2	7.629395E-3	4.577637E-3
94.9218	-4.852295E-2	-3.723145E-2	7.934570E-3	4.882812E-3
94.9218	-6.713867E-2	-4.119873E-2	7.934570E-3	5.187988E-3
94.9375	-5.981445E-2	-4.028320E-2	8.544922E-3	5.187988E-3
94.9531	-6.561279E-2	-4.302979E-2	8.544922E-3	4.882812E-3
94.9531	-5.157471E-2	-4.364014E-2	8.239746E-3	4.882812E-3
94.9687	-5.218506E-2	-4.638672E-2	7.629395E-3	4.882812E-3
94.9687	-5.187988E-2	-4.364014E-2	8.239746E-3	4.882812E-3
94.9843	-4.821777E-2	-3.967285E-2	7.934570E-3	5.493164E-3
95.0	-4.699707E-2	-3.662109E-2	7.934570E-3	4.882812E-3
95.0	-5.279541E-2	-4.547119E-2	8.544922E-3	5.187988E-3
95.0156	-5.218506E-2	-4.089355E-2	8.850098E-3	5.493164E-3
95.0312	-5.615234E-2	-3.845215E-2	7.629395E-3	4.882812E-3
95.0312	-5.462646E-2	-4.516602E-2	7.934570E-3	6.103516E-3
95.0468	-5.340576E-2	-4.608154E-2	7.934570E-3	4.882812E-3
95.0468	-4.852295E-2	-4.425049E-2	8.239746E-3	5.493164E-3
95.0625	-4.333496E-2	-4.241943E-2	8.239746E-3	4.882812E-3
95.0781	-4.943848E-2	-3.997803E-2	7.324219E-3	5.187988E-3
95.0781	-5.798340E-2	-4.760742E-2	8.239746E-3	4.577637E-3
95.0937	-5.065918E-2	-4.119873E-2	8.239746E-3	5.187988E-3
95.1093	-5.798340E-2	-4.852295E-2	7.629395E-3	5.187988E-3
95.1093	-5.218506E-2	-3.967285E-2	8.239746E-3	5.493164E-3
95.125	-5.493164E-2	-4.150391E-2	7.629395E-3	5.493164E-3
95.1406	-4.577637E-2	-5.035400E-2	7.324219E-3	4.577637E-3
95.1406	-4.791260E-2	-3.814697E-2	7.934570E-3	5.187988E-3
95.1562	-4.730225E-2	-4.150391E-2	8.544922E-3	4.882812E-3
95.1718	-5.523682E-2	-3.936768E-2	7.629395E-3	5.187988E-3
95.1718	-5.432129E-2	-3.112793E-2	7.629395E-3	5.493164E-3
95.1875	-5.340576E-2	-4.821777E-2	7.324219E-3	4.577637E-3
95.2031	-5.859375E-2	-4.547119E-2	8.239746E-3	5.798340E-3
95.2031	-5.249023E-2	-4.821777E-2	8.239746E-3	4.882812E-3
95.2187	-4.425049E-2	-3.723145E-2	7.629395E-3	5.493164E-3
95.2187	-5.737305E-2	-3.570557E-2	7.934570E-3	5.187988E-3
95.2343	-6.164551E-2	-3.662109E-2	8.239746E-3	5.493164E-3
95.25	-5.554199E-2	-4.150391E-2	8.239746E-3	4.882812E-3
95.25	-4.943848E-2	-4.089355E-2	8.239746E-3	5.187988E-3
95.2656	-5.004883E-2	-3.479004E-2	7.934570E-3	5.493164E-3
95.2812	-6.103516E-2	-4.058838E-2	8.239746E-3	5.493164E-3
95.2812	-5.981445E-2	-3.784180E-2	8.239746E-3	5.493164E-3
95.2968	-5.645752E-2	-3.753662E-2	7.629395E-3	4.882812E-3
95.3125	-5.187988E-2	-4.852295E-2	7.629395E-3	5.187988E-3
95.3125	-5.126953E-2	-3.692627E-2	8.239746E-3	5.187988E-3
95.3281	-5.218506E-2	-4.272461E-2	7.629395E-3	5.493164E-3
95.3281	-4.943848E-2	-4.577637E-2	7.934570E-3	5.187988E-3
95.3437	-5.523682E-2	-4.943848E-2	7.934570E-3	5.493164E-3
95.3593	-4.821777E-2	-3.356934E-2	7.629395E-3	5.187988E-3
95.3593	-5.950928E-2	-3.875732E-2	7.629395E-3	5.187988E-3
95.375	-4.730225E-2	-3.753662E-2	8.239746E-3	5.187988E-3
95.3906	-5.981445E-2	-4.272461E-2	7.934570E-3	5.187988E-3
95.3906	-5.279541E-2	-3.387451E-2	8.544922E-3	5.187988E-3
95.4062	-5.157471E-2	-4.119873E-2	8.239746E-3	5.187988E-3
95.4062	-5.126953E-2	-3.936768E-2	8.544922E-3	5.493164E-3
95.4218	-4.547119E-2	-4.394531E-2	7.629395E-3	6.103516E-3
95.4375	-5.889893E-2	-4.302979E-2	8.239746E-3	4.882812E-3
95.4375	-5.706787E-2	-4.852295E-2	7.934570E-3	5.187988E-3
95.4531	-5.523682E-2	-4.669189E-2	8.239746E-3	5.187988E-3
95.4687	-5.706787E-2	-4.882812E-2	7.934570E-3	5.493164E-3
95.4687	-5.432129E-2	-4.394531E-2	8.239746E-3	4.882812E-3
95.4843	-5.096436E-2	-4.180908E-2	7.934570E-3	5.187988E-3
95.5	-5.645752E-2	-4.119873E-2	7.629395E-3	5.493164E-3
95.5	-5.187988E-2	-4.699707E-2	8.544922E-3	5.493164E-3
95.5156	-5.126953E-2	-4.516602E-2	8.239746E-3	5.493164E-3
95.5312	-6.072998E-2	-4.089355E-2	7.629395E-3	5.187988E-3
95.5312	-4.608154E-2	-4.394531E-2	7.629395E-3	4.882812E-3
95.5468	-4.852295E-2	-3.662109E-2	8.239746E-3	5.187988E-3
95.5625	-5.401611E-2	-3.295898E-2	7.934570E-3	4.882812E-3
95.5625	-4.913330E-2	-4.425049E-2	7.934570E-3	5.493164E-3
95.5781	-4.974365E-2	-4.272461E-2	8.544922E-3	5.798340E-3
95.5937	-5.645752E-2	-4.364014E-2	8.239746E-3	5.187988E-3
95.5937	-4.699707E-2	-4.119873E-2	8.544922E-3	5.493164E-3
95.6093	-5.035400E-2	-4.425049E-2	8.239746E-3	5.493164E-3
95.6093	-5.371094E-2	-4.058838E-2	7.934570E-3	4.882812E-3
95.625	-5.615234E-2	-3.356934E-2	7.934570E-3	5.187988E-3
95.6406	-4.791260E-2	-4.608154E-2	8.544922E-3	5.187988E-3
95.6406	-5.279541E-2	-3.723145E-2	7.934570E-3	5.187988E-3
95.6562	-5.920410E-2	-3.845215E-2	8.239746E-3	5.187988E-3
95.6718	-4.669189E-2	-4.730225E-2	8.239746E-3	5.493164E-3
95.6718	-5.889893E-2	-4.486084E-2	7.934570E-3	5.187988E-3
95.6875	-5.462646E-2	-3.936768E-2	7.934570E-3	4.882812E-3
95.7031	-5.706787E-2	-4.791260E-2	8.544922E-3	5.493164E-3
95.7031	-5.615234E-2	-4.333496E-2	7.934570E-3	5.187988E-3
95.7187	-5.523682E-2	-4.608154E-2	8.239746E-3	5.798340E-3
95.7187	-6.622314E-2	-4.516602E-2	7.934570E-3	5.493164E-3
95.7343	-4.943848E-2	-3.479004E-2	7.934570E-3	4.882812E-3
95.75	-5.432129E-2	-4.882812E-2	7.934570E-3	5.493164E-3
95.75	-5.767822E-2	-4.028320E-2	8.239746E-3	5.798340E-3
95.7656	-4.943848E-2	-4.150391E-2	7.629395E-3	4.882812E-3
