December 11, 2009 11:55
529b02
H:\029-20091211-sws14-ls\traj\LS_p36_d80_vp20_vd20.traj
lateral amplification = 100
normal amp = 100
pitch angle = -3
roll angle = 70
cantilever = 529b02
sample = sws14


<data>
time	voltageForceLateral	voltageForceNormal	voltagePositionX	voltagePositionY
122.75	-2.047729E-1	-4.391479E-1	1.007080E-2	7.019043E-3
122.7656	-2.050781E-1	-4.324341E-1	9.460449E-3	6.713867E-3
122.7812	-2.084351E-1	-4.333496E-1	1.007080E-2	7.019043E-3
122.7812	-2.032471E-1	-4.327393E-1	9.155273E-3	7.019043E-3
122.7969	-2.072144E-1	-4.327393E-1	9.155273E-3	6.408691E-3
122.8125	-2.069092E-1	-4.336548E-1	9.765625E-3	6.713867E-3
122.8125	-2.114868E-1	-4.339600E-1	9.460449E-3	7.019043E-3
122.8281	-2.127075E-1	-4.299927E-1	9.155273E-3	6.713867E-3
122.8281	-2.108765E-1	-4.400635E-1	9.155273E-3	7.019043E-3
122.8437	-2.139282E-1	-4.321289E-1	1.007080E-2	7.019043E-3
122.8594	-2.124023E-1	-4.376221E-1	9.460449E-3	7.324219E-3
122.8594	-2.044678E-1	-4.348755E-1	9.460449E-3	7.019043E-3
122.875	-2.124023E-1	-4.299927E-1	9.460449E-3	7.019043E-3
122.8906	-2.099609E-1	-4.290771E-1	9.765625E-3	7.324219E-3
122.8906	-2.117920E-1	-4.336548E-1	1.007080E-2	7.019043E-3
122.9062	-2.130127E-1	-4.327393E-1	9.765625E-3	6.713867E-3
122.9219	-2.114868E-1	-4.348755E-1	9.765625E-3	6.408691E-3
122.9219	-2.053833E-1	-4.318237E-1	9.765625E-3	6.408691E-3
122.9375	-2.081299E-1	-4.345703E-1	9.765625E-3	6.713867E-3
122.9375	-2.050781E-1	-4.360962E-1	9.460449E-3	6.713867E-3
122.9531	-2.087402E-1	-4.302979E-1	1.007080E-2	7.019043E-3
122.9687	-2.090454E-1	-4.348755E-1	9.765625E-3	7.324219E-3
122.9687	-2.072144E-1	-4.364014E-1	9.765625E-3	7.019043E-3
122.9844	-2.099609E-1	-4.333496E-1	9.155273E-3	6.408691E-3
123.0	-2.087402E-1	-4.385376E-1	9.460449E-3	7.019043E-3
123.0	-2.096558E-1	-4.351807E-1	9.765625E-3	6.713867E-3
123.0156	-2.133179E-1	-4.364014E-1	1.007080E-2	7.324219E-3
123.0312	-2.163696E-1	-4.370117E-1	9.155273E-3	7.324219E-3
123.0312	-2.133179E-1	-4.330444E-1	1.007080E-2	7.324219E-3
123.0469	-2.084351E-1	-4.364014E-1	9.460449E-3	6.713867E-3
123.0625	-2.084351E-1	-4.324341E-1	9.460449E-3	7.324219E-3
123.0625	-2.120972E-1	-4.309082E-1	1.037598E-2	6.713867E-3
123.0781	-2.120972E-1	-4.403687E-1	9.460449E-3	6.408691E-3
123.0781	-2.133179E-1	-4.309082E-1	8.850098E-3	7.019043E-3
123.0937	-2.066040E-1	-4.364014E-1	1.007080E-2	7.019043E-3
123.1094	-2.035522E-1	-4.345703E-1	9.765625E-3	6.713867E-3
123.1094	-2.136230E-1	-4.299927E-1	9.155273E-3	6.713867E-3
123.125	-2.099609E-1	-4.354858E-1	9.155273E-3	6.713867E-3
123.1406	-2.111816E-1	-4.345703E-1	9.460449E-3	7.019043E-3
123.1406	-2.145386E-1	-4.312134E-1	9.460449E-3	7.324219E-3
123.1562	-2.090454E-1	-4.354858E-1	9.765625E-3	7.019043E-3
123.1719	-2.108765E-1	-4.364014E-1	9.765625E-3	7.324219E-3
123.1719	-2.044678E-1	-4.364014E-1	9.460449E-3	7.629395E-3
123.1875	-2.056885E-1	-4.306030E-1	1.007080E-2	6.408691E-3
123.1875	-2.133179E-1	-4.391479E-1	9.765625E-3	6.713867E-3
123.2031	-2.111816E-1	-4.293823E-1	1.007080E-2	6.713867E-3
123.2187	-2.062988E-1	-4.345703E-1	1.007080E-2	6.713867E-3
123.2187	-2.090454E-1	-4.330444E-1	9.765625E-3	6.713867E-3
123.2344	-2.099609E-1	-4.342651E-1	9.765625E-3	6.713867E-3
123.25	-2.117920E-1	-4.379272E-1	8.850098E-3	6.103516E-3
123.25	-2.136230E-1	-4.336548E-1	9.765625E-3	7.019043E-3
123.2656	-2.102661E-1	-4.333496E-1	1.007080E-2	7.019043E-3
123.2656	-2.096558E-1	-4.309082E-1	9.765625E-3	6.713867E-3
123.2812	-2.124023E-1	-4.336548E-1	9.460449E-3	7.324219E-3
123.2969	-2.093506E-1	-4.339600E-1	9.460449E-3	6.713867E-3
123.2969	-2.084351E-1	-4.299927E-1	1.007080E-2	7.019043E-3
123.3125	-2.081299E-1	-4.376221E-1	9.460449E-3	7.019043E-3
123.3281	-2.111816E-1	-4.351807E-1	9.460449E-3	7.019043E-3
123.3281	-2.096558E-1	-4.333496E-1	9.765625E-3	7.019043E-3
123.3437	-2.081299E-1	-4.330444E-1	1.007080E-2	7.019043E-3
123.3594	-2.108765E-1	-4.345703E-1	9.460449E-3	7.019043E-3
123.3594	-2.066040E-1	-4.370117E-1	9.460449E-3	7.324219E-3
123.375	-2.090454E-1	-4.348755E-1	9.155273E-3	7.324219E-3
123.3906	-2.090454E-1	-4.302979E-1	9.765625E-3	7.019043E-3
123.3906	-2.114868E-1	-4.354858E-1	9.765625E-3	7.019043E-3
123.4062	-2.087402E-1	-4.339600E-1	1.007080E-2	6.408691E-3
123.4219	-2.139282E-1	-4.336548E-1	1.007080E-2	7.019043E-3
123.4219	-2.127075E-1	-4.327393E-1	9.460449E-3	6.713867E-3
123.4375	-2.093506E-1	-4.348755E-1	9.155273E-3	6.408691E-3
123.4375	-2.133179E-1	-4.339600E-1	9.765625E-3	6.713867E-3
123.4531	-2.127075E-1	-4.324341E-1	1.007080E-2	7.019043E-3
123.4687	-2.108765E-1	-4.315186E-1	1.007080E-2	6.713867E-3
123.4687	-2.102661E-1	-4.351807E-1	9.460449E-3	7.019043E-3
123.4844	-2.038574E-1	-4.367065E-1	9.155273E-3	6.408691E-3
123.5	-2.093506E-1	-4.391479E-1	9.765625E-3	6.713867E-3
123.5	-2.090454E-1	-4.302979E-1	9.460449E-3	7.019043E-3
123.5156	-2.127075E-1	-4.315186E-1	9.765625E-3	6.408691E-3
123.5156	-2.062988E-1	-4.360962E-1	9.155273E-3	6.408691E-3
123.5312	-2.090454E-1	-4.367065E-1	9.765625E-3	7.019043E-3
123.5469	-2.069092E-1	-4.342651E-1	1.007080E-2	7.019043E-3
123.5469	-2.081299E-1	-4.388428E-1	9.155273E-3	7.019043E-3
123.5625	-2.120972E-1	-4.348755E-1	1.007080E-2	7.019043E-3
123.5781	-2.087402E-1	-4.351807E-1	1.007080E-2	6.713867E-3
123.5781	-2.133179E-1	-4.306030E-1	9.765625E-3	6.713867E-3
123.5937	-2.130127E-1	-4.357910E-1	1.007080E-2	6.713867E-3
123.6094	-2.148437E-1	-4.373169E-1	9.460449E-3	7.019043E-3
123.6094	-2.081299E-1	-4.345703E-1	9.460449E-3	7.019043E-3
123.625	-2.108765E-1	-4.354858E-1	1.007080E-2	6.713867E-3
123.6406	-2.096558E-1	-4.345703E-1	1.525879E-2	6.713867E-3
123.6406	-2.130127E-1	-4.351807E-1	3.326416E-2	6.408691E-3
123.6562	-2.120972E-1	-4.376221E-1	5.035400E-2	7.019043E-3
123.6719	-2.105713E-1	-4.357910E-1	7.720947E-2	6.713867E-3
123.6719	-2.117920E-1	-4.397583E-1	9.765625E-2	7.019043E-3
123.6875	-2.178955E-1	-4.351807E-1	1.113892E-1	6.713867E-3
123.6875	-2.169800E-1	-4.379272E-1	1.351929E-1	6.408691E-3
123.7031	-2.114868E-1	-4.434204E-1	1.495361E-1	7.324219E-3
123.7187	-2.084351E-1	-4.382324E-1	1.681519E-1	7.019043E-3
123.7187	-2.130127E-1	-4.486084E-1	1.910400E-1	7.324219E-3
123.7344	-2.151489E-1	-4.437256E-1	2.182007E-1	6.408691E-3
123.75	-2.105713E-1	-4.458618E-1	2.310181E-1	7.019043E-3
123.75	-2.124023E-1	-4.510498E-1	2.514648E-1	6.713867E-3
123.7656	-2.130127E-1	-4.498291E-1	2.777100E-1	6.713867E-3
123.7656	-2.169800E-1	-4.489136E-1	2.911377E-1	7.019043E-3
123.7812	-2.197266E-1	-4.537964E-1	3.149414E-1	7.019043E-3
123.7969	-2.154541E-1	-4.562378E-1	3.378296E-1	6.713867E-3
123.7969	-2.178955E-1	-4.550171E-1	3.500366E-1	7.019043E-3
123.8125	-2.209473E-1	-4.531860E-1	3.738403E-1	7.019043E-3
123.8281	-2.145386E-1	-4.541016E-1	3.936768E-1	6.713867E-3
123.8281	-2.188110E-1	-4.592896E-1	4.101562E-1	6.103516E-3
123.8437	-2.206421E-1	-4.577637E-1	4.327393E-1	7.019043E-3
123.8594	-2.221680E-1	-4.644775E-1	4.565430E-1	6.408691E-3
123.8594	-2.169800E-1	-4.632568E-1	4.699707E-1	7.019043E-3
123.875	-2.169800E-1	-4.623413E-1	4.946899E-1	7.324219E-3
123.8906	-2.233887E-1	-4.623413E-1	5.151367E-1	7.019043E-3
123.8906	-2.160645E-1	-4.675293E-1	5.337524E-1	7.019043E-3
123.9062	-2.236938E-1	-4.681396E-1	5.499268E-1	7.019043E-3
123.9219	-2.206421E-1	-4.656982E-1	5.740356E-1	7.629395E-3
123.9219	-2.249146E-1	-4.724121E-1	5.960083E-1	6.713867E-3
123.9375	-2.267456E-1	-4.733276E-1	6.094360E-1	7.019043E-3
123.9375	-2.249146E-1	-4.708862E-1	6.326294E-1	6.408691E-3
123.9531	-2.233887E-1	-4.766846E-1	6.478882E-1	7.019043E-3
123.9687	-2.206421E-1	-4.718018E-1	6.677246E-1	7.324219E-3
123.9687	-2.221680E-1	-4.769897E-1	6.900024E-1	7.324219E-3
123.9844	-2.252197E-1	-4.797363E-1	7.156372E-1	6.103516E-3
124.0	-2.227783E-1	-4.788208E-1	7.284546E-1	7.019043E-3
124.0	-2.246094E-1	-4.846191E-1	7.513428E-1	6.713867E-3
124.0156	-2.252197E-1	-4.858398E-1	7.760620E-1	6.713867E-3
124.0156	-2.288818E-1	-4.882812E-1	7.888794E-1	7.324219E-3
124.0312	-2.331543E-1	-4.852295E-1	8.132935E-1	6.713867E-3
124.0469	-2.282715E-1	-4.885864E-1	8.361816E-1	7.019043E-3
124.0469	-2.264404E-1	-4.898071E-1	8.486938E-1	7.019043E-3
124.0625	-2.346802E-1	-4.879761E-1	8.721924E-1	6.713867E-3
124.0781	-2.307129E-1	-4.931641E-1	8.926392E-1	7.019043E-3
124.0781	-2.325439E-1	-4.974365E-1	9.078979E-1	6.713867E-3
124.0937	-2.279663E-1	-4.986572E-1	9.304810E-1	7.324219E-3
124.1094	-2.319336E-1	-4.940796E-1	9.555054E-1	7.019043E-3
124.1094	-2.346802E-1	-4.940796E-1	9.680176E-1	7.629395E-3
124.125	-2.374268E-1	-4.986572E-1	9.927368E-1	7.324219E-3
124.1406	-2.322388E-1	-5.007935E-1	1.012878E+0	6.713867E-3
124.1406	-2.313232E-1	-4.989624E-1	1.030579E+0	7.629395E-3
124.1562	-2.386475E-1	-5.029297E-1	1.047363E+0	7.019043E-3
124.1719	-2.365112E-1	-5.062866E-1	1.072083E+0	7.019043E-3
124.1719	-2.377319E-1	-5.062866E-1	1.094971E+0	7.324219E-3
124.1875	-2.371216E-1	-5.108643E-1	1.106873E+0	6.713867E-3
124.1875	-2.359009E-1	-5.065918E-1	1.131287E+0	7.629395E-3
124.2031	-2.368164E-1	-5.126953E-1	1.152344E+0	6.713867E-3
124.2187	-2.383423E-1	-5.157471E-1	1.171875E+0	7.019043E-3
124.2187	-2.395630E-1	-5.130005E-1	1.187439E+0	7.324219E-3
124.2344	-2.404785E-1	-5.139160E-1	1.210632E+0	6.713867E-3
124.25	-2.444458E-1	-5.206299E-1	1.230469E+0	7.019043E-3
124.25	-2.438354E-1	-5.191040E-1	1.246948E+0	7.019043E-3
124.2656	-2.441406E-1	-5.178833E-1	1.269226E+0	6.713867E-3
124.2812	-2.413940E-1	-5.221558E-1	1.293945E+0	7.019043E-3
124.2812	-2.447510E-1	-5.261230E-1	1.306458E+0	7.324219E-3
124.2969	-2.459717E-1	-5.258179E-1	1.329346E+0	7.019043E-3
124.3125	-2.456665E-1	-5.252075E-1	1.353455E+0	7.629395E-3
124.3125	-2.459717E-1	-5.316162E-1	1.366272E+0	7.324219E-3
124.3281	-2.447510E-1	-5.322266E-1	1.390991E+0	6.713867E-3
124.3281	-2.471924E-1	-5.349731E-1	1.413574E+0	7.629395E-3
124.3437	-2.441406E-1	-5.380249E-1	1.426086E+0	6.713867E-3
124.3594	-2.471924E-1	-5.361938E-1	1.450500E+0	7.019043E-3
124.3594	-2.526855E-1	-5.441284E-1	1.470947E+0	6.713867E-3
124.375	-2.511597E-1	-5.377197E-1	1.485901E+0	7.019043E-3
124.3906	-2.496338E-1	-5.392456E-1	1.506958E+0	6.713867E-3
124.3906	-2.551270E-1	-5.471802E-1	1.529846E+0	7.324219E-3
124.4062	-2.520752E-1	-5.447388E-1	1.546021E+0	7.019043E-3
124.4219	-2.523804E-1	-5.474854E-1	1.568909E+0	7.324219E-3
124.4219	-2.532959E-1	-5.505371E-1	1.592102E+0	7.629395E-3
124.4375	-2.523804E-1	-5.514526E-1	1.605835E+0	6.713867E-3
124.4375	-2.508545E-1	-5.554199E-1	1.629028E+0	7.019043E-3
124.4531	-2.539062E-1	-5.529785E-1	1.650085E+0	7.324219E-3
124.4687	-2.551270E-1	-5.541992E-1	1.669006E+0	6.713867E-3
124.4687	-2.523804E-1	-5.596924E-1	1.685181E+0	6.713867E-3
124.4844	-2.587891E-1	-5.636597E-1	1.708984E+0	7.019043E-3
124.5	-2.563477E-1	-5.651855E-1	1.728821E+0	7.019043E-3
124.5	-2.578735E-1	-5.682373E-1	1.744690E+0	7.629395E-3
124.5156	-2.615356E-1	-5.694580E-1	1.766663E+0	6.713867E-3
124.5312	-2.612305E-1	-5.703735E-1	1.792297E+0	7.019043E-3
124.5312	-2.612305E-1	-5.728149E-1	1.804504E+0	6.713867E-3
124.5469	-2.603149E-1	-5.737305E-1	1.826172E+0	6.713867E-3
124.5625	-2.651978E-1	-5.722046E-1	1.850586E+0	7.019043E-3
124.5625	-2.651978E-1	-5.746460E-1	1.864014E+0	7.019043E-3
124.5781	-2.639771E-1	-5.807495E-1	1.888428E+0	7.019043E-3
124.5781	-2.679443E-1	-5.828857E-1	1.911316E+0	7.019043E-3
124.5937	-2.679443E-1	-5.822754E-1	1.923828E+0	7.019043E-3
124.6094	-2.697754E-1	-5.838013E-1	1.947327E+0	7.324219E-3
124.6094	-2.676392E-1	-5.908203E-1	1.967773E+0	6.408691E-3
124.625	-2.703857E-1	-5.871582E-1	1.983032E+0	7.019043E-3
124.6406	-2.703857E-1	-5.908203E-1	2.003784E+0	7.019043E-3
124.6406	-2.627563E-1	-5.999756E-1	2.027588E+0	6.408691E-3
124.6562	-2.728271E-1	-6.005859E-1	2.043457E+0	7.019043E-3
124.6719	-2.725220E-1	-6.024170E-1	2.069397E+0	6.713867E-3
124.6719	-2.719116E-1	-6.036377E-1	2.090149E+0	7.019043E-3
124.6875	-2.706909E-1	-6.042480E-1	2.103577E+0	7.019043E-3
124.6875	-2.703857E-1	-6.069946E-1	2.126770E+0	6.408691E-3
124.7031	-2.734375E-1	-6.079102E-1	2.140198E+0	6.408691E-3
124.7187	-2.767944E-1	-6.134033E-1	2.160950E+0	6.713867E-3
124.7187	-2.709961E-1	-6.118774E-1	2.182617E+0	6.713867E-3
124.7344	-2.795410E-1	-6.152344E-1	2.210083E+0	7.019043E-3
124.75	-2.740479E-1	-6.204224E-1	2.222290E+0	6.713867E-3
124.75	-2.798462E-1	-6.234741E-1	2.244263E+0	7.019043E-3
124.7656	-2.877808E-1	-6.240845E-1	2.268982E+0	6.713867E-3
124.7656	-2.798462E-1	-6.320190E-1	2.281494E+0	6.713867E-3
124.7812	-2.844238E-1	-6.344604E-1	2.307434E+0	7.019043E-3
124.7969	-2.780151E-1	-6.359863E-1	2.328186E+0	7.019043E-3
124.7969	-2.825928E-1	-6.381226E-1	2.341614E+0	7.324219E-3
124.8125	-2.847290E-1	-6.448364E-1	2.366638E+0	7.019043E-3
124.8281	-2.865601E-1	-6.402588E-1	2.385864E+0	7.019043E-3
124.8281	-2.923584E-1	-6.494141E-1	2.401428E+0	6.713867E-3
124.8437	-2.899170E-1	-6.478882E-1	2.424011E+0	7.019043E-3
124.8594	-2.853394E-1	-6.555176E-1	2.447815E+0	6.713867E-3
124.8594	-2.941895E-1	-6.561279E-1	2.460937E+0	6.713867E-3
124.875	-2.923584E-1	-6.573486E-1	2.485046E+0	6.713867E-3
124.8906	-2.920532E-1	-6.674194E-1	2.498779E+0	7.019043E-3
124.8906	-2.890015E-1	-6.695557E-1	2.518311E+0	6.408691E-3
124.9062	-2.975464E-1	-6.738281E-1	2.541504E+0	7.019043E-3
124.9219	-2.981567E-1	-6.793213E-1	2.568359E+0	7.019043E-3
124.9219	-2.954102E-1	-6.793213E-1	2.580566E+0	7.324219E-3
124.9375	-3.024292E-1	-6.866455E-1	2.604980E+0	6.713867E-3
124.9375	-3.048706E-1	-6.900024E-1	2.621155E+0	6.713867E-3
124.9531	-3.228760E-1	-7.308960E-1	2.641602E+0	6.408691E-3
124.9687	-3.128052E-1	-7.012939E-1	2.660217E+0	6.713867E-3
124.9687	-3.085327E-1	-6.631470E-1	2.679443E+0	7.019043E-3
124.9844	-2.786255E-1	-6.152344E-1	2.707520E+0	7.019043E-3
125.0	-3.073120E-1	-5.865479E-1	2.720337E+0	7.019043E-3
125.0	-2.682495E-1	-5.584717E-1	2.741699E+0	7.019043E-3
125.0156	-2.911377E-1	-5.139160E-1	2.766724E+0	6.713867E-3
125.0156	-2.545166E-1	-4.879761E-1	2.780151E+0	7.019043E-3
125.0312	-2.792358E-1	-4.446411E-1	2.803650E+0	7.019043E-3
125.0469	-2.420044E-1	-3.994751E-1	2.826843E+0	7.019043E-3
125.0469	-2.569580E-1	-3.842163E-1	2.839050E+0	7.019043E-3
125.0625	-2.310181E-1	-3.332520E-1	2.863770E+0	7.019043E-3
125.0781	-2.471924E-1	-2.987671E-1	2.882996E+0	7.019043E-3
125.0781	-2.105713E-1	-2.648926E-1	2.900085E+0	6.713867E-3
125.0937	-2.255249E-1	-2.368164E-1	2.922363E+0	7.019043E-3
125.1094	-2.081299E-1	-1.895142E-1	2.945251E+0	6.408691E-3
125.1094	-2.230835E-1	-1.617432E-1	2.958679E+0	6.713867E-3
125.125	-1.916504E-1	-1.214600E-1	2.983398E+0	7.019043E-3
125.1406	-1.953125E-1	-9.429932E-2	2.996216E+0	6.713867E-3
125.1406	-1.663208E-1	-6.439209E-2	3.016052E+0	7.019043E-3
125.1562	-1.885986E-1	-2.563477E-2	3.037720E+0	7.019043E-3
125.1719	-1.843262E-1	3.479004E-2	3.065796E+0	7.019043E-3
125.1719	-1.766968E-1	5.981445E-2	3.077698E+0	7.019043E-3
125.1875	-1.696777E-1	9.979248E-2	3.101807E+0	6.713867E-3
125.1875	-1.510620E-1	1.193237E-1	3.118591E+0	6.713867E-3
125.2031	-1.550293E-1	1.605225E-1	3.137817E+0	7.324219E-3
125.2187	-1.354980E-1	1.873779E-1	3.157349E+0	7.324219E-3
125.2187	-1.541138E-1	2.450562E-1	3.185120E+0	7.019043E-3
125.2344	-1.119995E-1	2.661133E-1	3.197327E+0	6.713867E-3
125.25	-1.406860E-1	3.121948E-1	3.221741E+0	7.019043E-3
125.25	-1.028442E-1	3.488159E-1	3.244019E+0	6.713867E-3
125.2656	-1.287842E-1	3.784180E-1	3.257141E+0	7.019043E-3
125.2812	-9.216309E-2	4.208374E-1	3.280640E+0	7.324219E-3
125.2812	-1.104736E-1	4.489136E-1	3.300476E+0	7.019043E-3
125.2969	-8.178711E-2	4.858398E-1	3.316956E+0	6.103516E-3
125.3125	-9.674072E-2	5.227661E-1	3.340149E+0	6.713867E-3
125.3125	-8.209229E-2	5.740356E-1	3.363953E+0	6.713867E-3
125.3281	-8.789062E-2	5.874634E-1	3.376465E+0	6.713867E-3
125.3281	-7.354736E-2	6.399536E-1	3.398437E+0	7.019043E-3
125.3437	-5.920410E-2	6.716919E-1	3.424377E+0	7.019043E-3
125.3594	-5.706787E-2	7.092285E-1	3.435974E+0	7.629395E-3
125.3594	-4.638672E-2	7.440186E-1	3.458862E+0	6.408691E-3
125.375	-5.218506E-2	7.925415E-1	3.483582E+0	6.408691E-3
125.3906	-3.814697E-2	8.035278E-1	3.496094E+0	6.408691E-3
125.3906	-4.272461E-2	8.520508E-1	3.519287E+0	7.019043E-3
125.4062	-2.502441E-2	8.886719E-1	3.540039E+0	7.019043E-3
125.4062	-5.065918E-2	9.295654E-1	3.554077E+0	7.019043E-3
125.4219	-8.850098E-3	9.640503E-1	3.577576E+0	6.713867E-3
125.4375	-3.540039E-2	9.756470E-1	3.587036E+0	7.019043E-3
125.4375	-8.544922E-2	9.649658E-1	3.579712E+0	2.105713E-2
125.4531	-1.922607E-1	9.387207E-1	3.565369E+0	3.967285E-2
125.4687	-2.523804E-1	9.146118E-1	3.552246E+0	5.523682E-2
125.4687	-3.201294E-1	9.011841E-1	3.544006E+0	7.110596E-2
125.4844	-4.037476E-1	8.779907E-1	3.530273E+0	8.911133E-2
125.5	-4.718018E-1	8.551025E-1	3.518677E+0	1.055908E-1
125.5	-5.404663E-1	8.404541E-1	3.509216E+0	1.211548E-1
125.5156	-5.871582E-1	8.151245E-1	3.497314E+0	1.373291E-1
125.5312	-6.777954E-1	7.901001E-1	3.483276E+0	1.547241E-1
125.5312	-7.202148E-1	7.705688E-1	3.475342E+0	1.693726E-1
125.5469	-8.218384E-1	7.495117E-1	3.462219E+0	1.879883E-1
125.5469	-8.554077E-1	7.247925E-1	3.448486E+0	2.038574E-1
125.5625	-9.414673E-1	7.119751E-1	3.440552E+0	2.194214E-1
125.5781	-9.930420E-1	6.829834E-1	3.426514E+0	2.371216E-1
125.5781	-1.087341E+0	6.625366E-1	3.413696E+0	2.523804E-1
125.5937	-1.117859E+0	6.524658E-1	3.406067E+0	2.685547E-1
125.6094	-1.222839E+0	6.295776E-1	3.392334E+0	2.853394E-1
125.6094	-1.257019E+0	5.969238E-1	3.381348E+0	3.021240E-1
125.625	-1.326599E+0	5.825806E-1	3.371887E+0	3.182983E-1
125.6406	-1.385803E+0	5.703735E-1	3.360901E+0	3.350830E-1
125.6406	-1.458435E+0	5.450439E-1	3.346252E+0	3.506470E-1
125.6562	-1.526794E+0	5.346680E-1	3.337402E+0	3.671265E-1
125.6719	-1.566467E+0	4.953003E-1	3.322754E+0	3.851318E-1
125.6719	-1.639404E+0	4.800415E-1	3.310852E+0	4.010010E-1
125.6875	-1.696777E+0	4.544067E-1	3.303833E+0	4.171753E-1
125.6875	-1.765442E+0	4.492187E-1	3.289795E+0	4.342651E-1
125.7031	-1.796875E+0	4.190063E-1	3.276672E+0	4.510498E-1
125.7187	-1.871643E+0	3.982544E-1	3.266907E+0	4.660034E-1
125.7187	-1.903687E+0	3.802490E-1	3.257446E+0	4.821777E-1
125.7344	-1.975403E+0	3.610229E-1	3.245544E+0	4.992676E-1
125.75	-1.991882E+0	3.305054E-1	3.232117E+0	5.157471E-1
125.75	-2.071533E+0	3.213501E-1	3.223572E+0	5.322266E-1
125.7656	-2.058105E+0	2.966309E-1	3.210144E+0	5.487061E-1
125.7812	-2.133179E+0	2.709961E-1	3.196716E+0	5.654907E-1
125.7812	-2.101746E+0	2.545166E-1	3.189087E+0	5.804443E-1
125.7969	-2.143555E+0	2.499390E-1	3.176575E+0	5.975342E-1
125.8125	-2.060852E+0	2.096558E-1	3.161621E+0	6.137085E-1
125.8125	-2.124329E+0	1.947021E-1	3.154297E+0	6.292725E-1
125.8281	-2.048950E+0	1.785278E-1	3.140564E+0	6.475830E-1
125.8281	-2.073364E+0	1.516724E-1	3.127747E+0	6.640625E-1
125.8437	-2.043152E+0	1.306152E-1	3.119812E+0	6.790161E-1
125.8594	-2.057495E+0	1.141357E-1	3.106079E+0	6.970215E-1
125.8594	-2.007141E+0	8.636475E-2	3.094788E+0	7.119751E-1
125.875	-2.056274E+0	7.171631E-2	3.086548E+0	7.281494E-1
125.8906	-1.998901E+0	5.401611E-2	3.074036E+0	7.455444E-1
125.8906	-2.039185E+0	3.662109E-2	3.061218E+0	7.617187E-1
125.9062	-2.033386E+0	1.403809E-2	3.051453E+0	7.785034E-1
125.9219	-2.035828E+0	-1.831055E-2	3.037415E+0	7.952881E-1
125.9219	-2.066040E+0	-2.838135E-2	3.024597E+0	8.108521E-1
125.9375	-2.060547E+0	-4.821777E-2	3.016968E+0	8.264160E-1
125.9375	-2.098694E+0	-6.164551E-2	3.003540E+0	8.447266E-1
125.9531	-2.102661E+0	-9.094238E-2	2.991943E+0	8.602905E-1
125.9687	-2.088013E+0	-1.074219E-1	2.980652E+0	8.764648E-1
125.9687	-2.001648E+0	-1.321411E-1	2.971497E+0	8.935547E-1
125.9844	-2.022095E+0	-1.470947E-1	2.958069E+0	9.100342E-1
126.0	-1.976624E+0	-1.733398E-1	2.945862E+0	9.259033E-1
126.0	-2.017212E+0	-1.901245E-1	2.937012E+0	9.411621E-1
126.0156	-1.974487E+0	-2.166748E-1	2.924194E+0	9.597778E-1
126.0312	-1.998291E+0	-2.319336E-1	2.910767E+0	9.759521E-1
126.0312	-1.961670E+0	-2.471924E-1	2.902832E+0	9.912109E-1
126.0469	-1.936951E+0	-2.761841E-1	2.889709E+0	1.008301E+0
126.0625	-1.933594E+0	-3.051758E-1	2.876282E+0	1.024780E+0
126.0625	-1.994629E+0	-3.195190E-1	2.868347E+0	1.040039E+0
126.0781	-2.035828E+0	-3.366089E-1	2.855225E+0	1.057434E+0
126.0781	-2.075195E+0	-3.582764E-1	2.841187E+0	1.073914E+0
126.0937	-2.119141E+0	-3.701782E-1	2.834167E+0	1.088867E+0
126.1094	-2.164917E+0	-3.915405E-1	2.821045E+0	1.106873E+0
126.1094	-2.167664E+0	-4.107666E-1	2.809448E+0	1.122742E+0
126.125	-2.121277E+0	-4.266357E-1	2.799683E+0	1.139832E+0
126.1406	-1.963806E+0	-4.403687E-1	2.788086E+0	1.156006E+0
126.1406	-1.899719E+0	-4.824829E-1	2.774048E+0	1.171875E+0
126.1562	-1.870422E+0	-4.965210E-1	2.764893E+0	1.188354E+0
126.1719	-1.819458E+0	-5.130005E-1	2.751160E+0	1.205444E+0
126.1719	-1.853943E+0	-5.325317E-1	2.738953E+0	1.221924E+0
126.1875	-1.810303E+0	-5.535889E-1	2.730408E+0	1.236877E+0
126.1875	-1.824341E+0	-5.764771E-1	2.717285E+0	1.255188E+0
126.2031	-1.827087E+0	-5.926514E-1	2.705383E+0	1.270447E+0
126.2187	-1.847534E+0	-6.124878E-1	2.694397E+0	1.286926E+0
126.2187	-1.799622E+0	-6.317139E-1	2.684326E+0	1.303406E+0
126.2344	-1.744690E+0	-6.494141E-1	2.672424E+0	1.319885E+0
126.25	-1.705017E+0	-6.671143E-1	2.659607E+0	1.336975E+0
126.25	-1.683960E+0	-6.890869E-1	2.651062E+0	1.352234E+0
126.2656	-1.646423E+0	-7.070923E-1	2.637939E+0	1.370544E+0
126.2812	-1.644592E+0	-7.281494E-1	2.624512E+0	1.385803E+0
126.2812	-1.652222E+0	-7.443237E-1	2.616577E+0	1.401367E+0
126.2969	-1.631470E+0	-7.733154E-1	2.604065E+0	1.418457E+0
126.3125	-1.611328E+0	-7.894897E-1	2.589417E+0	1.434937E+0
126.3125	-1.611938E+0	-8.056641E-1	2.582092E+0	1.450195E+0
126.3281	-1.611023E+0	-8.218384E-1	2.567749E+0	1.468506E+0
126.3281	-1.604614E+0	-8.489990E-1	2.555542E+0	1.484375E+0
126.3437	-1.633301E+0	-8.663940E-1	2.548218E+0	1.499634E+0
126.3594	-1.596069E+0	-8.898926E-1	2.535400E+0	1.517029E+0
126.3594	-1.582947E+0	-9.088135E-1	2.522888E+0	1.533508E+0
126.375	-1.568909E+0	-9.197998E-1	2.514038E+0	1.549072E+0
126.3906	-1.500244E+0	-9.408569E-1	2.501526E+0	1.566772E+0
126.3906	-1.466064E+0	-9.707642E-1	2.488403E+0	1.582031E+0
126.4062	-1.468506E+0	-9.841919E-1	2.478638E+0	1.599426E+0
126.4219	-1.449890E+0	-9.982300E-1	2.466431E+0	1.616516E+0
126.4219	-1.421204E+0	-1.021423E+0	2.451782E+0	1.631165E+0
126.4375	-1.418457E+0	-1.041565E+0	2.445068E+0	1.647949E+0
126.4375	-1.413269E+0	-1.059875E+0	2.431335E+0	1.665344E+0
126.4531	-1.406250E+0	-1.080933E+0	2.419434E+0	1.681824E+0
126.4687	-1.382446E+0	-1.101379E+0	2.406921E+0	1.697083E+0
126.4687	-1.369324E+0	-1.112366E+0	2.398682E+0	1.712952E+0
126.4844	-1.321716E+0	-1.136169E+0	2.384644E+0	1.730652E+0
126.5	-1.326294E+0	-1.158447E+0	2.374573E+0	1.745911E+0
126.5	-1.306152E+0	-1.176453E+0	2.364197E+0	1.763306E+0
126.5156	-1.298523E+0	-1.187744E+0	2.352905E+0	1.779480E+0
126.5312	-1.261292E+0	-1.219788E+0	2.338257E+0	1.796265E+0
126.5312	-1.282959E+0	-1.227112E+0	2.330322E+0	1.811523E+0
126.5469	-1.245728E+0	-1.254272E+0	2.318115E+0	1.829834E+0
126.5625	-1.260986E+0	-1.265564E+0	2.303772E+0	1.845398E+0
126.5625	-1.248169E+0	-1.289368E+0	2.295837E+0	1.860352E+0
126.5781	-1.276855E+0	-1.304321E+0	2.282104E+0	1.878357E+0
126.5781	-1.207886E+0	-1.339111E+0	2.269592E+0	1.894226E+0
126.5937	-1.254272E+0	-1.337891E+0	2.261658E+0	1.909485E+0
126.6094	-1.165771E+0	-1.359863E+0	2.248230E+0	1.927795E+0
126.6094	-1.200867E+0	-1.379700E+0	2.237244E+0	1.943665E+0
126.625	-1.123962E+0	-1.400757E+0	2.227783E+0	1.960144E+0
126.6406	-1.123352E+0	-1.419373E+0	2.215881E+0	1.976318E+0
126.6406	-1.095276E+0	-1.437988E+0	2.202148E+0	1.991882E+0
126.6562	-1.109009E+0	-1.445007E+0	2.193604E+0	2.008972E+0
126.6719	-1.049805E+0	-1.473694E+0	2.178650E+0	2.026978E+0
126.6719	-1.038513E+0	-1.492004E+0	2.165833E+0	2.041931E+0
126.6875	-1.025085E+0	-1.494751E+0	2.158508E+0	2.058716E+0
126.6875	-7.818604E-1	-1.476135E+0	2.145996E+0	2.075806E+0
126.7031	-2.737427E-1	-6.039429E-1	2.136841E+0	2.091370E+0
126.7187	-2.755737E-1	-6.045532E-1	2.124023E+0	2.106628E+0
126.7187	-2.725220E-1	-6.030273E-1	2.113037E+0	2.124329E+0
126.7344	-2.709961E-1	-5.972290E-1	2.101440E+0	2.141724E+0
126.75	-2.740479E-1	-6.011963E-1	2.088013E+0	2.157593E+0
126.75	-2.749634E-1	-5.990601E-1	2.078857E+0	2.173157E+0
126.7656	-2.691650E-1	-5.960083E-1	2.066345E+0	2.189941E+0
126.7812	-2.746582E-1	-5.953979E-1	2.052307E+0	2.205505E+0
126.7812	-2.716064E-1	-5.944824E-1	2.043762E+0	2.222290E+0
126.7969	-2.731323E-1	-5.899048E-1	2.032471E+0	2.239075E+0
126.8125	-2.697754E-1	-5.899048E-1	2.016907E+0	2.255859E+0
126.8125	-2.728271E-1	-5.926514E-1	2.009888E+0	2.271423E+0
126.8281	-2.725220E-1	-5.935669E-1	1.995850E+0	2.289734E+0
126.8281	-2.752686E-1	-5.877686E-1	1.983032E+0	2.304993E+0
126.8437	-2.676392E-1	-5.859375E-1	1.975708E+0	2.319946E+0
126.8594	-2.661133E-1	-5.874634E-1	1.962280E+0	2.338257E+0
126.8594	-2.679443E-1	-5.853271E-1	1.950073E+0	2.353821E+0
126.875	-2.694702E-1	-5.819702E-1	1.941223E+0	2.370605E+0
126.8906	-2.587891E-1	-5.795288E-1	1.928711E+0	2.387085E+0
126.8906	-2.600098E-1	-5.786133E-1	1.915894E+0	2.402954E+0
126.9062	-2.633667E-1	-5.758667E-1	1.906738E+0	2.419128E+0
126.9219	-2.636719E-1	-5.783081E-1	1.893311E+0	2.436829E+0
126.9219	-2.648926E-1	-5.789185E-1	1.879883E+0	2.452698E+0
126.9375	-2.655029E-1	-5.734253E-1	1.872864E+0	2.467957E+0
126.9375	-2.639771E-1	-5.743408E-1	1.858215E+0	2.486267E+0
126.9531	-2.651978E-1	-5.740356E-1	1.847534E+0	2.501831E+0
126.9687	-2.676392E-1	-5.679321E-1	1.835937E+0	2.517700E+0
126.9687	-2.618408E-1	-5.676270E-1	1.826477E+0	2.534485E+0
126.9844	-2.575684E-1	-5.682373E-1	1.813965E+0	2.551880E+0
127.0	-2.615356E-1	-5.667114E-1	1.801453E+0	2.567444E+0
127.0	-2.572632E-1	-5.691528E-1	1.792908E+0	2.583313E+0
127.0156	-2.566528E-1	-5.633545E-1	1.780396E+0	2.601318E+0
127.0312	-2.642822E-1	-5.636597E-1	1.765442E+0	2.616577E+0
127.0312	-2.584839E-1	-5.615234E-1	1.758118E+0	2.633057E+0
127.0469	-2.597046E-1	-5.603027E-1	1.745911E+0	2.649841E+0
127.0625	-2.578735E-1	-5.563354E-1	1.731873E+0	2.665710E+0
127.0625	-2.603149E-1	-5.566406E-1	1.723633E+0	2.681885E+0
127.0781	-2.597046E-1	-5.578613E-1	1.709595E+0	2.699280E+0
127.0781	-2.593994E-1	-5.545044E-1	1.696777E+0	2.715454E+0
127.0937	-2.578735E-1	-5.551147E-1	1.690063E+0	2.730713E+0
127.1094	-2.609253E-1	-5.563354E-1	1.676025E+0	2.749023E+0
127.1094	-2.569580E-1	-5.465698E-1	1.665039E+0	2.763672E+0
127.125	-2.569580E-1	-5.551147E-1	1.654663E+0	2.780762E+0
127.1406	-2.569580E-1	-5.493164E-1	1.643677E+0	2.797852E+0
127.1406	-2.587891E-1	-5.444336E-1	1.630249E+0	2.813110E+0
127.1562	-2.563477E-1	-5.471802E-1	1.620789E+0	2.829590E+0
127.1719	-2.520752E-1	-5.496216E-1	1.607056E+0	2.846680E+0
127.1719	-2.532959E-1	-5.474854E-1	1.593933E+0	2.863159E+0
127.1875	-2.569580E-1	-5.395508E-1	1.585999E+0	2.878418E+0
127.1875	-2.517700E-1	-5.355835E-1	1.572571E+0	2.897034E+0
127.2031	-2.536011E-1	-5.377197E-1	1.560669E+0	2.912292E+0
127.2187	-2.529907E-1	-5.441284E-1	1.550293E+0	2.926636E+0
127.2187	-2.499390E-1	-5.410767E-1	1.541443E+0	2.944641E+0
127.2344	-2.484131E-1	-5.413818E-1	1.528015E+0	2.961426E+0
127.25	-2.517700E-1	-5.322266E-1	1.515808E+0	2.977600E+0
127.25	-2.450562E-1	-5.404663E-1	1.506042E+0	2.993774E+0
127.2656	-2.462769E-1	-5.328369E-1	1.493835E+0	3.011169E+0
127.2812	-2.545166E-1	-5.319214E-1	1.479492E+0	3.026733E+0
127.2812	-2.511597E-1	-5.334473E-1	1.471558E+0	3.042603E+0
127.2969	-2.493286E-1	-5.303955E-1	1.459045E+0	3.060608E+0
127.3125	-2.484131E-1	-5.303955E-1	1.445618E+0	3.075562E+0
127.3125	-2.517700E-1	-5.267334E-1	1.437988E+0	3.092346E+0
127.3281	-2.499390E-1	-5.270386E-1	1.423645E+0	3.109131E+0
127.3281	-2.471924E-1	-5.291748E-1	1.411133E+0	3.125305E+0
127.3437	-2.499390E-1	-5.279541E-1	1.402893E+0	3.140564E+0
127.3594	-2.465820E-1	-5.242920E-1	1.390381E+0	3.157959E+0
127.3594	-2.459717E-1	-5.227661E-1	1.377563E+0	3.174744E+0
127.375	-2.435303E-1	-5.227661E-1	1.369324E+0	3.190308E+0
127.3906	-2.462769E-1	-5.215454E-1	1.357422E+0	3.208313E+0
127.3906	-2.459717E-1	-5.212402E-1	1.344299E+0	3.223572E+0
127.4062	-2.429199E-1	-5.209351E-1	1.332703E+0	3.240662E+0
127.4219	-2.438354E-1	-5.194092E-1	1.320496E+0	3.256531E+0
127.4375	-2.420044E-1	-5.157471E-1	1.292725E+0	3.301086E+0
127.4531	-2.465820E-1	-5.148315E-1	1.287537E+0	3.305969E+0
127.4531	-2.429199E-1	-5.209351E-1	1.273804E+0	3.324280E+0
127.4687	-2.447510E-1	-5.145264E-1	1.263123E+0	3.338013E+0
127.4687	-2.438354E-1	-5.120850E-1	1.255493E+0	3.353577E+0
127.4844	-2.416992E-1	-5.114746E-1	1.241455E+0	3.372192E+0
127.5	-2.413940E-1	-5.062866E-1	1.229553E+0	3.387451E+0
127.5	-2.453613E-1	-5.142212E-1	1.220703E+0	3.403320E+0
127.5156	-2.407837E-1	-5.145264E-1	1.207886E+0	3.420410E+0
127.5312	-2.377319E-1	-5.096436E-1	1.193542E+0	3.437195E+0
127.5312	-2.435303E-1	-5.102539E-1	1.186829E+0	3.452148E+0
127.5469	-2.395630E-1	-5.056763E-1	1.173401E+0	3.471069E+0
127.5625	-2.432251E-1	-5.078125E-1	1.158752E+0	3.486328E+0
127.5625	-2.398682E-1	-5.075073E-1	1.151428E+0	3.501892E+0
127.5781	-2.423096E-1	-4.962158E-1	1.138306E+0	3.519897E+0
127.5781	-2.362061E-1	-5.029297E-1	1.124878E+0	3.535156E+0
127.5937	-2.365112E-1	-4.998779E-1	1.117859E+0	3.551025E+0
127.6094	-2.371216E-1	-4.995728E-1	1.103516E+0	3.568726E+0
127.6094	-2.380371E-1	-4.995728E-1	1.092529E+0	3.584900E+0
127.625	-2.374268E-1	-4.949951E-1	1.083069E+0	3.600769E+0
127.6406	-2.383423E-1	-4.965210E-1	1.069946E+0	3.617249E+0
127.6406	-2.337646E-1	-4.968262E-1	1.058044E+0	3.632812E+0
127.6562	-2.386475E-1	-4.931641E-1	1.048889E+0	3.649597E+0
127.6719	-2.410889E-1	-4.898071E-1	1.033936E+0	3.667603E+0
127.6719	-2.352905E-1	-4.980469E-1	1.022339E+0	3.682861E+0
127.6875	-2.368164E-1	-4.925537E-1	1.014099E+0	3.698730E+0
127.6875	-2.337646E-1	-4.867554E-1	1.000671E+0	3.716431E+0
127.7031	-2.355957E-1	-4.882812E-1	9.918213E-1	3.731995E+0
127.7187	-2.355957E-1	-4.885864E-1	9.817505E-1	3.747253E+0
127.7187	-2.322388E-1	-4.870605E-1	9.680176E-1	3.764954E+0
127.7344	-2.307129E-1	-4.898071E-1	9.533691E-1	3.782349E+0
127.75	-2.368164E-1	-4.846191E-1	9.454346E-1	3.797302E+0
127.75	-2.319336E-1	-4.885864E-1	9.332275E-1	3.814392E+0
127.7656	-2.349854E-1	-4.827881E-1	9.179687E-1	3.832703E+0
127.7656	-2.322388E-1	-4.876709E-1	9.121704E-1	3.844910E+0
127.7812	-2.395630E-1	-4.827881E-1	8.972168E-1	3.864441E+0
127.7969	-2.365112E-1	-4.843140E-1	8.859253E-1	3.878784E+0
127.7969	-2.328491E-1	-4.840088E-1	8.770752E-1	3.895874E+0
127.8125	-2.294922E-1	-4.803467E-1	8.639526E-1	3.912964E+0
127.8281	-2.294922E-1	-4.782104E-1	8.526611E-1	3.929138E+0
127.8281	-2.313232E-1	-4.788208E-1	8.428955E-1	3.944397E+0
127.8437	-2.310181E-1	-4.794312E-1	8.306885E-1	3.962097E+0
127.8594	-2.340698E-1	-4.776001E-1	8.172607E-1	3.978271E+0
127.8594	-2.340698E-1	-4.769897E-1	8.081055E-1	3.994141E+0
127.875	-2.310181E-1	-4.776001E-1	7.943726E-1	4.011536E+0
127.8906	-2.304077E-1	-4.748535E-1	7.858276E-1	4.027100E+0
127.8906	-2.285767E-1	-4.742432E-1	7.763672E-1	4.042358E+0
127.9062	-2.261353E-1	-4.718018E-1	7.623291E-1	4.060364E+0
127.9219	-2.294922E-1	-4.696655E-1	7.473755E-1	4.076233E+0
127.9219	-2.227783E-1	-4.736328E-1	7.397461E-1	4.092102E+0
127.9375	-2.316284E-1	-4.718018E-1	7.263184E-1	4.109497E+0
127.9375	-2.209473E-1	-4.727173E-1	7.165527E-1	4.124451E+0
127.9531	-2.279663E-1	-4.714966E-1	7.055664E-1	4.142151E+0
127.9687	-2.264404E-1	-4.653931E-1	6.942749E-1	4.158630E+0
127.9687	-2.270508E-1	-4.721069E-1	6.817627E-1	4.175110E+0
127.9844	-2.246094E-1	-4.678345E-1	6.671143E-1	4.190979E+0
128.0	-2.282715E-1	-4.690552E-1	6.597900E-1	4.206543E+0
128.0	-2.273560E-1	-4.690552E-1	6.472778E-1	4.223938E+0
128.0156	-2.230835E-1	-4.620361E-1	6.320190E-1	4.244080E+0
128.0156	-2.236938E-1	-4.675293E-1	6.256104E-1	4.256287E+0
128.0312	-2.200317E-1	-4.620361E-1	6.106567E-1	4.273682E+0
128.0469	-2.273560E-1	-4.672241E-1	5.981445E-1	4.289246E+0
128.0469	-2.264404E-1	-4.656982E-1	5.914307E-1	4.304504E+0
128.0625	-2.255249E-1	-4.629517E-1	5.770874E-1	4.322815E+0
128.0781	-2.252197E-1	-4.583740E-1	5.657959E-1	4.338379E+0
128.0781	-2.215576E-1	-4.556274E-1	5.572510E-1	4.354858E+0
128.0937	-2.243042E-1	-4.614258E-1	5.444336E-1	4.371643E+0
128.1094	-2.221680E-1	-4.595947E-1	5.303955E-1	4.387817E+0
128.1094	-2.151489E-1	-4.559326E-1	5.227661E-1	4.403687E+0
128.125	-2.215576E-1	-4.574585E-1	5.081177E-1	4.420471E+0
128.1406	-2.191162E-1	-4.522705E-1	4.971313E-1	4.436951E+0
128.1406	-2.215576E-1	-4.513550E-1	4.864502E-1	4.451294E+0
128.1562	-2.243042E-1	-4.504395E-1	4.772949E-1	4.469299E+0
128.1719	-2.233887E-1	-4.568481E-1	4.626465E-1	4.485779E+0
128.1719	-2.261353E-1	-4.541016E-1	4.507446E-1	4.502869E+0
128.1875	-2.227783E-1	-4.501343E-1	4.425049E-1	4.517822E+0
128.1875	-2.178955E-1	-4.547119E-1	4.284668E-1	4.534912E+0
128.2031	-2.172852E-1	-4.486084E-1	4.171753E-1	4.551086E+0
128.2187	-2.188110E-1	-4.476929E-1	4.061890E-1	4.566345E+0
128.2187	-2.206421E-1	-4.467773E-1	3.967285E-1	4.583435E+0
128.2344	-2.169800E-1	-4.531860E-1	3.839111E-1	4.599915E+0
128.25	-2.169800E-1	-4.504395E-1	3.717041E-1	4.617004E+0
128.25	-2.212524E-1	-4.473877E-1	3.628540E-1	4.632568E+0
128.2656	-2.194214E-1	-4.464722E-1	3.488159E-1	4.649353E+0
128.2812	-2.200317E-1	-4.470825E-1	3.356934E-1	4.665833E+0
128.2812	-2.206421E-1	-4.400635E-1	3.277588E-1	4.681091E+0
128.2969	-2.175903E-1	-4.467773E-1	3.161621E-1	4.699097E+0
128.3125	-2.163696E-1	-4.510498E-1	3.015137E-1	4.714355E+0
128.3125	-2.185059E-1	-4.431152E-1	2.947998E-1	4.731140E+0
128.3281	-2.166748E-1	-4.403687E-1	2.801514E-1	4.747925E+0
128.3281	-2.188110E-1	-4.452515E-1	2.670288E-1	4.763184E+0
128.3437	-2.163696E-1	-4.406738E-1	2.590942E-1	4.779663E+0
128.3594	-2.133179E-1	-4.428101E-1	2.468872E-1	4.797058E+0
128.3594	-2.194214E-1	-4.379272E-1	2.355957E-1	4.812927E+0
128.375	-2.081299E-1	-4.391479E-1	2.264404E-1	4.828796E+0
128.3906	-2.111816E-1	-4.418945E-1	2.136230E-1	4.846497E+0
128.3906	-2.157593E-1	-4.318237E-1	2.026367E-1	4.861145E+0
128.4062	-2.120972E-1	-4.385376E-1	1.916504E-1	4.877930E+0
128.4219	-2.136230E-1	-4.342651E-1	1.788330E-1	4.895020E+0
128.4219	-2.145386E-1	-4.348755E-1	1.666260E-1	4.910889E+0
128.4375	-2.117920E-1	-4.287720E-1	1.583862E-1	4.926758E+0
128.4375	-2.148437E-1	-4.330444E-1	1.440430E-1	4.944153E+0
128.4531	-2.127075E-1	-4.339600E-1	1.327515E-1	4.960632E+0
128.4687	-2.133179E-1	-4.321289E-1	1.226807E-1	4.974976E+0
128.4687	-2.136230E-1	-4.330444E-1	1.123047E-1	4.991150E+0
128.4844	-2.130127E-1	-4.324341E-1	1.000977E-1	5.009155E+0
128.5	-2.139282E-1	-4.287720E-1	8.758545E-2	5.024719E+0
128.5	-2.133179E-1	-4.321289E-1	7.843018E-2	5.041809E+0
128.5156	-2.136230E-1	-4.293823E-1	6.591797E-2	5.057983E+0
128.5312	-2.108765E-1	-4.275513E-1	5.340576E-2	5.075073E+0
128.5312	-2.090454E-1	-4.275513E-1	4.425049E-2	5.089722E+0
128.5469	-2.145386E-1	-4.284668E-1	3.143311E-2	5.107117E+0
128.5625	-2.111816E-1	-4.254150E-1	1.922607E-2	5.123901E+0
128.5625	-2.099609E-1	-4.254150E-1	1.068115E-2	5.138855E+0
128.5781	-2.072144E-1	-4.278564E-1	7.629395E-3	5.040283E+0
128.5781	-2.120972E-1	-4.208374E-1	6.408691E-3	4.944153E+0
128.5937	-2.124023E-1	-4.269409E-1	6.713867E-3	4.848328E+0
128.6094	-2.136230E-1	-4.244995E-1	6.408691E-3	4.739075E+0
128.6094	-2.130127E-1	-4.226685E-1	7.324219E-3	4.641113E+0
128.625	-2.154541E-1	-4.275513E-1	6.713867E-3	4.541016E+0
128.6406	-2.108765E-1	-4.306030E-1	7.324219E-3	4.435730E+0
128.6406	-2.124023E-1	-4.287720E-1	7.019043E-3	4.338989E+0
128.6562	-2.075195E-1	-4.284668E-1	7.324219E-3	4.236755E+0
128.6719	-2.136230E-1	-4.302979E-1	7.934570E-3	4.132690E+0
128.6719	-2.142334E-1	-4.296875E-1	7.629395E-3	4.035645E+0
128.6875	-2.093506E-1	-4.278564E-1	7.019043E-3	3.936768E+0
128.6875	-2.099609E-1	-4.220581E-1	7.629395E-3	3.831177E+0
128.7031	-2.136230E-1	-4.306030E-1	7.629395E-3	3.731079E+0
128.7187	-2.178955E-1	-4.333496E-1	7.324219E-3	3.638000E+0
128.7187	-2.139282E-1	-4.342651E-1	7.324219E-3	3.528748E+0
128.7344	-2.169800E-1	-4.339600E-1	8.239746E-3	3.426819E+0
128.75	-2.172852E-1	-4.345703E-1	7.019043E-3	3.328552E+0
128.75	-2.117920E-1	-4.333496E-1	7.629395E-3	3.226013E+0
128.7656	-2.117920E-1	-4.330444E-1	7.934570E-3	3.125000E+0
128.7656	-2.069092E-1	-4.348755E-1	7.324219E-3	3.029480E+0
128.7812	-2.081299E-1	-4.357910E-1	8.544922E-3	2.922668E+0
128.7969	-2.120972E-1	-4.296875E-1	7.934570E-3	2.822571E+0
128.7969	-2.090454E-1	-4.364014E-1	7.324219E-3	2.725525E+0
128.8125	-2.127075E-1	-4.318237E-1	7.629395E-3	2.620239E+0
128.8281	-2.124023E-1	-4.339600E-1	7.934570E-3	2.521667E+0
128.8281	-2.053833E-1	-4.330444E-1	6.713867E-3	2.420349E+0
128.8437	-2.090454E-1	-4.354858E-1	7.934570E-3	2.318115E+0
128.8594	-2.130127E-1	-4.382324E-1	8.239746E-3	2.217407E+0
128.8594	-2.130127E-1	-4.309082E-1	7.019043E-3	2.116699E+0
128.875	-2.142334E-1	-4.367065E-1	8.544922E-3	2.015076E+0
128.8906	-2.069092E-1	-4.354858E-1	8.239746E-3	1.915283E+0
128.8906	-2.105713E-1	-4.302979E-1	7.629395E-3	1.822205E+0
128.9062	-2.105713E-1	-4.336548E-1	7.934570E-3	1.712341E+0
128.9219	-2.114868E-1	-4.370117E-1	8.544922E-3	1.610718E+0
128.9219	-2.120972E-1	-4.367065E-1	7.934570E-3	1.515198E+0
128.9375	-2.117920E-1	-4.360962E-1	8.850098E-3	1.409912E+0
128.9375	-2.160645E-1	-4.394531E-1	8.239746E-3	1.315918E+0
128.9531	-2.133179E-1	-4.339600E-1	8.239746E-3	1.208191E+0
128.9687	-2.087402E-1	-4.321289E-1	9.460449E-3	1.108704E+0
128.9687	-2.133179E-1	-4.342651E-1	9.155273E-3	1.006470E+0
128.9844	-2.127075E-1	-4.425049E-1	8.544922E-3	9.103394E-1
129.0	-2.148437E-1	-4.379272E-1	9.155273E-3	8.050537E-1
129.0	-2.081299E-1	-4.391479E-1	9.155273E-3	7.061768E-1
129.0156	-2.096558E-1	-4.330444E-1	9.155273E-3	6.072998E-1
129.0312	-2.124023E-1	-4.370117E-1	9.155273E-3	5.026245E-1
129.0312	-2.145386E-1	-4.351807E-1	9.155273E-3	4.034424E-1
129.0469	-2.084351E-1	-4.388428E-1	8.544922E-3	3.030396E-1
129.0625	-2.093506E-1	-4.385376E-1	9.460449E-3	2.011108E-1
129.0625	-2.145386E-1	-4.330444E-1	8.850098E-3	1.013184E-1
129.0781	-2.090454E-1	-4.348755E-1	9.765625E-3	1.220703E-3
129.0781	-2.090454E-1	-4.342651E-1	1.007080E-2	2.136230E-3
129.0937	-2.096558E-1	-4.351807E-1	9.765625E-3	3.967285E-3
129.1094	-2.139282E-1	-4.379272E-1	9.765625E-3	5.187988E-3
129.1094	-2.133179E-1	-4.370117E-1	9.460449E-3	5.493164E-3
129.125	-2.120972E-1	-4.385376E-1	9.460449E-3	5.798340E-3
129.1406	-2.087402E-1	-4.330444E-1	9.460449E-3	5.798340E-3
129.1406	-2.096558E-1	-4.351807E-1	9.460449E-3	6.103516E-3
129.1562	-2.136230E-1	-4.382324E-1	9.155273E-3	6.408691E-3
129.1562	-2.099609E-1	-4.376221E-1	9.460449E-3	6.408691E-3
129.1719	-2.096558E-1	-4.373169E-1	1.007080E-2	6.408691E-3
129.1875	-2.114868E-1	-4.324341E-1	9.460449E-3	7.019043E-3
129.1875	-2.117920E-1	-4.324341E-1	1.007080E-2	6.408691E-3
129.2031	-2.096558E-1	-4.373169E-1	8.850098E-3	6.713867E-3
129.2187	-2.075195E-1	-4.336548E-1	8.850098E-3	6.103516E-3
129.2187	-2.099609E-1	-4.367065E-1	9.155273E-3	6.103516E-3
129.2344	-2.142334E-1	-4.360962E-1	9.765625E-3	6.713867E-3
129.25	-2.127075E-1	-4.336548E-1	1.037598E-2	5.798340E-3
129.25	-2.087402E-1	-4.348755E-1	9.460449E-3	6.103516E-3
129.2656	-2.090454E-1	-4.333496E-1	9.155273E-3	7.324219E-3
129.2812	-2.066040E-1	-4.354858E-1	9.765625E-3	7.019043E-3
129.2812	-2.081299E-1	-4.348755E-1	9.460449E-3	7.019043E-3
129.2969	-2.145386E-1	-4.360962E-1	9.460449E-3	6.713867E-3
129.3125	-2.093506E-1	-4.339600E-1	9.155273E-3	7.019043E-3
129.3125	-2.029419E-1	-4.360962E-1	1.007080E-2	7.019043E-3
129.3281	-2.081299E-1	-4.302979E-1	9.765625E-3	6.713867E-3
129.3281	-2.105713E-1	-4.382324E-1	9.765625E-3	6.103516E-3
129.3437	-2.096558E-1	-4.406738E-1	9.765625E-3	7.019043E-3
129.3594	-2.148437E-1	-4.339600E-1	1.037598E-2	7.019043E-3
129.3594	-2.117920E-1	-4.348755E-1	9.155273E-3	6.713867E-3
129.375	-2.099609E-1	-4.364014E-1	9.155273E-3	7.019043E-3
129.3906	-2.120972E-1	-4.315186E-1	9.765625E-3	6.713867E-3
129.3906	-2.047729E-1	-4.391479E-1	9.765625E-3	7.019043E-3
129.4062	-2.084351E-1	-4.351807E-1	9.765625E-3	7.019043E-3
129.4219	-2.108765E-1	-4.360962E-1	9.765625E-3	6.713867E-3
129.4219	-2.099609E-1	-4.348755E-1	9.765625E-3	7.019043E-3
129.4375	-2.145386E-1	-4.373169E-1	9.460449E-3	6.713867E-3
129.4375	-2.093506E-1	-4.312134E-1	9.765625E-3	7.019043E-3
129.4531	-2.096558E-1	-4.339600E-1	9.460449E-3	7.324219E-3
129.4687	-2.145386E-1	-4.339600E-1	1.007080E-2	6.408691E-3
129.4687	-2.111816E-1	-4.348755E-1	9.460449E-3	6.713867E-3
129.4844	-2.066040E-1	-4.336548E-1	9.460449E-3	6.713867E-3
129.5	-2.099609E-1	-4.351807E-1	9.460449E-3	7.019043E-3
129.5	-2.117920E-1	-4.370117E-1	9.765625E-3	6.713867E-3
129.5156	-2.084351E-1	-4.324341E-1	1.007080E-2	6.713867E-3
129.5312	-2.096558E-1	-4.339600E-1	9.460449E-3	6.408691E-3
129.5312	-2.072144E-1	-4.324341E-1	9.155273E-3	6.408691E-3
129.5469	-2.114868E-1	-4.351807E-1	9.460449E-3	7.324219E-3
129.5625	-2.169800E-1	-4.351807E-1	9.155273E-3	6.408691E-3
129.5625	-2.163696E-1	-4.348755E-1	9.765625E-3	6.408691E-3
129.5781	-2.081299E-1	-4.364014E-1	9.155273E-3	7.324219E-3
129.5781	-2.114868E-1	-4.339600E-1	9.460449E-3	7.019043E-3
129.5937	-2.151489E-1	-4.391479E-1	9.155273E-3	7.019043E-3
129.6094	-2.114868E-1	-4.324341E-1	9.460449E-3	7.324219E-3
129.6094	-2.142334E-1	-4.342651E-1	1.007080E-2	7.019043E-3
129.625	-2.120972E-1	-4.336548E-1	1.007080E-2	6.713867E-3
129.6406	-2.081299E-1	-4.357910E-1	9.765625E-3	7.019043E-3
129.6406	-2.081299E-1	-4.360962E-1	1.007080E-2	6.713867E-3
129.6562	-2.087402E-1	-4.391479E-1	9.765625E-3	7.019043E-3
129.6719	-2.078247E-1	-4.327393E-1	1.007080E-2	6.408691E-3
129.6719	-2.075195E-1	-4.382324E-1	9.155273E-3	6.713867E-3
129.6875	-2.084351E-1	-4.379272E-1	1.037598E-2	6.713867E-3
129.6875	-2.099609E-1	-4.360962E-1	9.765625E-3	6.713867E-3
129.7031	-2.072144E-1	-4.354858E-1	9.765625E-3	7.019043E-3
129.7187	-2.081299E-1	-4.354858E-1	9.460449E-3	7.324219E-3
129.7187	-2.111816E-1	-4.409790E-1	9.460449E-3	6.713867E-3
129.7344	-2.108765E-1	-4.357910E-1	9.765625E-3	7.324219E-3
129.75	-2.105713E-1	-4.318237E-1	1.007080E-2	6.713867E-3
129.75	-2.102661E-1	-4.345703E-1	9.765625E-3	6.103516E-3
129.7656	-2.099609E-1	-4.327393E-1	9.460449E-3	6.713867E-3
129.7812	-2.120972E-1	-4.336548E-1	1.007080E-2	6.713867E-3
129.7812	-2.102661E-1	-4.373169E-1	9.460449E-3	7.019043E-3
129.7969	-2.035522E-1	-4.354858E-1	9.765625E-3	7.019043E-3
129.8125	-2.087402E-1	-4.330444E-1	9.765625E-3	6.408691E-3
129.8125	-2.081299E-1	-4.391479E-1	9.155273E-3	6.713867E-3
129.8281	-2.093506E-1	-4.367065E-1	9.460449E-3	7.019043E-3
129.8281	-2.117920E-1	-4.373169E-1	9.460449E-3	7.324219E-3
129.8437	-2.136230E-1	-4.388428E-1	9.460449E-3	7.019043E-3
129.8594	-2.166748E-1	-4.348755E-1	9.765625E-3	7.019043E-3
129.8594	-2.078247E-1	-4.354858E-1	9.460449E-3	6.408691E-3
129.875	-2.105713E-1	-4.342651E-1	9.460449E-3	6.713867E-3
129.8906	-2.114868E-1	-4.373169E-1	1.007080E-2	7.019043E-3
129.8906	-2.105713E-1	-4.406738E-1	9.460449E-3	6.713867E-3
129.9062	-2.078247E-1	-4.351807E-1	9.460449E-3	6.408691E-3
129.9219	-2.108765E-1	-4.339600E-1	9.460449E-3	6.103516E-3
129.9219	-2.127075E-1	-4.373169E-1	9.155273E-3	7.019043E-3
129.9375	-2.096558E-1	-4.354858E-1	9.765625E-3	6.713867E-3
129.9375	-2.111816E-1	-4.367065E-1	9.460449E-3	6.103516E-3
129.9531	-2.127075E-1	-4.342651E-1	9.765625E-3	6.713867E-3
129.9687	-2.102661E-1	-4.360962E-1	1.007080E-2	6.713867E-3
129.9687	-2.084351E-1	-4.327393E-1	9.460449E-3	7.019043E-3
129.9844	-2.081299E-1	-4.339600E-1	9.765625E-3	6.713867E-3
130.0	-2.084351E-1	-4.400635E-1	9.765625E-3	6.713867E-3
130.0	-2.096558E-1	-4.339600E-1	9.155273E-3	7.019043E-3
130.0156	-2.102661E-1	-4.333496E-1	9.460449E-3	7.324219E-3
130.0156	-2.090454E-1	-4.342651E-1	9.460449E-3	6.713867E-3
130.0312	-2.120972E-1	-4.330444E-1	9.460449E-3	6.713867E-3
130.0469	-2.084351E-1	-4.330444E-1	9.460449E-3	7.019043E-3
130.0469	-2.078247E-1	-4.321289E-1	1.007080E-2	7.019043E-3
130.0625	-2.124023E-1	-4.373169E-1	1.007080E-2	7.019043E-3
130.0781	-2.105713E-1	-4.324341E-1	9.155273E-3	6.408691E-3
130.0781	-2.090454E-1	-4.394531E-1	9.460449E-3	6.713867E-3
130.0937	-2.111816E-1	-4.409790E-1	9.765625E-3	7.019043E-3
130.1094	-2.090454E-1	-4.364014E-1	9.155273E-3	7.019043E-3
130.1094	-2.090454E-1	-4.342651E-1	9.155273E-3	7.629395E-3
130.125	-2.127075E-1	-4.397583E-1	9.155273E-3	7.324219E-3
130.1406	-2.072144E-1	-4.354858E-1	1.007080E-2	7.019043E-3
130.1406	-2.145386E-1	-4.327393E-1	1.007080E-2	6.713867E-3
130.1562	-2.142334E-1	-4.370117E-1	9.765625E-3	7.324219E-3
130.1719	-2.142334E-1	-4.364014E-1	9.765625E-3	6.713867E-3
130.1719	-2.133179E-1	-4.315186E-1	9.155273E-3	6.713867E-3
130.1875	-2.096558E-1	-4.333496E-1	9.155273E-3	7.019043E-3
130.1875	-2.038574E-1	-4.330444E-1	9.460449E-3	6.713867E-3
