May 28, 2009 13:44
529b02
H:\20090528-sws10-sls\LS_p30_d80_vp20_vd20.traj
lateral amplification = 100
normal amp = 100
pitch angle = +10
roll angle = 294
cantilever = 529b02
<data>
time	voltageForceLateral	voltageForceNormal	voltagePositionX	voltagePositionY
0.0155999999988	3.906250E-2	3.692627E-2	1.342773E-2	1.068115E-2
0.0155999999988	4.302979E-2	4.180908E-2	1.342773E-2	1.068115E-2
0.0311999999976	3.997803E-2	3.997803E-2	1.342773E-2	1.068115E-2
0.0311999999976	3.631592E-2	4.272461E-2	1.312256E-2	1.037598E-2
0.0469000000012	4.058838E-2	4.821777E-2	1.312256E-2	1.068115E-2
0.0625	3.295898E-2	3.936768E-2	1.312256E-2	1.007080E-2
0.0625	3.570557E-2	3.875732E-2	1.312256E-2	1.068115E-2
0.0780999999988	3.387451E-2	4.028320E-2	1.312256E-2	1.037598E-2
0.0936999999976	3.448486E-2	4.089355E-2	1.281738E-2	1.068115E-2
0.0936999999976	4.028320E-2	3.845215E-2	1.281738E-2	1.068115E-2
0.109400000001	3.631592E-2	4.425049E-2	1.312256E-2	1.037598E-2
0.125	4.394531E-2	3.662109E-2	1.312256E-2	1.007080E-2
0.125	3.479004E-2	4.211426E-2	1.342773E-2	1.068115E-2
0.140599999999	3.601074E-2	3.967285E-2	1.312256E-2	1.037598E-2
0.156199999998	3.448486E-2	4.486084E-2	1.403809E-2	1.068115E-2
0.156199999998	3.845215E-2	4.302979E-2	1.342773E-2	1.068115E-2
0.171900000001	3.784180E-2	3.845215E-2	1.342773E-2	1.007080E-2
0.1875	2.929687E-2	3.845215E-2	1.342773E-2	1.129150E-2
0.1875	3.387451E-2	3.540039E-2	1.342773E-2	1.037598E-2
0.203099999999	3.997803E-2	4.180908E-2	1.373291E-2	1.007080E-2
0.203099999999	3.753662E-2	3.540039E-2	1.312256E-2	9.460449E-3
0.218699999998	3.784180E-2	3.997803E-2	1.342773E-2	1.007080E-2
0.234400000001	3.021240E-2	3.540039E-2	1.281738E-2	1.037598E-2
0.234400000001	3.723145E-2	4.608154E-2	1.281738E-2	1.037598E-2
0.25	3.479004E-2	3.479004E-2	1.342773E-2	1.037598E-2
0.265599999999	4.394531E-2	3.570557E-2	1.342773E-2	1.037598E-2
0.265599999999	3.448486E-2	3.967285E-2	1.373291E-2	1.068115E-2
0.281199999998	3.417969E-2	3.570557E-2	1.312256E-2	1.007080E-2
0.296900000001	3.997803E-2	4.089355E-2	1.342773E-2	1.098633E-2
0.296900000001	3.417969E-2	3.723145E-2	1.342773E-2	1.037598E-2
0.3125	3.448486E-2	4.180908E-2	1.312256E-2	1.068115E-2
0.328099999999	3.479004E-2	3.753662E-2	1.312256E-2	1.068115E-2
0.328099999999	4.150391E-2	3.448486E-2	1.342773E-2	1.037598E-2
0.343699999998	2.807617E-2	3.967285E-2	1.342773E-2	9.765625E-3
0.343699999998	3.540039E-2	4.425049E-2	1.281738E-2	1.037598E-2
0.359400000001	3.936768E-2	4.180908E-2	1.281738E-2	1.037598E-2
0.375	3.051758E-2	4.425049E-2	1.281738E-2	1.037598E-2
0.375	4.547119E-2	4.272461E-2	1.342773E-2	1.037598E-2
0.390599999999	4.241943E-2	4.241943E-2	1.342773E-2	1.068115E-2
0.390599999999	3.570557E-2	3.723145E-2	1.342773E-2	1.037598E-2
0.406199999998	3.570557E-2	4.333496E-2	1.373291E-2	1.098633E-2
0.421900000001	3.204346E-2	3.845215E-2	1.312256E-2	1.037598E-2
0.421900000001	2.929687E-2	4.150391E-2	1.342773E-2	1.007080E-2
0.4375	3.387451E-2	4.333496E-2	1.312256E-2	9.765625E-3
0.453099999999	3.814697E-2	4.425049E-2	1.373291E-2	1.037598E-2
0.453099999999	3.570557E-2	3.906250E-2	1.312256E-2	1.037598E-2
0.468699999998	3.875732E-2	4.241943E-2	1.312256E-2	1.007080E-2
0.484400000001	3.662109E-2	3.906250E-2	1.312256E-2	1.037598E-2
0.484400000001	3.387451E-2	4.669189E-2	1.312256E-2	1.007080E-2
0.5	3.173828E-2	4.180908E-2	1.281738E-2	1.098633E-2
0.515599999999	3.631592E-2	3.875732E-2	1.251221E-2	1.007080E-2
0.515599999999	3.631592E-2	4.211426E-2	1.342773E-2	1.007080E-2
0.531199999998	3.631592E-2	3.814697E-2	1.342773E-2	1.037598E-2
0.546900000001	3.692627E-2	3.936768E-2	1.373291E-2	1.068115E-2
0.546900000001	3.631592E-2	4.028320E-2	1.312256E-2	1.037598E-2
0.5625	3.753662E-2	4.211426E-2	1.403809E-2	1.037598E-2
0.5625	3.662109E-2	3.601074E-2	1.281738E-2	1.037598E-2
0.578099999999	3.814697E-2	4.394531E-2	1.312256E-2	1.037598E-2
0.593699999998	3.540039E-2	4.394531E-2	1.281738E-2	1.007080E-2
0.593699999998	3.601074E-2	4.394531E-2	1.342773E-2	1.007080E-2
0.609400000001	4.058838E-2	4.272461E-2	1.342773E-2	1.037598E-2
0.625	4.272461E-2	4.058838E-2	1.281738E-2	1.007080E-2
0.625	3.417969E-2	4.302979E-2	1.281738E-2	1.007080E-2
0.640599999999	3.784180E-2	4.272461E-2	1.373291E-2	1.037598E-2
0.656199999998	4.364014E-2	4.516602E-2	1.373291E-2	1.098633E-2
0.656199999998	3.692627E-2	4.089355E-2	1.281738E-2	1.068115E-2
0.671900000001	4.089355E-2	3.936768E-2	1.312256E-2	1.007080E-2
0.6875	4.058838E-2	4.028320E-2	1.342773E-2	1.007080E-2
0.6875	3.784180E-2	4.638672E-2	1.312256E-2	1.037598E-2
0.703099999999	3.509521E-2	4.028320E-2	1.342773E-2	1.007080E-2
0.718699999998	3.143311E-2	4.119873E-2	1.373291E-2	1.037598E-2
0.718699999998	3.631592E-2	4.577637E-2	1.281738E-2	1.007080E-2
0.734400000001	3.845215E-2	4.486084E-2	1.312256E-2	1.068115E-2
0.734400000001	3.631592E-2	4.058838E-2	1.342773E-2	1.098633E-2
0.75	3.692627E-2	3.662109E-2	1.342773E-2	1.068115E-2
0.765599999999	3.723145E-2	3.814697E-2	1.342773E-2	1.068115E-2
0.765599999999	3.295898E-2	4.272461E-2	1.312256E-2	1.007080E-2
0.781199999998	3.082275E-2	4.119873E-2	1.312256E-2	1.068115E-2
0.781199999998	3.326416E-2	3.814697E-2	1.373291E-2	1.007080E-2
0.796900000001	3.082275E-2	4.028320E-2	1.342773E-2	1.037598E-2
0.8125	3.723145E-2	3.753662E-2	1.312256E-2	9.460449E-3
0.8125	3.845215E-2	3.875732E-2	1.312256E-2	1.129150E-2
0.828099999999	3.387451E-2	4.180908E-2	1.342773E-2	1.007080E-2
0.843699999998	4.028320E-2	3.875732E-2	1.312256E-2	1.007080E-2
0.843699999998	3.448486E-2	4.364014E-2	1.312256E-2	1.068115E-2
0.859400000001	3.662109E-2	4.821777E-2	1.312256E-2	1.068115E-2
0.875	3.479004E-2	3.845215E-2	1.281738E-2	9.765625E-3
0.875	3.204346E-2	4.058838E-2	1.312256E-2	1.037598E-2
0.890599999999	3.662109E-2	4.211426E-2	1.434326E-2	1.037598E-2
0.906199999998	3.662109E-2	4.821777E-2	1.281738E-2	1.037598E-2
0.906199999998	3.295898E-2	4.486084E-2	1.281738E-2	1.007080E-2
0.921900000001	3.326416E-2	4.119873E-2	1.342773E-2	1.068115E-2
0.9375	3.845215E-2	4.364014E-2	1.342773E-2	1.037598E-2
0.9375	3.540039E-2	4.211426E-2	1.312256E-2	1.007080E-2
0.953099999999	3.631592E-2	3.784180E-2	1.281738E-2	1.098633E-2
0.968699999998	3.662109E-2	3.723145E-2	1.251221E-2	1.007080E-2
0.968699999998	4.028320E-2	4.455566E-2	1.373291E-2	1.007080E-2
0.984400000001	3.601074E-2	4.058838E-2	1.373291E-2	1.037598E-2
0.984400000001	3.967285E-2	4.180908E-2	1.342773E-2	1.037598E-2
1.0	2.899170E-2	4.089355E-2	1.312256E-2	9.765625E-3
1.0156	3.540039E-2	3.875732E-2	1.342773E-2	1.068115E-2
1.0156	3.143311E-2	4.119873E-2	1.434326E-2	1.098633E-2
1.0312	3.814697E-2	4.364014E-2	3.051758E-2	1.037598E-2
1.0469	3.479004E-2	4.394531E-2	5.371094E-2	1.007080E-2
1.0469	3.845215E-2	3.417969E-2	8.087158E-2	1.037598E-2
1.0625	3.814697E-2	3.845215E-2	9.368896E-2	1.037598E-2
1.0781	4.180908E-2	4.058838E-2	1.187134E-1	1.037598E-2
1.0781	3.692627E-2	3.784180E-2	1.388550E-1	1.007080E-2
1.0937	3.967285E-2	3.326416E-2	1.556396E-1	1.129150E-2
1.0937	3.753662E-2	3.784180E-2	1.791382E-1	1.037598E-2
1.1094	3.051758E-2	4.364014E-2	2.023315E-1	1.037598E-2
1.125	3.662109E-2	3.967285E-2	2.148437E-1	1.068115E-2
1.125	4.028320E-2	3.631592E-2	2.401733E-1	1.007080E-2
1.1406	3.326416E-2	3.540039E-2	2.618408E-1	1.068115E-2
1.1406	3.753662E-2	3.601074E-2	2.743530E-1	1.037598E-2
1.1562	3.692627E-2	3.265381E-2	2.984619E-1	1.068115E-2
1.1719	2.960205E-2	3.723145E-2	3.186035E-1	1.037598E-2
1.1719	3.570557E-2	3.997803E-2	3.347778E-1	1.037598E-2
1.1875	2.563477E-2	3.753662E-2	3.558350E-1	1.037598E-2
1.2031	3.112793E-2	3.204346E-2	3.823853E-1	1.068115E-2
1.2031	3.662109E-2	3.143311E-2	3.945923E-1	1.098633E-2
1.2187	3.723145E-2	3.234863E-2	4.165649E-1	1.007080E-2
1.2344	3.631592E-2	3.417969E-2	4.421997E-1	1.037598E-2
1.2344	2.990723E-2	3.112793E-2	4.541016E-1	1.037598E-2
1.25	3.234863E-2	3.448486E-2	4.794312E-1	1.037598E-2
1.2656	3.265381E-2	2.868652E-2	5.014038E-1	1.068115E-2
1.2656	3.753662E-2	3.662109E-2	5.133057E-1	1.068115E-2
1.2812	3.417969E-2	2.929687E-2	5.383301E-1	1.129150E-2
1.2969	3.173828E-2	3.295898E-2	5.581665E-1	1.037598E-2
1.2969	3.112793E-2	2.807617E-2	5.734253E-1	1.098633E-2
1.3125	2.502441E-2	2.990723E-2	5.984497E-1	1.068115E-2
1.3281	3.326416E-2	2.105713E-2	6.207275E-1	1.007080E-2
1.3281	2.990723E-2	3.356934E-2	6.338501E-1	1.068115E-2
1.3437	3.265381E-2	3.143311E-2	6.585693E-1	1.129150E-2
1.3437	3.326416E-2	2.105713E-2	6.808472E-1	1.068115E-2
1.3594	2.777100E-2	3.326416E-2	6.930542E-1	1.037598E-2
1.375	3.509521E-2	3.143311E-2	7.153320E-1	1.037598E-2
1.375	2.929687E-2	2.075195E-2	7.397461E-1	1.007080E-2
1.3906	3.692627E-2	2.410889E-2	7.528687E-1	9.765625E-3
1.4062	2.685547E-2	2.380371E-2	7.769775E-1	1.037598E-2
1.4062	3.784180E-2	1.892090E-2	7.949829E-1	1.068115E-2
1.4219	3.509521E-2	2.685547E-2	8.120728E-1	1.007080E-2
1.4375	2.502441E-2	2.563477E-2	8.343506E-1	1.037598E-2
1.4375	3.326416E-2	2.105713E-2	8.593750E-1	1.037598E-2
1.4531	2.838135E-2	2.868652E-2	8.718872E-1	1.068115E-2
1.4687	3.265381E-2	2.075195E-2	8.975220E-1	1.007080E-2
1.4687	3.326416E-2	2.166748E-2	9.191895E-1	1.007080E-2
1.4844	3.051758E-2	2.655029E-2	9.320068E-1	1.037598E-2
1.4844	2.899170E-2	2.075195E-2	9.558105E-1	1.037598E-2
1.5	3.234863E-2	2.288818E-2	9.762573E-1	1.068115E-2
1.5156	2.716064E-2	2.105713E-2	9.912109E-1	1.068115E-2
1.5156	2.868652E-2	1.922607E-2	1.013794E+0	1.037598E-2
1.5312	3.173828E-2	2.075195E-2	1.035156E+0	1.068115E-2
1.5312	2.502441E-2	1.708984E-2	1.051025E+0	1.007080E-2
1.5469	2.532959E-2	1.800537E-2	1.076050E+0	1.007080E-2
1.5625	2.655029E-2	1.739502E-2	1.098328E+0	1.037598E-2
1.5625	2.471924E-2	1.983643E-2	1.111145E+0	1.098633E-2
1.5781	2.410889E-2	1.800537E-2	1.132507E+0	1.068115E-2
1.5937	2.349854E-2	1.739502E-2	1.158447E+0	1.068115E-2
1.5937	3.082275E-2	1.525879E-2	1.170654E+0	1.007080E-2
1.6094	2.960205E-2	1.708984E-2	1.195984E+0	1.037598E-2
1.625	2.777100E-2	1.922607E-2	1.214600E+0	1.037598E-2
1.625	3.051758E-2	1.220703E-2	1.231079E+0	1.068115E-2
1.6406	2.655029E-2	1.434326E-2	1.254272E+0	1.068115E-2
1.6562	3.021240E-2	1.159668E-2	1.278076E+0	1.037598E-2
1.6562	2.075195E-2	1.525879E-2	1.290283E+0	1.007080E-2
1.6719	2.777100E-2	1.129150E-2	1.315308E+0	1.037598E-2
1.6875	2.685547E-2	1.251221E-2	1.337891E+0	1.068115E-2
1.6875	2.716064E-2	1.129150E-2	1.350098E+0	1.037598E-2
1.7031	2.410889E-2	1.098633E-2	1.374207E+0	1.098633E-2
1.7031	2.655029E-2	1.342773E-2	1.393738E+0	1.068115E-2
1.7187	2.563477E-2	1.037598E-2	1.409912E+0	1.037598E-2
1.7344	2.105713E-2	9.155273E-3	1.434326E+0	1.037598E-2
1.7344	2.441406E-2	9.155273E-3	1.457825E+0	1.068115E-2
1.75	2.746582E-2	7.019043E-3	1.469727E+0	1.007080E-2
1.7656	2.288818E-2	1.251221E-2	1.491089E+0	1.037598E-2
1.7656	2.105713E-2	1.190186E-2	1.507263E+0	1.068115E-2
1.7812	2.105713E-2	-6.103516E-4	1.526794E+0	1.068115E-2
1.7969	2.502441E-2	1.525879E-3	1.549988E+0	1.068115E-2
1.7969	1.922607E-2	4.882812E-3	1.576843E+0	1.068115E-2
1.8125	2.014160E-2	2.136230E-3	1.589050E+0	1.037598E-2
1.8281	2.410889E-2	8.850098E-3	1.612854E+0	1.007080E-2
1.8281	2.655029E-2	1.525879E-3	1.632080E+0	1.068115E-2
1.8437	2.410889E-2	1.220703E-3	1.648865E+0	1.037598E-2
1.8437	2.532959E-2	5.798340E-3	1.669922E+0	1.037598E-2
1.8594	1.770020E-2	3.662109E-3	1.695557E+0	1.068115E-2
1.875	2.075195E-2	-3.051758E-3	1.708984E+0	1.068115E-2
1.875	2.624512E-2	1.831055E-3	1.733398E+0	1.037598E-2
1.8906	2.197266E-2	-2.441406E-3	1.755981E+0	1.037598E-2
1.8906	2.014160E-2	2.746582E-3	1.767883E+0	1.037598E-2
1.9062	2.227783E-2	1.220703E-3	1.791687E+0	1.007080E-2
1.9219	1.647949E-2	-6.713867E-3	1.812744E+0	1.007080E-2
1.9219	1.800537E-2	0.000000E+0	1.827698E+0	1.129150E-2
1.9375	2.655029E-2	-4.882812E-3	1.852417E+0	1.098633E-2
1.9531	2.136230E-2	-7.324219E-3	1.875305E+0	1.037598E-2
1.9531	1.861572E-2	-2.441406E-3	1.888123E+0	9.765625E-3
1.9687	2.014160E-2	-5.798340E-3	1.909790E+0	1.037598E-2
1.9844	2.136230E-2	-7.629395E-3	1.935120E+0	1.068115E-2
1.9844	2.288818E-2	-1.068115E-2	1.947327E+0	1.007080E-2
2.0	2.197266E-2	-7.019043E-3	1.972046E+0	1.068115E-2
2.0156	2.105713E-2	-1.464844E-2	1.995239E+0	1.007080E-2
2.0156	1.739502E-2	-8.850098E-3	2.007446E+0	1.068115E-2
2.0312	2.105713E-2	-1.220703E-2	2.031860E+0	1.007080E-2
2.0469	2.105713E-2	-1.037598E-2	2.051392E+0	1.068115E-2
2.0469	1.922607E-2	-1.312256E-2	2.066345E+0	1.007080E-2
2.0625	2.593994E-2	-1.495361E-2	2.091675E+0	1.098633E-2
2.0781	2.075195E-2	-1.495361E-2	2.113647E+0	1.007080E-2
2.0781	1.373291E-2	-1.617432E-2	2.126160E+0	1.068115E-2
2.0937	1.861572E-2	-1.129150E-2	2.151794E+0	1.007080E-2
2.0937	1.892090E-2	-2.471924E-2	2.174072E+0	1.037598E-2
2.1094	2.014160E-2	-1.831055E-2	2.185974E+0	1.098633E-2
2.125	1.678467E-2	-1.739502E-2	2.207642E+0	1.007080E-2
2.125	1.403809E-2	-2.136230E-2	2.232971E+0	1.037598E-2
2.1406	1.495361E-2	-2.227783E-2	2.245483E+0	1.007080E-2
2.1562	2.014160E-2	-2.410889E-2	2.270508E+0	1.068115E-2
2.1562	1.678467E-2	-1.770020E-2	2.293091E+0	1.007080E-2
2.1719	1.678467E-2	-3.112793E-2	2.306213E+0	1.098633E-2
2.1875	1.617432E-2	-2.990723E-2	2.327271E+0	1.068115E-2
2.1875	1.373291E-2	-2.960205E-2	2.352295E+0	1.068115E-2
2.2031	1.312256E-2	-2.258301E-2	2.365112E+0	1.037598E-2
2.2187	2.136230E-3	-5.645752E-2	2.389526E+0	1.068115E-2
2.2187	2.777100E-2	-2.014160E-2	2.412720E+0	1.037598E-2
2.2344	1.739502E-2	-8.544922E-3	2.424927E+0	1.068115E-2
2.2344	4.241943E-2	3.875732E-2	2.448730E+0	1.037598E-2
2.25	4.211426E-2	5.523682E-2	2.469788E+0	1.007080E-2
2.2656	5.645752E-2	9.155273E-2	2.484741E+0	1.068115E-2
2.2656	6.805420E-2	1.074219E-1	2.506409E+0	1.068115E-2
2.2812	8.514404E-2	1.647949E-1	2.528992E+0	1.098633E-2
2.2812	9.185791E-2	1.702881E-1	2.544556E+0	1.037598E-2
2.2969	1.083374E-1	2.139282E-1	2.569580E+0	1.068115E-2
2.3125	1.223755E-1	2.435303E-1	2.591858E+0	9.765625E-3
2.3125	1.281738E-1	2.633667E-1	2.604980E+0	1.068115E-2
2.3281	1.425171E-1	3.042603E-1	2.625732E+0	1.037598E-2
2.3437	1.507568E-1	3.356934E-1	2.651062E+0	1.037598E-2
2.3437	1.644897E-1	3.619385E-1	2.664795E+0	1.037598E-2
2.3594	1.733398E-1	3.866577E-1	2.688293E+0	1.068115E-2
2.375	1.861572E-1	4.348755E-1	2.708435E+0	1.037598E-2
2.375	1.947021E-1	4.510498E-1	2.724304E+0	1.007080E-2
2.3906	2.142334E-1	4.870605E-1	2.747803E+0	1.037598E-2
2.4062	2.239990E-1	5.294800E-1	2.771606E+0	1.037598E-2
2.4062	2.352905E-1	5.508423E-1	2.783813E+0	1.037598E-2
2.4219	2.478027E-1	5.902100E-1	2.809143E+0	1.068115E-2
2.4375	2.691650E-1	6.246948E-1	2.831116E+0	9.765625E-3
2.4375	2.719116E-1	6.491089E-1	2.843323E+0	1.037598E-2
2.4531	2.835083E-1	6.854248E-1	2.867737E+0	1.037598E-2
2.4531	2.957153E-1	7.128906E-1	2.887878E+0	1.098633E-2
2.4687	3.109741E-1	7.437134E-1	2.903442E+0	1.068115E-2
2.4844	3.201294E-1	7.742310E-1	2.926941E+0	9.765625E-3
2.4844	3.372192E-1	8.166504E-1	2.951355E+0	1.098633E-2
2.5	3.381348E-1	8.309937E-1	2.963257E+0	1.037598E-2
2.5156	3.549194E-1	8.749390E-1	2.984924E+0	1.068115E-2
2.5156	3.692627E-1	8.950806E-1	3.000488E+0	1.068115E-2
2.5312	3.555298E-1	8.804321E-1	3.000183E+0	2.685547E-2
2.5469	3.396606E-1	8.676147E-1	2.998962E+0	4.913330E-2
2.5469	3.295898E-1	8.474731E-1	2.998657E+0	7.019043E-2
2.5625	3.219604E-1	8.361816E-1	2.999573E+0	8.789062E-2
2.5781	2.999878E-1	8.154297E-1	2.998657E+0	1.101685E-1
2.5781	2.947998E-1	8.029175E-1	2.998962E+0	1.296997E-1
2.5937	2.886963E-1	7.846069E-1	2.998962E+0	1.486206E-1
2.5937	2.850342E-1	7.754517E-1	2.999268E+0	1.705933E-1
2.6094	2.697754E-1	7.604980E-1	2.998962E+0	1.901245E-1
2.625	2.548218E-1	7.382202E-1	2.998657E+0	2.090454E-1
2.625	2.432251E-1	7.226562E-1	2.998962E+0	2.304077E-1
2.6406	2.297974E-1	7.107544E-1	2.998962E+0	2.499390E-1
2.6406	2.224731E-1	6.951904E-1	2.998962E+0	2.688599E-1
2.6562	2.038574E-1	6.704712E-1	2.998352E+0	2.911377E-1
2.6719	1.968384E-1	6.579590E-1	2.998352E+0	3.100586E-1
2.6719	1.849365E-1	6.350708E-1	2.998657E+0	3.302002E-1
2.6875	1.754761E-1	6.274414E-1	2.998657E+0	3.497314E-1
2.7031	1.574707E-1	6.072998E-1	2.998047E+0	3.704834E-1
2.7031	1.428223E-1	5.911255E-1	2.998657E+0	3.894043E-1
2.7187	1.309204E-1	5.709839E-1	2.998657E+0	4.104614E-1
2.7344	1.187134E-1	5.511475E-1	2.998047E+0	4.299927E-1
2.7344	1.046753E-1	5.404663E-1	2.998962E+0	4.492187E-1
2.75	8.972168E-2	5.285645E-1	2.998657E+0	4.705811E-1
2.7656	7.110596E-2	5.026245E-1	2.998352E+0	4.898071E-1
2.7656	5.889893E-2	4.870605E-1	2.998962E+0	5.096436E-1
2.7812	4.028320E-2	4.602051E-1	2.998047E+0	5.303955E-1
2.7969	3.082275E-2	4.571533E-1	2.998047E+0	5.493164E-1
2.7969	1.464844E-2	4.235840E-1	2.998352E+0	5.691528E-1
2.8125	5.493164E-3	4.199219E-1	2.998962E+0	5.902100E-1
2.8281	-9.155273E-3	3.964233E-1	2.998047E+0	6.100464E-1
2.8281	-3.234863E-2	3.787231E-1	2.998352E+0	6.292725E-1
2.8437	-4.730225E-2	3.701782E-1	2.998352E+0	6.500244E-1
2.8437	-7.171631E-2	3.353882E-1	2.998047E+0	6.698608E-1
2.8594	-7.141113E-2	3.271484E-1	2.998657E+0	6.890869E-1
2.875	-1.065063E-1	3.054810E-1	2.998047E+0	7.107544E-1
2.875	-1.055908E-1	2.966309E-1	2.998047E+0	7.296753E-1
2.8906	-1.370239E-1	2.639771E-1	2.997437E+0	7.485962E-1
2.9062	-1.419067E-1	2.554321E-1	2.998657E+0	7.702637E-1
2.9062	-1.806641E-1	2.209473E-1	2.998352E+0	7.897949E-1
2.9219	-1.797485E-1	2.304077E-1	2.998047E+0	8.087158E-1
2.9375	-2.154541E-1	1.901245E-1	2.998047E+0	8.306885E-1
2.9375	-2.267456E-1	1.797485E-1	2.998047E+0	8.505249E-1
2.9531	-2.517700E-1	1.510620E-1	2.998352E+0	8.688354E-1
2.9687	-2.658081E-1	1.437378E-1	2.998352E+0	8.905029E-1
2.9687	-2.816772E-1	1.190186E-1	2.997742E+0	9.097290E-1
2.9844	-2.987671E-1	1.034546E-1	2.997437E+0	9.283447E-1
2.9844	-3.326416E-1	6.896973E-2	2.998352E+0	9.497070E-1
3.0	-3.500366E-1	6.164551E-2	2.998047E+0	9.695435E-1
3.0156	-3.817749E-1	2.960205E-2	2.998047E+0	9.890747E-1
3.0156	-3.915405E-1	2.075195E-2	2.997742E+0	1.010132E+0
3.0312	-4.171753E-1	5.493164E-3	2.997742E+0	1.029053E+0
3.0312	-4.504395E-1	-1.739502E-2	2.997437E+0	1.049500E+0
3.0469	-4.614258E-1	-4.119873E-2	2.997742E+0	1.070251E+0
3.0625	-4.943848E-1	-5.340576E-2	2.998047E+0	1.089783E+0
3.0625	-5.102539E-1	-8.209229E-2	2.998047E+0	1.108398E+0
3.0781	-5.493164E-1	-1.062012E-1	2.997742E+0	1.130371E+0
3.0937	-5.529785E-1	-1.184082E-1	2.998352E+0	1.149902E+0
3.0937	-5.905151E-1	-1.370239E-1	2.997131E+0	1.168213E+0
3.1094	-6.076050E-1	-1.623535E-1	2.997437E+0	1.190491E+0
3.125	-6.466675E-1	-1.919556E-1	2.997131E+0	1.209717E+0
3.125	-6.652832E-1	-1.983643E-1	2.997437E+0	1.228943E+0
3.1406	-6.970215E-1	-2.304077E-1	2.997131E+0	1.249084E+0
3.1562	-7.254028E-1	-2.523804E-1	2.996826E+0	1.269531E+0
3.1562	-7.498169E-1	-2.734375E-1	2.996521E+0	1.288147E+0
3.1719	-7.818604E-1	-2.935791E-1	2.997437E+0	1.310730E+0
3.1875	-8.010864E-1	-3.140259E-1	2.996826E+0	1.329041E+0
3.1875	-8.438110E-1	-3.244019E-1	2.997131E+0	1.348877E+0
3.2031	-8.731079E-1	-3.451538E-1	2.997131E+0	1.369019E+0
3.2031	-9.045410E-1	-3.775024E-1	2.997131E+0	1.389465E+0
3.2187	-9.359741E-1	-3.833008E-1	2.997131E+0	1.409302E+0
3.2344	-9.628296E-1	-4.180908E-1	2.997437E+0	1.429749E+0
3.2344	-9.982300E-1	-4.327393E-1	2.997742E+0	1.449280E+0
3.25	-1.025696E+0	-4.531860E-1	2.996826E+0	1.468811E+0
3.2656	-1.060486E+0	-4.696655E-1	2.997131E+0	1.489258E+0
3.2656	-1.092529E+0	-4.827881E-1	2.997131E+0	1.510010E+0
3.2812	-1.118164E+0	-5.154419E-1	2.997131E+0	1.529236E+0
3.2812	-1.151123E+0	-5.239868E-1	2.996826E+0	1.548767E+0
3.2969	-1.179504E+0	-5.468750E-1	2.996826E+0	1.569214E+0
3.3125	-1.228027E+0	-5.639648E-1	2.997131E+0	1.588745E+0
3.3125	-1.240845E+0	-5.822754E-1	2.996826E+0	1.608582E+0
3.3281	-1.289368E+0	-6.018066E-1	2.997131E+0	1.629944E+0
3.3437	-1.319580E+0	-6.207275E-1	2.997131E+0	1.649170E+0
3.3437	-1.348877E+0	-6.384277E-1	2.997131E+0	1.667480E+0
3.3594	-1.372681E+0	-6.539917E-1	2.996826E+0	1.689758E+0
3.375	-1.426086E+0	-6.820679E-1	2.997131E+0	1.709900E+0
3.375	-1.451111E+0	-6.918335E-1	2.996826E+0	1.728516E+0
3.3906	-1.480713E+0	-7.116699E-1	2.996826E+0	1.749573E+0
3.4062	-1.521301E+0	-7.232666E-1	2.996826E+0	1.769104E+0
3.4062	-1.551208E+0	-7.492065E-1	2.996826E+0	1.788330E+0
3.4219	-1.589050E+0	-7.644653E-1	2.997131E+0	1.809692E+0
3.4375	-1.611328E+0	-7.769775E-1	2.996521E+0	1.828918E+0
3.4375	-1.659546E+0	-7.992554E-1	2.996826E+0	1.848755E+0
3.4531	-1.679382E+0	-8.096313E-1	2.996826E+0	1.870117E+0
3.4531	-1.694946E+0	-8.239746E-1	2.996521E+0	1.888733E+0
3.4687	-1.726379E+0	-8.367920E-1	2.996521E+0	1.908569E+0
3.4844	-1.742554E+0	-8.453369E-1	2.996826E+0	1.929321E+0
3.4844	-1.752930E+0	-8.526611E-1	2.997131E+0	1.948242E+0
3.5	-1.769104E+0	-8.624268E-1	2.996826E+0	1.968994E+0
3.5156	-1.719666E+0	-8.340454E-1	2.996826E+0	1.989441E+0
3.5156	-1.641235E+0	-7.968140E-1	2.996826E+0	2.009277E+0
3.5312	-1.629333E+0	-7.971191E-1	2.997131E+0	2.028503E+0
3.5312	-1.660156E+0	-8.074951E-1	2.997131E+0	2.048645E+0
3.5469	-1.663208E+0	-8.062744E-1	2.996826E+0	2.069702E+0
3.5625	-1.672058E+0	-8.135986E-1	2.996826E+0	2.088623E+0
3.5625	-1.689148E+0	-8.221436E-1	2.996521E+0	2.107544E+0
3.5781	-1.691284E+0	-8.203125E-1	2.996521E+0	2.129517E+0
3.5937	-1.672974E+0	-8.184814E-1	2.996521E+0	2.148132E+0
3.5937	-1.679077E+0	-8.190918E-1	2.996826E+0	2.167969E+0
3.6094	-1.668701E+0	-8.108521E-1	2.996521E+0	2.189331E+0
3.625	-1.655273E+0	-8.038330E-1	2.996216E+0	2.214966E+0
3.625	-1.654358E+0	-8.023071E-1	2.997131E+0	2.228699E+0
3.6406	-1.639404E+0	-8.004761E-1	2.996216E+0	2.248840E+0
3.6562	-1.653442E+0	-8.001709E-1	2.996521E+0	2.269287E+0
3.6562	-1.646423E+0	-8.029175E-1	2.996521E+0	2.287598E+0
3.6719	-1.648560E+0	-7.940674E-1	2.997131E+0	2.309570E+0
3.6875	-1.635742E+0	-7.952881E-1	2.996826E+0	2.328796E+0
3.6875	-1.654053E+0	-7.983398E-1	2.996216E+0	2.347717E+0
3.7031	-1.646423E+0	-7.901001E-1	2.996826E+0	2.369385E+0
3.7031	-1.658020E+0	-8.023071E-1	2.996826E+0	2.388306E+0
3.7187	-1.661987E+0	-7.974243E-1	2.996826E+0	2.408142E+0
3.7344	-1.651917E+0	-7.931519E-1	2.996826E+0	2.429504E+0
3.7344	-1.664429E+0	-7.958984E-1	2.995911E+0	2.448425E+0
3.75	-1.644592E+0	-7.971191E-1	2.996521E+0	2.468262E+0
3.7656	-1.651306E+0	-7.901001E-1	2.996826E+0	2.489014E+0
3.7656	-1.641846E+0	-7.861328E-1	2.996521E+0	2.508850E+0
3.7812	-1.656799E+0	-8.041382E-1	2.997131E+0	2.525635E+0
3.7969	-1.670227E+0	-8.004761E-1	2.997131E+0	2.548218E+0
3.7969	-1.672668E+0	-8.044434E-1	2.996521E+0	2.568665E+0
3.8125	-1.683350E+0	-7.998657E-1	2.996826E+0	2.587280E+0
3.8281	-1.682739E+0	-8.087158E-1	2.996826E+0	2.608948E+0
3.8281	-1.681213E+0	-8.065796E-1	2.996826E+0	2.628479E+0
3.8437	-1.696472E+0	-8.190918E-1	2.996826E+0	2.648621E+0
3.8437	-1.682129E+0	-8.053589E-1	2.996826E+0	2.668762E+0
3.8594	-1.690369E+0	-8.047485E-1	2.996521E+0	2.688293E+0
3.875	-1.692810E+0	-8.099365E-1	2.996826E+0	2.707825E+0
3.875	-1.692810E+0	-8.044434E-1	2.996521E+0	2.729187E+0
3.8906	-1.678162E+0	-8.001709E-1	2.997131E+0	2.748108E+0
3.8906	-1.710205E+0	-8.105469E-1	2.996521E+0	2.766418E+0
3.9062	-1.687927E+0	-8.020020E-1	2.997131E+0	2.788696E+0
3.9219	-1.685486E+0	-8.047485E-1	2.996826E+0	2.807312E+0
3.9219	-1.688232E+0	-8.071899E-1	2.996521E+0	2.828064E+0
3.9375	-1.690979E+0	-8.148193E-1	2.996521E+0	2.848511E+0
3.9531	-1.693115E+0	-8.068848E-1	2.996521E+0	2.868042E+0
3.9531	-1.690063E+0	-8.068848E-1	2.997131E+0	2.887268E+0
3.9687	-1.686096E+0	-7.977295E-1	2.996521E+0	2.908020E+0
3.9844	-1.673584E+0	-7.931519E-1	2.996521E+0	2.928162E+0
3.9844	-1.682739E+0	-8.007812E-1	2.996826E+0	2.946472E+0
4.0	-1.662903E+0	-7.888794E-1	2.996826E+0	2.968750E+0
4.0156	-1.679077E+0	-7.968140E-1	2.996216E+0	2.987671E+0
4.0156	-1.683044E+0	-8.001709E-1	2.997131E+0	3.006287E+0
4.0312	-1.681213E+0	-8.010864E-1	2.996826E+0	3.028259E+0
4.0469	-1.682434E+0	-7.955933E-1	2.996521E+0	3.046875E+0
4.0469	-1.702271E+0	-8.099365E-1	2.996826E+0	3.067627E+0
4.0625	-1.681213E+0	-7.955933E-1	2.996521E+0	3.088379E+0
4.0781	-1.685486E+0	-7.952881E-1	2.997131E+0	3.107910E+0
4.0781	-1.683350E+0	-7.995605E-1	2.996521E+0	3.127136E+0
4.0937	-1.693726E+0	-7.971191E-1	2.996826E+0	3.147888E+0
4.0937	-1.670227E+0	-7.904053E-1	2.996826E+0	3.167419E+0
4.1094	-1.701050E+0	-8.004761E-1	2.996521E+0	3.186646E+0
4.125	-1.682434E+0	-7.940674E-1	2.996216E+0	3.208313E+0
4.125	-1.691895E+0	-7.980347E-1	2.997131E+0	3.227539E+0
4.1406	-1.679993E+0	-7.992554E-1	2.996216E+0	3.246155E+0
4.1562	-1.701965E+0	-7.986450E-1	2.997131E+0	3.268127E+0
4.1562	-1.695251E+0	-7.995605E-1	2.997131E+0	3.287964E+0
4.1719	-1.709595E+0	-8.050537E-1	2.996826E+0	3.306580E+0
4.1875	-1.693726E+0	-7.989502E-1	2.996521E+0	3.327942E+0
4.1875	-1.684570E+0	-7.968140E-1	2.996521E+0	3.347168E+0
4.2031	-1.687012E+0	-7.962036E-1	2.997131E+0	3.365784E+0
4.2187	-1.686707E+0	-7.907104E-1	2.996826E+0	3.388062E+0
4.2187	-1.699829E+0	-7.971191E-1	2.996216E+0	3.407593E+0
4.2344	-1.708984E+0	-8.010864E-1	2.996826E+0	3.425903E+0
4.2344	-1.704712E+0	-8.059692E-1	2.997131E+0	3.447876E+0
4.25	-1.698914E+0	-7.980347E-1	2.996521E+0	3.467102E+0
4.2656	-1.712952E+0	-7.998657E-1	2.996826E+0	3.486633E+0
4.2656	-1.690674E+0	-7.971191E-1	2.996521E+0	3.507690E+0
4.2812	-1.709900E+0	-8.007812E-1	2.996826E+0	3.526611E+0
4.2812	-1.705933E+0	-7.977295E-1	2.996826E+0	3.547058E+0
4.2969	-1.706238E+0	-7.986450E-1	2.996521E+0	3.568115E+0
4.3125	-1.694336E+0	-7.955933E-1	2.996521E+0	3.587036E+0
4.3125	-1.711731E+0	-7.894897E-1	2.996826E+0	3.605652E+0
4.3281	-1.686707E+0	-7.885742E-1	2.996826E+0	3.627625E+0
4.3437	-1.687927E+0	-7.904053E-1	2.996521E+0	3.647461E+0
4.3437	-1.689758E+0	-7.904053E-1	2.996826E+0	3.666077E+0
4.3594	-1.689453E+0	-7.830811E-1	2.996826E+0	3.687439E+0
4.375	-1.670532E+0	-7.720947E-1	2.996826E+0	3.706360E+0
4.375	-1.686707E+0	-7.867432E-1	2.997437E+0	3.726501E+0
4.3906	-1.676331E+0	-7.763672E-1	2.996521E+0	3.747559E+0
4.4062	-1.678772E+0	-7.849121E-1	2.996521E+0	3.767090E+0
4.4062	-1.679382E+0	-7.760620E-1	2.996826E+0	3.784790E+0
4.4219	-1.663513E+0	-7.733154E-1	2.997131E+0	3.807678E+0
4.4375	-1.672363E+0	-7.669067E-1	2.996826E+0	3.825989E+0
4.4375	-1.667480E+0	-7.742310E-1	2.996826E+0	3.845825E+0
4.4531	-1.658936E+0	-7.650757E-1	2.996826E+0	3.866577E+0
4.4531	-1.655273E+0	-7.620239E-1	2.996826E+0	3.886414E+0
4.4687	-1.674194E+0	-7.650757E-1	2.996826E+0	3.905945E+0
4.4844	-1.658630E+0	-7.690430E-1	2.996826E+0	3.927002E+0
4.4844	-1.670532E+0	-7.754517E-1	2.997131E+0	3.945923E+0
4.5	-1.691284E+0	-7.775879E-1	2.996216E+0	3.965454E+0
4.5156	-1.699829E+0	-7.901001E-1	2.996826E+0	3.985901E+0
4.5156	-1.716003E+0	-7.879639E-1	2.996521E+0	4.006042E+0
4.5312	-1.723022E+0	-7.928467E-1	2.996521E+0	4.024658E+0
4.5469	-1.743469E+0	-7.989502E-1	2.997131E+0	4.046021E+0
4.5469	-1.751709E+0	-7.977295E-1	2.997131E+0	4.066162E+0
4.5625	-1.766052E+0	-8.078003E-1	2.996521E+0	4.084778E+0
4.5781	-1.770020E+0	-8.093262E-1	2.996826E+0	4.106445E+0
4.5781	-1.768799E+0	-8.123779E-1	2.996521E+0	4.125977E+0
4.5937	-1.771851E+0	-8.093262E-1	2.997131E+0	4.145813E+0
4.5937	-1.740417E+0	-7.943726E-1	2.996521E+0	4.165955E+0
4.6094	-1.731873E+0	-7.894897E-1	2.997437E+0	4.185181E+0
4.625	-1.723022E+0	-7.894897E-1	2.996521E+0	4.205322E+0
4.625	-1.719360E+0	-7.879639E-1	2.996521E+0	4.225769E+0
4.6406	-1.707764E+0	-7.772827E-1	2.996826E+0	4.245911E+0
4.6406	-1.725769E+0	-7.913208E-1	2.996521E+0	4.264526E+0
4.6562	-1.716919E+0	-7.806396E-1	2.997131E+0	4.285889E+0
4.6719	-1.717224E+0	-7.873535E-1	2.996521E+0	4.305420E+0
4.6719	-1.725769E+0	-7.891846E-1	2.996521E+0	4.324951E+0
4.6875	-1.708069E+0	-7.766724E-1	2.996521E+0	4.345398E+0
4.7031	-1.700439E+0	-7.733154E-1	2.996521E+0	4.365540E+0
4.7031	-1.695862E+0	-7.702637E-1	2.996826E+0	4.383850E+0
4.7187	-1.698914E+0	-7.705688E-1	2.996826E+0	4.405518E+0
4.7344	-1.678467E+0	-7.620239E-1	2.996826E+0	4.424744E+0
4.7344	-1.692810E+0	-7.632446E-1	2.996826E+0	4.442444E+0
4.75	-1.687927E+0	-7.641602E-1	2.995605E+0	4.464722E+0
4.7656	-1.701965E+0	-7.666016E-1	2.996521E+0	4.484253E+0
4.7656	-1.699219E+0	-7.577515E-1	2.997131E+0	4.504089E+0
4.7812	-1.698914E+0	-7.711792E-1	2.996826E+0	4.524841E+0
4.7969	-1.691589E+0	-7.653809E-1	2.996521E+0	4.544067E+0
4.7969	-1.698914E+0	-7.696533E-1	2.996826E+0	4.563599E+0
4.8125	-1.685486E+0	-7.626343E-1	2.996521E+0	4.584656E+0
4.8281	-1.705017E+0	-7.623291E-1	2.996826E+0	4.603577E+0
4.8281	-1.694641E+0	-7.672119E-1	2.996216E+0	4.623718E+0
4.8437	-1.699829E+0	-7.580566E-1	2.997131E+0	4.644165E+0
4.8437	-1.684570E+0	-7.553101E-1	2.996216E+0	4.662476E+0
4.8594	-1.710510E+0	-7.650757E-1	2.996826E+0	4.682007E+0
4.875	-1.697998E+0	-7.565308E-1	2.996521E+0	4.703979E+0
4.875	-1.711731E+0	-7.659912E-1	2.996521E+0	4.723206E+0
4.8906	-1.707458E+0	-7.681274E-1	2.996521E+0	4.741516E+0
4.9062	-1.714783E+0	-7.690430E-1	2.997131E+0	4.764099E+0
4.9062	-1.705627E+0	-7.522583E-1	2.997131E+0	4.783020E+0
4.9219	-1.729126E+0	-7.690430E-1	2.996521E+0	4.802246E+0
4.9375	-1.703491E+0	-7.556152E-1	2.996521E+0	4.823608E+0
4.9375	-1.696777E+0	-7.550049E-1	2.997131E+0	4.843140E+0
4.9531	-1.690674E+0	-7.418823E-1	2.996826E+0	4.861450E+0
4.9687	-1.672974E+0	-7.351685E-1	2.996826E+0	4.883728E+0
4.9687	-1.663818E+0	-7.312012E-1	2.996826E+0	4.902344E+0
4.9844	-1.657715E+0	-7.214355E-1	2.996826E+0	4.920654E+0
4.9844	-1.597595E+0	-6.854248E-1	2.996521E+0	4.942627E+0
5.0	-1.490479E+0	-6.140137E-1	2.996521E+0	4.962158E+0
5.0156	2.441406E-2	1.922607E-2	2.997742E+0	4.981995E+0
5.0156	2.807617E-2	1.953125E-2	2.997437E+0	5.002441E+0
5.0312	3.112793E-2	1.922607E-2	2.997742E+0	5.021057E+0
5.0312	2.441406E-2	2.349854E-2	2.997742E+0	5.042725E+0
5.0469	2.532959E-2	1.892090E-2	2.997437E+0	5.062256E+0
5.0625	2.685547E-2	2.136230E-2	2.997437E+0	5.081177E+0
5.0625	2.777100E-2	2.136230E-2	2.997131E+0	5.100403E+0
5.0781	2.929687E-2	2.227783E-2	2.997437E+0	5.121765E+0
5.0937	2.746582E-2	2.197266E-2	2.998047E+0	5.141602E+0
5.0937	2.563477E-2	1.953125E-2	2.996521E+0	5.159912E+0
5.1094	2.624512E-2	2.288818E-2	2.997437E+0	5.180969E+0
5.125	2.532959E-2	1.434326E-2	2.998047E+0	5.200500E+0
5.125	3.082275E-2	2.410889E-2	2.997742E+0	5.220337E+0
5.1406	2.868652E-2	2.166748E-2	2.997131E+0	5.240784E+0
5.1562	2.624512E-2	2.319336E-2	2.997437E+0	5.260925E+0
5.1562	2.899170E-2	1.739502E-2	2.997742E+0	5.279236E+0
5.1719	2.960205E-2	1.861572E-2	2.997437E+0	5.305786E+0
5.1875	3.021240E-2	1.647949E-2	2.997742E+0	5.321045E+0
5.1875	2.319336E-2	2.197266E-2	2.997131E+0	5.338745E+0
5.2031	2.624512E-2	2.227783E-2	2.997131E+0	5.360718E+0
5.2031	3.784180E-2	2.868652E-2	2.997131E+0	5.379333E+0
5.2187	2.655029E-2	2.349854E-2	2.997742E+0	5.399170E+0
5.2344	2.624512E-2	2.380371E-2	2.997742E+0	5.419617E+0
5.2344	2.716064E-2	1.495361E-2	2.996826E+0	5.440063E+0
5.25	2.929687E-2	2.075195E-2	2.997131E+0	5.458374E+0
5.2656	2.990723E-2	2.502441E-2	2.997742E+0	5.479736E+0
5.2656	2.258301E-2	2.471924E-2	2.997131E+0	5.499268E+0
5.2812	2.624512E-2	2.075195E-2	2.997742E+0	5.516052E+0
5.2969	2.227783E-2	2.349854E-2	2.998047E+0	5.538940E+0
5.2969	2.441406E-2	2.716064E-2	2.997131E+0	5.558777E+0
5.3125	2.807617E-2	2.044678E-2	2.997742E+0	5.576782E+0
5.3281	3.082275E-2	3.021240E-2	2.997131E+0	5.598755E+0
5.3281	2.716064E-2	2.441406E-2	2.997437E+0	5.618896E+0
5.3437	3.021240E-2	2.563477E-2	2.998047E+0	5.637207E+0
5.3437	2.868652E-2	2.471924E-2	2.997742E+0	5.658264E+0
5.3594	3.143311E-2	2.380371E-2	2.997742E+0	5.677795E+0
5.375	2.960205E-2	2.227783E-2	2.997742E+0	5.697327E+0
5.375	2.593994E-2	2.441406E-2	2.997742E+0	5.718079E+0
5.3906	2.929687E-2	2.502441E-2	2.997437E+0	5.737610E+0
5.3906	3.143311E-2	2.868652E-2	2.997742E+0	5.755005E+0
5.4062	2.746582E-2	2.838135E-2	2.997131E+0	5.777588E+0
5.4219	2.593994E-2	2.624512E-2	2.997131E+0	5.797119E+0
5.4219	2.838135E-2	2.777100E-2	2.997742E+0	5.815430E+0
5.4375	2.258301E-2	2.929687E-2	2.997437E+0	5.837402E+0
5.4531	2.960205E-2	2.441406E-2	2.998047E+0	5.856934E+0
5.4531	2.929687E-2	2.990723E-2	2.997437E+0	5.875244E+0
5.4687	2.807617E-2	2.593994E-2	2.997437E+0	5.896301E+0
5.4844	2.655029E-2	2.319336E-2	2.997437E+0	5.916443E+0
5.4844	2.349854E-2	2.685547E-2	2.997437E+0	5.935059E+0
5.5	3.021240E-2	2.838135E-2	2.998047E+0	5.956726E+0
5.5156	3.326416E-2	2.624512E-2	2.998047E+0	5.975647E+0
5.5156	2.685547E-2	2.868652E-2	2.997437E+0	5.994568E+0
5.5312	2.990723E-2	2.197266E-2	2.997437E+0	6.015930E+0
5.5469	2.319336E-2	2.624512E-2	2.997742E+0	6.035767E+0
5.5469	3.173828E-2	3.021240E-2	2.997742E+0	6.054382E+0
5.5625	2.807617E-2	3.326416E-2	2.997131E+0	6.075439E+0
5.5781	2.716064E-2	2.288818E-2	2.997131E+0	6.094360E+0
5.5781	3.234863E-2	3.265381E-2	2.997742E+0	6.112976E+0
5.5937	2.685547E-2	2.868652E-2	2.997437E+0	6.134949E+0
5.5937	3.265381E-2	2.807617E-2	2.997742E+0	6.153870E+0
5.6094	3.112793E-2	2.655029E-2	2.997742E+0	6.173096E+0
5.625	3.021240E-2	3.234863E-2	2.997131E+0	6.194153E+0
5.625	3.875732E-2	2.929687E-2	2.997437E+0	6.213684E+0
5.6406	2.716064E-2	3.021240E-2	2.997437E+0	6.231995E+0
5.6562	3.234863E-2	2.777100E-2	2.997131E+0	6.253662E+0
5.6562	3.356934E-2	3.234863E-2	2.998047E+0	6.272888E+0
5.6719	3.082275E-2	3.112793E-2	2.997131E+0	6.292419E+0
5.6875	2.990723E-2	2.746582E-2	2.997742E+0	6.313171E+0
5.6875	3.234863E-2	2.929687E-2	2.997437E+0	6.333008E+0
5.7031	3.021240E-2	3.997803E-2	2.997437E+0	6.351013E+0
5.7187	2.593994E-2	2.990723E-2	2.997437E+0	6.373291E+0
5.7187	3.723145E-2	2.807617E-2	2.997742E+0	6.391907E+0
5.7344	3.265381E-2	3.417969E-2	2.998047E+0	6.410217E+0
5.7344	3.631592E-2	3.509521E-2	2.997437E+0	6.432495E+0
5.75	3.204346E-2	2.624512E-2	2.997437E+0	6.451416E+0
5.7656	3.906250E-2	3.692627E-2	2.997742E+0	6.470337E+0
5.7656	3.051758E-2	3.143311E-2	2.997742E+0	6.491699E+0
5.7812	3.601074E-2	3.021240E-2	2.998352E+0	6.510315E+0
5.7812	3.448486E-2	3.143311E-2	2.997131E+0	6.530457E+0
5.7969	3.295898E-2	3.753662E-2	2.997437E+0	6.551208E+0
5.8125	2.563477E-2	3.570557E-2	2.997131E+0	6.570129E+0
5.8125	2.960205E-2	3.509521E-2	2.997437E+0	6.589661E+0
5.8281	2.838135E-2	3.265381E-2	2.997742E+0	6.611023E+0
5.8437	2.960205E-2	3.509521E-2	2.997131E+0	6.629944E+0
5.8437	3.295898E-2	2.960205E-2	2.997742E+0	6.647949E+0
5.8594	2.990723E-2	3.021240E-2	2.997742E+0	6.670227E+0
5.875	3.387451E-2	3.295898E-2	2.997437E+0	6.690063E+0
5.875	3.021240E-2	3.417969E-2	2.997437E+0	6.708984E+0
5.8906	3.021240E-2	3.143311E-2	2.998047E+0	6.729736E+0
5.9062	2.960205E-2	3.387451E-2	2.998352E+0	6.748962E+0
5.9062	2.868652E-2	3.417969E-2	2.997742E+0	6.767883E+0
5.9219	3.051758E-2	3.265381E-2	2.997437E+0	6.789246E+0
5.9375	3.082275E-2	3.417969E-2	2.997437E+0	6.809082E+0
5.9375	3.417969E-2	3.692627E-2	2.998047E+0	6.826477E+0
5.9531	3.082275E-2	3.784180E-2	2.997742E+0	6.849365E+0
5.9531	2.960205E-2	4.119873E-2	2.997742E+0	6.867065E+0
5.9687	3.021240E-2	3.723145E-2	2.997437E+0	6.887207E+0
5.9844	3.051758E-2	2.899170E-2	2.997742E+0	6.907959E+0
5.9844	3.631592E-2	3.723145E-2	2.997742E+0	6.927490E+0
6.0	3.326416E-2	3.845215E-2	2.997742E+0	6.947327E+0
6.0156	2.655029E-2	3.417969E-2	2.997437E+0	6.966858E+0
6.0156	3.509521E-2	4.211426E-2	2.998047E+0	6.988220E+0
6.0312	3.143311E-2	3.540039E-2	2.998047E+0	7.004395E+0
6.0469	2.990723E-2	3.692627E-2	2.997437E+0	7.027283E+0
6.0469	3.662109E-2	3.936768E-2	2.997437E+0	7.046814E+0
6.0625	3.356934E-2	4.241943E-2	2.998047E+0	7.065125E+0
6.0781	3.417969E-2	4.028320E-2	2.997437E+0	7.086487E+0
6.0781	3.051758E-2	3.448486E-2	2.998047E+0	7.104492E+0
6.0937	2.807617E-2	3.753662E-2	2.998047E+0	7.124634E+0
6.0937	3.082275E-2	4.119873E-2	2.997437E+0	7.145081E+0
6.1094	2.868652E-2	4.089355E-2	2.997131E+0	7.164612E+0
6.125	3.601074E-2	3.906250E-2	2.997742E+0	7.183533E+0
6.125	3.112793E-2	3.936768E-2	2.997437E+0	7.204895E+0
6.1406	3.326416E-2	3.967285E-2	2.997437E+0	7.224731E+0
6.1406	3.204346E-2	3.814697E-2	2.997742E+0	7.243042E+0
6.1562	3.356934E-2	4.150391E-2	2.997437E+0	7.264709E+0
6.1719	3.295898E-2	4.302979E-2	2.997437E+0	7.283936E+0
6.1719	3.509521E-2	3.540039E-2	2.997742E+0	7.303162E+0
6.1875	3.906250E-2	4.058838E-2	2.997742E+0	7.323914E+0
6.2031	3.479004E-2	3.845215E-2	2.997742E+0	7.343445E+0
6.2031	3.143311E-2	3.692627E-2	2.997437E+0	7.361755E+0
6.2187	3.753662E-2	3.631592E-2	2.997437E+0	7.383118E+0
6.2344	3.387451E-2	3.540039E-2	2.997742E+0	7.402649E+0
6.2344	3.234863E-2	3.631592E-2	2.997437E+0	7.420959E+0
6.25	3.295898E-2	4.180908E-2	2.998047E+0	7.442627E+0
6.2656	3.570557E-2	4.455566E-2	2.997131E+0	7.461548E+0
6.2656	3.295898E-2	4.547119E-2	2.997131E+0	7.481079E+0
6.2812	3.509521E-2	3.997803E-2	2.997742E+0	7.501831E+0
6.2969	3.082275E-2	4.730225E-2	2.997742E+0	7.521057E+0
6.2969	3.356934E-2	3.723145E-2	2.998047E+0	7.541504E+0
6.3125	3.173828E-2	4.577637E-2	2.997437E+0	7.560730E+0
6.3281	3.540039E-2	4.211426E-2	2.997742E+0	7.579956E+0
6.3281	3.387451E-2	3.936768E-2	2.997742E+0	7.599487E+0
6.3437	2.960205E-2	4.333496E-2	2.997437E+0	7.619934E+0
6.3437	3.723145E-2	4.150391E-2	2.998047E+0	7.639771E+0
6.3594	3.631592E-2	4.455566E-2	2.997131E+0	7.658081E+0
6.375	3.936768E-2	4.364014E-2	2.997437E+0	7.680054E+0
6.375	3.936768E-2	4.089355E-2	2.998047E+0	7.699585E+0
6.3906	3.540039E-2	4.028320E-2	2.997742E+0	7.716980E+0
6.4062	3.570557E-2	3.997803E-2	2.997742E+0	7.739868E+0
6.4062	3.967285E-2	4.364014E-2	2.997742E+0	7.758179E+0
6.4219	2.929687E-2	4.272461E-2	2.997131E+0	7.777100E+0
6.4375	3.265381E-2	3.784180E-2	2.997437E+0	7.798767E+0
6.4375	3.692627E-2	3.936768E-2	2.997742E+0	7.817688E+0
6.4531	3.509521E-2	4.516602E-2	2.997437E+0	7.835693E+0
6.4687	3.387451E-2	4.364014E-2	2.997742E+0	7.857666E+0
6.4687	3.936768E-2	4.211426E-2	2.997437E+0	7.876892E+0
6.4844	2.807617E-2	4.608154E-2	2.997437E+0	7.895508E+0
6.4844	3.997803E-2	4.669189E-2	2.998047E+0	7.917786E+0
6.5	3.356934E-2	4.211426E-2	2.998047E+0	7.936096E+0
6.5156	2.960205E-2	4.791260E-2	2.997437E+0	7.955627E+0
6.5156	3.082275E-2	4.058838E-2	2.986145E+0	7.975464E+0
6.5312	3.356934E-2	5.554199E-2	2.867126E+0	7.976379E+0
6.5312	3.662109E-2	4.913330E-2	2.786255E+0	7.976379E+0
6.5469	3.601074E-2	5.310059E-2	2.657776E+0	7.975464E+0
6.5625	3.753662E-2	5.310059E-2	2.548523E+0	7.975769E+0
6.5625	3.753662E-2	4.943848E-2	2.486877E+0	7.975159E+0
6.5781	3.845215E-2	4.791260E-2	2.377625E+0	7.975769E+0
6.5937	3.967285E-2	5.249023E-2	2.247314E+0	7.975464E+0
6.5937	4.180908E-2	5.798340E-2	2.186890E+0	7.974854E+0
6.6094	3.997803E-2	6.164551E-2	2.062683E+0	7.975159E+0
6.625	3.723145E-2	6.591797E-2	1.965027E+0	7.974854E+0
6.625	4.058838E-2	6.927490E-2	1.888123E+0	7.975159E+0
6.6406	4.180908E-2	6.469727E-2	1.765747E+0	7.975464E+0
6.6562	4.150391E-2	6.530762E-2	1.648560E+0	7.975159E+0
6.6562	4.333496E-2	6.195068E-2	1.588745E+0	7.975159E+0
6.6719	4.150391E-2	7.049561E-2	1.461182E+0	7.975159E+0
6.6875	4.425049E-2	6.744385E-2	1.349792E+0	7.975464E+0
6.6875	4.333496E-2	6.561279E-2	1.286926E+0	7.974854E+0
6.7031	4.302979E-2	6.683350E-2	1.166382E+0	7.974854E+0
6.7031	4.089355E-2	6.744385E-2	1.066895E+0	7.974854E+0
6.7187	4.821777E-2	7.141113E-2	9.985352E-1	7.975159E+0
6.7344	4.974365E-2	7.049561E-2	8.700562E-1	7.974548E+0
6.7344	4.638672E-2	8.483887E-2	7.516479E-1	7.974548E+0
6.75	5.004883E-2	7.568359E-2	6.930542E-1	7.974854E+0
6.7656	4.577637E-2	7.965088E-2	5.847168E-1	7.975159E+0
6.7656	4.699707E-2	7.843018E-2	4.644775E-1	7.974548E+0
6.7812	4.211426E-2	7.598877E-2	3.588867E-1	7.975159E+0
6.7812	4.516602E-2	7.904053E-2	2.990723E-1	7.974548E+0
6.7969	4.791260E-2	7.385254E-2	1.870728E-1	7.974548E+0
6.8125	4.852295E-2	8.178711E-2	7.751465E-2	7.974548E+0
6.8125	4.791260E-2	7.781982E-2	1.434326E-2	7.974854E+0
6.8281	4.241943E-2	7.995605E-2	8.850098E-3	7.880554E+0
6.8437	4.882812E-2	7.537842E-2	1.007080E-2	7.783508E+0
6.8437	4.882812E-2	8.056641E-2	1.068115E-2	7.691956E+0
6.8594	4.608154E-2	7.934570E-2	1.037598E-2	7.583008E+0
6.875	4.638672E-2	7.934570E-2	1.129150E-2	7.486267E+0
6.875	4.272461E-2	7.385254E-2	1.098633E-2	7.388611E+0
6.8906	4.577637E-2	7.843018E-2	1.190186E-2	7.285156E+0
6.9062	4.089355E-2	7.537842E-2	1.251221E-2	7.185974E+0
6.9062	5.493164E-2	7.690430E-2	1.220703E-2	7.093201E+0
6.9219	5.249023E-2	7.812500E-2	1.159668E-2	6.985779E+0
6.9375	3.845215E-2	7.751465E-2	1.190186E-2	6.889038E+0
6.9375	4.608154E-2	7.141113E-2	1.251221E-2	6.795044E+0
6.9531	4.455566E-2	6.805420E-2	1.159668E-2	6.687622E+0
6.9531	4.791260E-2	7.110596E-2	1.281738E-2	6.590881E+0
6.9687	4.699707E-2	6.866455E-2	1.190186E-2	6.492615E+0
6.9844	4.394531E-2	6.530762E-2	1.220703E-2	6.389771E+0
6.9844	4.821777E-2	7.141113E-2	1.190186E-2	6.292114E+0
7.0	4.302979E-2	6.896973E-2	1.159668E-2	6.193542E+0
7.0156	4.180908E-2	7.263184E-2	1.190186E-2	6.091919E+0
7.0156	4.669189E-2	6.591797E-2	1.220703E-2	5.992126E+0
7.0312	4.272461E-2	6.683350E-2	1.129150E-2	5.904846E+0
7.0469	4.302979E-2	5.920410E-2	1.220703E-2	5.793152E+0
7.0469	4.241943E-2	7.019043E-2	1.190186E-2	5.693970E+0
7.0625	4.302979E-2	6.591797E-2	1.220703E-2	5.601196E+0
7.0781	4.364014E-2	6.256104E-2	1.190186E-2	5.494080E+0
7.0781	4.608154E-2	6.286621E-2	1.251221E-2	5.397644E+0
7.0937	3.479004E-2	6.439209E-2	1.129150E-2	5.297546E+0
7.0937	3.723145E-2	6.042480E-2	1.220703E-2	5.196838E+0
7.1094	4.302979E-2	6.011963E-2	1.281738E-2	5.097351E+0
7.125	4.211426E-2	6.103516E-2	1.251221E-2	5.000000E+0
7.125	3.967285E-2	6.072998E-2	1.251221E-2	4.896851E+0
7.1406	4.791260E-2	6.286621E-2	1.190186E-2	4.798584E+0
7.1406	4.211426E-2	6.500244E-2	1.159668E-2	4.703979E+0
7.1562	4.638672E-2	5.981445E-2	1.220703E-2	4.598083E+0
7.1719	4.150391E-2	6.011963E-2	1.220703E-2	4.500427E+0
7.1719	3.997803E-2	5.889893E-2	1.159668E-2	4.401245E+0
7.1875	3.814697E-2	5.676270E-2	1.281738E-2	4.299316E+0
7.2031	3.723145E-2	6.317139E-2	1.220703E-2	4.201355E+0
7.2031	3.784180E-2	6.225586E-2	1.159668E-2	4.103088E+0
7.2187	4.058838E-2	6.042480E-2	1.251221E-2	3.999939E+0
7.2344	4.333496E-2	5.523682E-2	1.281738E-2	3.901367E+0
7.2344	3.845215E-2	6.011963E-2	1.251221E-2	3.806152E+0
7.25	4.272461E-2	5.584717E-2	1.251221E-2	3.699036E+0
7.2656	4.394531E-2	5.737305E-2	1.220703E-2	3.602295E+0
7.2656	4.180908E-2	5.737305E-2	1.220703E-2	3.502808E+0
7.2812	3.875732E-2	4.821777E-2	1.190186E-2	3.400574E+0
7.2969	2.990723E-2	5.157471E-2	1.220703E-2	3.302002E+0
7.2969	3.936768E-2	5.676270E-2	1.190186E-2	3.203430E+0
7.3125	3.906250E-2	5.157471E-2	1.251221E-2	3.101196E+0
7.3281	3.814697E-2	4.394531E-2	1.220703E-2	3.002014E+0
7.3281	3.295898E-2	5.554199E-2	1.220703E-2	2.904053E+0
7.3437	3.234863E-2	5.401611E-2	1.190186E-2	2.800293E+0
7.3437	2.685547E-2	4.974365E-2	1.251221E-2	2.702026E+0
7.3594	3.784180E-2	5.187988E-2	1.281738E-2	2.606201E+0
7.375	3.509521E-2	5.249023E-2	1.281738E-2	2.501221E+0
7.375	3.967285E-2	5.126953E-2	1.281738E-2	2.401733E+0
7.3906	3.479004E-2	5.187988E-2	1.281738E-2	2.306213E+0
7.4062	4.486084E-2	4.669189E-2	1.281738E-2	2.201843E+0
7.4062	4.150391E-2	5.432129E-2	1.251221E-2	2.102661E+0
7.4219	3.692627E-2	4.852295E-2	1.251221E-2	2.004395E+0
7.4375	3.814697E-2	5.065918E-2	1.312256E-2	1.901855E+0
7.4375	3.326416E-2	4.669189E-2	1.312256E-2	1.802979E+0
7.4531	3.387451E-2	3.753662E-2	1.281738E-2	1.704102E+0
7.4687	3.082275E-2	4.974365E-2	1.312256E-2	1.601562E+0
7.4687	3.814697E-2	4.394531E-2	1.220703E-2	1.502380E+0
7.4844	3.784180E-2	4.608154E-2	1.312256E-2	1.407166E+0
7.4844	3.814697E-2	4.699707E-2	1.342773E-2	1.301880E+0
7.5	3.326416E-2	4.302979E-2	1.312256E-2	1.203613E+0
7.5156	2.899170E-2	4.852295E-2	1.281738E-2	1.104431E+0
7.5156	3.417969E-2	4.150391E-2	1.342773E-2	1.002808E+0
7.5312	3.112793E-2	4.028320E-2	1.342773E-2	9.072876E-1
7.5312	3.112793E-2	4.302979E-2	1.373291E-2	8.020020E-1
7.5469	3.906250E-2	3.723145E-2	1.312256E-2	7.022095E-1
7.5625	3.234863E-2	3.814697E-2	1.312256E-2	6.036377E-1
7.5625	3.570557E-2	4.272461E-2	1.190186E-2	5.068970E-1
7.5781	3.601074E-2	4.241943E-2	1.342773E-2	4.022217E-1
7.5937	3.631592E-2	4.394531E-2	1.312256E-2	3.027344E-1
7.5937	3.601074E-2	4.547119E-2	1.312256E-2	2.069092E-1
7.6094	3.784180E-2	3.723145E-2	1.312256E-2	1.019287E-1
7.625	3.479004E-2	4.394531E-2	1.281738E-2	4.577637E-3
7.625	3.234863E-2	3.631592E-2	1.342773E-2	5.493164E-3
7.6406	3.692627E-2	3.814697E-2	1.403809E-2	7.934570E-3
7.6562	3.479004E-2	3.967285E-2	1.403809E-2	8.850098E-3
7.6562	2.929687E-2	3.631592E-2	1.281738E-2	8.850098E-3
7.6719	3.723145E-2	4.364014E-2	1.342773E-2	9.155273E-3
7.6875	3.173828E-2	4.272461E-2	1.342773E-2	8.850098E-3
7.6875	3.753662E-2	3.814697E-2	1.342773E-2	1.007080E-2
7.7031	3.204346E-2	3.845215E-2	1.403809E-2	9.460449E-3
7.7031	3.204346E-2	3.601074E-2	1.312256E-2	1.007080E-2
7.7187	4.364014E-2	4.119873E-2	1.342773E-2	1.037598E-2
7.7344	2.868652E-2	3.601074E-2	1.373291E-2	9.765625E-3
7.7344	3.204346E-2	4.608154E-2	1.312256E-2	1.037598E-2
7.75	3.234863E-2	4.241943E-2	1.342773E-2	9.765625E-3
7.7656	3.784180E-2	3.387451E-2	1.342773E-2	1.007080E-2
7.7656	3.051758E-2	4.516602E-2	1.342773E-2	1.007080E-2
7.7812	2.960205E-2	3.845215E-2	1.342773E-2	1.007080E-2
7.7969	3.753662E-2	3.540039E-2	1.312256E-2	1.007080E-2
7.7969	3.295898E-2	3.662109E-2	1.342773E-2	1.007080E-2
7.8125	3.326416E-2	3.692627E-2	1.342773E-2	1.037598E-2
7.8281	3.204346E-2	3.692627E-2	1.342773E-2	1.007080E-2
7.8281	3.234863E-2	3.875732E-2	1.373291E-2	1.007080E-2
7.8437	2.868652E-2	4.180908E-2	1.342773E-2	1.037598E-2
7.8437	3.112793E-2	3.875732E-2	1.281738E-2	1.068115E-2
7.8594	2.777100E-2	4.150391E-2	1.342773E-2	9.765625E-3
7.875	4.028320E-2	4.089355E-2	1.373291E-2	1.037598E-2
7.875	2.899170E-2	4.180908E-2	1.342773E-2	1.007080E-2
7.8906	3.326416E-2	3.936768E-2	1.312256E-2	1.037598E-2
7.8906	3.631592E-2	4.180908E-2	1.281738E-2	9.765625E-3
7.9062	3.631592E-2	3.997803E-2	1.281738E-2	1.037598E-2
7.9219	3.234863E-2	4.364014E-2	1.281738E-2	1.007080E-2
7.9219	3.448486E-2	3.936768E-2	1.312256E-2	1.037598E-2
7.9375	3.753662E-2	4.364014E-2	1.312256E-2	1.007080E-2
7.9531	3.417969E-2	4.608154E-2	1.342773E-2	1.007080E-2
7.9531	3.631592E-2	3.692627E-2	1.342773E-2	1.007080E-2
7.9687	3.417969E-2	3.723145E-2	1.342773E-2	1.098633E-2
7.9844	3.326416E-2	4.425049E-2	1.312256E-2	1.037598E-2
7.9844	3.204346E-2	4.669189E-2	1.312256E-2	1.037598E-2
8.0	3.326416E-2	3.631592E-2	1.312256E-2	1.098633E-2
8.0156	2.960205E-2	4.699707E-2	1.342773E-2	1.007080E-2
8.0156	3.051758E-2	4.119873E-2	1.281738E-2	1.068115E-2
8.0312	3.936768E-2	4.150391E-2	1.342773E-2	1.007080E-2
8.0469	3.631592E-2	4.333496E-2	1.403809E-2	1.037598E-2
8.0469	3.143311E-2	4.028320E-2	1.342773E-2	1.007080E-2
8.0625	3.204346E-2	3.814697E-2	1.373291E-2	1.037598E-2
8.0781	3.570557E-2	4.730225E-2	1.342773E-2	1.098633E-2
8.0781	3.234863E-2	3.875732E-2	1.342773E-2	1.007080E-2
8.0937	3.540039E-2	4.272461E-2	1.312256E-2	1.037598E-2
8.0937	3.662109E-2	4.180908E-2	1.281738E-2	1.007080E-2
8.1094	3.265381E-2	3.784180E-2	1.342773E-2	1.037598E-2
8.125	3.631592E-2	4.577637E-2	1.312256E-2	1.037598E-2
8.125	2.716064E-2	3.723145E-2	1.312256E-2	1.068115E-2
8.1406	3.326416E-2	4.150391E-2	1.312256E-2	1.068115E-2
8.1562	3.204346E-2	4.547119E-2	1.342773E-2	1.037598E-2
8.1562	2.868652E-2	4.302979E-2	1.312256E-2	1.098633E-2
8.1719	3.448486E-2	4.180908E-2	1.373291E-2	1.068115E-2
8.1875	3.814697E-2	4.028320E-2	1.312256E-2	1.007080E-2
8.1875	2.593994E-2	3.936768E-2	1.342773E-2	1.037598E-2
8.2031	3.356934E-2	4.150391E-2	1.312256E-2	1.098633E-2
8.2187	3.570557E-2	4.028320E-2	1.342773E-2	1.007080E-2
8.2187	2.593994E-2	4.180908E-2	1.312256E-2	1.007080E-2
8.2344	3.143311E-2	4.638672E-2	1.342773E-2	1.068115E-2
8.2344	2.410889E-2	3.814697E-2	1.342773E-2	1.037598E-2
8.25	3.234863E-2	3.997803E-2	1.312256E-2	1.037598E-2
8.2656	3.631592E-2	4.425049E-2	1.342773E-2	9.765625E-3
8.2656	3.021240E-2	4.028320E-2	1.312256E-2	1.007080E-2
8.2812	2.685547E-2	4.302979E-2	1.342773E-2	1.037598E-2
8.2812	3.326416E-2	4.058838E-2	1.373291E-2	1.037598E-2
8.2969	3.234863E-2	4.241943E-2	1.342773E-2	1.037598E-2
8.3125	3.875732E-2	4.791260E-2	1.312256E-2	1.098633E-2
8.3125	3.173828E-2	4.302979E-2	1.373291E-2	1.068115E-2
8.3281	2.746582E-2	4.272461E-2	1.342773E-2	1.007080E-2
8.3437	3.601074E-2	3.784180E-2	1.342773E-2	1.068115E-2
8.3437	3.295898E-2	4.241943E-2	1.342773E-2	1.068115E-2
8.3594	3.417969E-2	4.089355E-2	1.312256E-2	1.068115E-2
8.375	3.479004E-2	3.601074E-2	1.312256E-2	1.068115E-2
8.375	3.784180E-2	3.967285E-2	1.342773E-2	1.037598E-2
8.3906	3.204346E-2	4.302979E-2	1.312256E-2	1.037598E-2
8.4062	3.509521E-2	4.943848E-2	1.342773E-2	9.765625E-3
8.4062	3.692627E-2	4.333496E-2	1.312256E-2	9.765625E-3
8.4219	3.265381E-2	4.150391E-2	1.403809E-2	1.068115E-2
8.4375	3.143311E-2	3.753662E-2	1.281738E-2	1.007080E-2
8.4375	3.540039E-2	3.326416E-2	1.312256E-2	1.007080E-2
8.4531	3.875732E-2	4.089355E-2	1.342773E-2	1.068115E-2
8.4531	3.570557E-2	3.723145E-2	1.312256E-2	1.037598E-2
8.4687	3.112793E-2	4.486084E-2	1.312256E-2	1.068115E-2
8.4844	2.471924E-2	3.356934E-2	1.312256E-2	1.037598E-2
8.4844	3.265381E-2	4.150391E-2	1.373291E-2	1.037598E-2
8.5	2.410889E-2	4.211426E-2	1.312256E-2	1.098633E-2
8.5156	3.326416E-2	4.364014E-2	1.342773E-2	9.765625E-3
8.5156	3.723145E-2	4.364014E-2	1.281738E-2	1.037598E-2
8.5312	3.448486E-2	3.997803E-2	1.312256E-2	1.007080E-2
8.5312	3.509521E-2	4.272461E-2	1.342773E-2	1.037598E-2
8.5469	3.906250E-2	3.875732E-2	1.342773E-2	1.068115E-2
8.5625	2.807617E-2	3.875732E-2	1.342773E-2	1.068115E-2
8.5625	3.662109E-2	3.845215E-2	1.403809E-2	1.037598E-2
8.5781	3.204346E-2	4.150391E-2	1.312256E-2	1.037598E-2
8.5937	3.875732E-2	3.692627E-2	1.312256E-2	1.037598E-2
8.5937	3.417969E-2	4.608154E-2	1.342773E-2	1.007080E-2
