November 24, 2009 13:10
629a03
H:\20091124-sws10-ls\traj\LS_p33_d80_vp20_vd20.traj
lateral amplification = 100
normal amp = 500
pitch angle = -12
roll angle = 156
cantilever = 629a03
sample = sws10
<data>
time	voltageForceLateral	voltageForceNormal	voltagePositionX	voltagePositionY
95.75	-2.868652E-2	-2.502441E-2	8.239746E-3	5.493164E-3
95.7656	-1.220703E-2	-3.112793E-2	8.544922E-3	4.882812E-3
95.7656	-3.112793E-2	-5.645752E-2	7.934570E-3	5.493164E-3
95.7812	-2.624512E-2	-7.873535E-2	8.850098E-3	5.798340E-3
95.7969	-7.629395E-3	-5.035400E-2	8.239746E-3	5.493164E-3
95.7969	-1.525879E-2	-2.502441E-2	8.544922E-3	5.187988E-3
95.8125	-1.922607E-2	-5.828857E-2	8.544922E-3	5.493164E-3
95.8281	-2.593994E-2	-6.774902E-2	8.850098E-3	5.493164E-3
95.8281	-7.629395E-3	-3.692627E-2	7.934570E-3	5.187988E-3
95.8437	-3.631592E-2	-8.392334E-2	8.239746E-3	6.103516E-3
95.8594	-1.861572E-2	-2.685547E-2	8.239746E-3	5.798340E-3
95.8594	-3.082275E-2	-6.683350E-2	8.239746E-3	4.577637E-3
95.875	-3.692627E-2	-6.958008E-2	8.239746E-3	5.493164E-3
95.8906	-1.464844E-2	-5.737305E-2	8.850098E-3	5.798340E-3
95.8906	-1.068115E-2	-5.828857E-2	7.934570E-3	5.493164E-3
95.9062	-2.624512E-2	-6.958008E-2	8.239746E-3	5.798340E-3
95.9062	-2.563477E-2	-6.896973E-2	8.544922E-3	5.798340E-3
95.9219	-7.629395E-3	-3.967285E-2	7.934570E-3	5.493164E-3
95.9375	-1.220703E-2	-3.936768E-2	8.239746E-3	5.187988E-3
95.9375	-2.136230E-2	-3.173828E-2	8.850098E-3	5.493164E-3
95.9531	-3.448486E-2	-7.110596E-2	8.544922E-3	5.798340E-3
95.9531	-2.655029E-2	-4.577637E-2	8.239746E-3	5.187988E-3
95.9687	-2.197266E-2	-4.760742E-2	8.239746E-3	5.493164E-3
95.9844	-1.312256E-2	-6.774902E-2	8.239746E-3	5.798340E-3
95.9844	-2.075195E-2	-4.333496E-2	8.239746E-3	5.798340E-3
96.0	-2.105713E-2	-5.615234E-2	8.239746E-3	5.493164E-3
96.0156	-2.593994E-2	-3.570557E-2	8.544922E-3	5.798340E-3
96.0156	-1.220703E-2	-4.821777E-2	8.544922E-3	5.493164E-3
96.0312	-3.448486E-2	-5.065918E-2	8.544922E-3	5.187988E-3
96.0469	-3.479004E-2	-6.072998E-2	7.934570E-3	5.798340E-3
96.0469	-9.460449E-3	-4.791260E-2	8.239746E-3	5.798340E-3
96.0625	-2.838135E-2	-4.699707E-2	8.544922E-3	5.798340E-3
96.0781	-2.807617E-2	-6.530762E-2	7.934570E-3	5.798340E-3
96.0781	-3.540039E-2	-6.072998E-2	7.934570E-3	5.493164E-3
96.0937	-1.068115E-2	-2.685547E-2	8.850098E-3	5.493164E-3
96.1094	-1.586914E-2	-2.593994E-2	7.934570E-3	5.798340E-3
96.1094	-1.190186E-2	-4.577637E-2	8.239746E-3	5.187988E-3
96.125	-3.204346E-2	-6.225586E-2	8.850098E-3	5.798340E-3
96.125	-3.570557E-2	-3.936768E-2	8.544922E-3	5.493164E-3
96.1406	-2.288818E-2	-6.347656E-2	7.934570E-3	5.798340E-3
96.1562	-1.464844E-2	-5.157471E-2	8.544922E-3	4.577637E-3
96.1562	-2.410889E-2	-6.195068E-2	8.239746E-3	6.103516E-3
96.1719	-3.448486E-2	-6.317139E-2	8.544922E-3	4.882812E-3
96.1875	-2.685547E-2	-2.716064E-2	8.544922E-3	5.493164E-3
96.1875	-2.166748E-2	-6.225586E-2	8.239746E-3	5.798340E-3
96.2031	-7.019043E-3	-2.105713E-2	8.239746E-3	5.493164E-3
96.2187	-1.159668E-2	-3.784180E-2	8.544922E-3	5.798340E-3
96.2187	-2.044678E-2	-3.601074E-2	8.544922E-3	5.493164E-3
96.2344	-3.173828E-2	-6.988525E-2	8.544922E-3	5.187988E-3
96.25	-3.540039E-2	-5.889893E-2	8.239746E-3	6.103516E-3
96.25	-1.007080E-2	-3.570557E-2	8.544922E-3	6.408691E-3
96.2656	-1.464844E-2	-5.432129E-2	7.934570E-3	6.103516E-3
96.2656	-3.234863E-2	-5.767822E-2	8.239746E-3	5.187988E-3
96.2812	-3.051758E-2	-7.965088E-2	8.239746E-3	5.493164E-3
96.2969	-2.807617E-2	-5.706787E-2	8.239746E-3	5.187988E-3
96.2969	-2.838135E-2	-4.852295E-2	7.934570E-3	5.798340E-3
96.3125	-3.356934E-2	-6.988525E-2	8.544922E-3	5.493164E-3
96.3125	-2.807617E-2	-5.859375E-2	8.239746E-3	5.187988E-3
96.3281	-2.929687E-2	-7.141113E-2	7.629395E-3	5.493164E-3
96.3437	-1.464844E-2	-2.899170E-2	8.850098E-3	5.187988E-3
96.3437	-1.586914E-2	-6.286621E-2	8.544922E-3	5.187988E-3
96.3594	-1.281738E-2	-3.021240E-2	8.850098E-3	5.798340E-3
96.375	-2.624512E-2	-3.204346E-2	8.239746E-3	5.798340E-3
96.375	-6.408691E-3	-3.997803E-2	8.239746E-3	5.798340E-3
96.3906	-3.112793E-2	-5.310059E-2	8.850098E-3	4.882812E-3
96.4062	-1.312256E-2	-3.906250E-2	8.544922E-3	5.187988E-3
96.4062	-1.861572E-2	-2.502441E-2	8.544922E-3	6.103516E-3
96.4219	-2.990723E-2	-6.469727E-2	8.544922E-3	5.798340E-3
96.4375	-1.129150E-2	-4.699707E-2	7.934570E-3	5.493164E-3
96.4375	-2.929687E-2	-4.913330E-2	8.850098E-3	6.103516E-3
96.4531	-1.892090E-2	-3.753662E-2	8.544922E-3	5.493164E-3
96.4687	-3.570557E-2	-6.134033E-2	8.544922E-3	5.493164E-3
96.4687	-1.434326E-2	-3.051758E-2	8.850098E-3	5.187988E-3
96.4844	-1.190186E-2	-4.058838E-2	7.934570E-3	6.103516E-3
96.5	-1.129150E-2	-4.730225E-2	8.544922E-3	5.493164E-3
96.5	-1.708984E-2	-3.387451E-2	8.850098E-3	6.103516E-3
96.5156	-3.112793E-2	-4.180908E-2	8.544922E-3	6.103516E-3
96.5156	-3.570557E-2	-6.866455E-2	8.239746E-3	5.493164E-3
96.5312	-3.387451E-2	-6.896973E-2	8.239746E-3	5.493164E-3
96.5469	-3.570557E-2	-4.943848E-2	8.850098E-3	5.798340E-3
96.5469	-2.777100E-2	-7.812500E-2	8.239746E-3	5.798340E-3
96.5625	-1.953125E-2	-2.746582E-2	8.544922E-3	5.493164E-3
96.5781	-3.143311E-2	-4.913330E-2	8.239746E-3	5.798340E-3
96.5781	-2.563477E-2	-1.159668E-2	8.544922E-3	5.493164E-3
96.5937	-3.143311E-2	-5.767822E-2	8.239746E-3	5.493164E-3
96.6094	-1.556396E-2	-4.821777E-2	8.239746E-3	6.103516E-3
96.6094	-1.312256E-2	-5.645752E-2	8.239746E-3	5.798340E-3
96.625	-2.624512E-2	-5.706787E-2	8.544922E-3	5.187988E-3
96.6406	-3.112793E-2	-5.981445E-2	8.544922E-3	5.493164E-3
96.6406	-4.333496E-2	-6.347656E-2	7.629395E-3	6.103516E-3
96.6562	-1.129150E-2	-5.249023E-2	8.544922E-3	5.798340E-3
96.6562	-3.143311E-2	-7.171631E-2	1.312256E-2	5.493164E-3
96.6719	-2.349854E-2	-4.302979E-2	3.265381E-2	6.103516E-3
96.6875	-3.326416E-2	-8.087158E-2	4.852295E-2	6.103516E-3
96.6875	-7.934570E-3	-5.432129E-2	7.110596E-2	5.493164E-3
96.7031	-3.234863E-2	-6.256104E-2	9.552002E-2	5.798340E-3
96.7031	-3.326416E-2	-7.171631E-2	1.098633E-1	5.493164E-3
96.7187	-6.103516E-3	-6.378174E-2	1.345825E-1	5.798340E-3
96.7344	-1.434326E-2	-6.561279E-2	1.571655E-1	5.493164E-3
96.7344	-7.019043E-3	-7.354736E-2	1.693726E-1	5.798340E-3
96.75	-3.906250E-2	-9.033203E-2	1.916504E-1	5.187988E-3
96.7656	-2.105713E-2	-6.378174E-2	2.157593E-1	5.493164E-3
96.7656	-2.166748E-2	-7.690430E-2	2.294922E-1	5.798340E-3
96.7812	-3.204346E-2	-6.347656E-2	2.536011E-1	5.493164E-3
96.7969	-2.563477E-2	-1.022339E-1	2.764893E-1	5.493164E-3
96.7969	-2.685547E-2	-8.850098E-2	2.899170E-1	6.103516E-3
96.8125	-1.556396E-2	-1.077271E-1	3.115845E-1	5.493164E-3
96.8281	-2.288818E-2	-1.098633E-1	3.359985E-1	5.798340E-3
96.8281	-2.105713E-2	-7.843018E-2	3.485107E-1	5.798340E-3
96.8437	-2.441406E-2	-1.010132E-1	3.735352E-1	6.408691E-3
96.8594	-2.258301E-2	-8.087158E-2	3.958130E-1	5.493164E-3
96.8594	-3.356934E-2	-1.058960E-1	4.095459E-1	5.187988E-3
96.875	-3.509521E-2	-9.155273E-2	4.327393E-1	5.493164E-3
96.875	-3.326416E-2	-1.376343E-1	4.522705E-1	5.493164E-3
96.8906	-2.777100E-2	-1.010132E-1	4.684448E-1	5.493164E-3
96.9062	-4.547119E-2	-1.394653E-1	4.907227E-1	5.798340E-3
96.9062	-2.593994E-2	-1.419067E-1	5.148315E-1	5.798340E-3
96.9219	-1.953125E-2	-1.132202E-1	5.291748E-1	5.798340E-3
96.9375	-3.906250E-2	-1.516724E-1	5.535889E-1	5.493164E-3
96.9375	-4.150391E-2	-1.358032E-1	5.758667E-1	5.493164E-3
96.9531	-1.770020E-2	-1.184082E-1	5.886841E-1	5.187988E-3
96.9687	-2.044678E-2	-1.281738E-1	6.109619E-1	5.493164E-3
96.9687	-3.601074E-2	-1.635742E-1	6.356812E-1	4.882812E-3
96.9844	-4.730225E-2	-1.495361E-1	6.484985E-1	5.493164E-3
97.0	-4.669189E-2	-1.495361E-1	6.723022E-1	5.798340E-3
97.0	-2.593994E-2	-1.583862E-1	6.915283E-1	5.493164E-3
97.0156	-2.563477E-2	-1.528931E-1	7.070923E-1	5.493164E-3
97.0156	-4.241943E-2	-1.745605E-1	7.321167E-1	5.798340E-3
97.0312	-2.136230E-2	-1.611328E-1	7.540894E-1	5.493164E-3
97.0469	-2.288818E-2	-1.666260E-1	7.675171E-1	6.103516E-3
97.0469	-2.990723E-2	-1.837158E-1	7.919312E-1	4.882812E-3
97.0625	-4.516602E-2	-1.974487E-1	8.139038E-1	5.493164E-3
97.0625	-2.563477E-2	-1.889038E-1	8.279419E-1	5.493164E-3
97.0781	-4.272461E-2	-2.008057E-1	8.523560E-1	5.493164E-3
97.0937	-3.021240E-2	-2.304077E-1	8.712769E-1	5.493164E-3
97.0937	-2.838135E-2	-1.693726E-1	8.868408E-1	5.187988E-3
97.1094	-2.044678E-2	-1.846313E-1	9.115601E-1	5.187988E-3
97.125	-2.777100E-2	-1.907349E-1	9.335327E-1	5.798340E-3
97.125	-3.814697E-2	-2.026367E-1	9.466553E-1	6.103516E-3
97.1406	-3.845215E-2	-2.169800E-1	9.695435E-1	5.798340E-3
97.1562	-3.387451E-2	-2.093506E-1	9.939575E-1	5.493164E-3
97.1562	-2.990723E-2	-2.050781E-1	1.006470E+0	5.798340E-3
97.1719	-4.974365E-2	-2.420044E-1	1.028442E+0	5.798340E-3
97.1875	-2.563477E-2	-2.148437E-1	1.053162E+0	5.798340E-3
97.1875	-2.105713E-2	-2.139282E-1	1.066589E+0	5.493164E-3
97.2031	-1.800537E-2	-2.105713E-1	1.089783E+0	5.187988E-3
97.2187	-4.760742E-2	-2.590942E-1	1.110535E+0	6.103516E-3
97.2187	-3.326416E-2	-2.575684E-1	1.126404E+0	5.798340E-3
97.2344	-3.631592E-2	-2.423096E-1	1.147766E+0	5.798340E-3
97.25	-3.875732E-2	-2.389526E-1	1.172791E+0	5.493164E-3
97.25	-3.753662E-2	-2.236938E-1	1.186218E+0	5.798340E-3
97.2656	-3.631592E-2	-2.337646E-1	1.210632E+0	5.798340E-3
97.2656	-3.601074E-2	-2.691650E-1	1.233215E+0	5.493164E-3
97.2812	-3.662109E-2	-2.462769E-1	1.250610E+0	5.187988E-3
97.3125	-3.295898E-2	-2.566528E-1	1.299438E+0	5.493164E-3
97.3125	-3.204346E-2	-2.587891E-1	1.314087E+0	6.103516E-3
97.3281	-4.974365E-2	-3.057861E-1	1.351929E+0	5.798340E-3
97.3437	-4.119873E-2	-3.057861E-1	1.364746E+0	5.798340E-3
97.3594	-4.577637E-2	-3.015137E-1	1.387024E+0	5.798340E-3
97.3594	-3.692627E-2	-3.152466E-1	1.412354E+0	5.798340E-3
97.375	-4.730225E-2	-3.137207E-1	1.425171E+0	5.798340E-3
97.3906	-3.540039E-2	-2.600098E-1	1.449585E+0	5.493164E-3
97.3906	-3.875732E-2	-3.012085E-1	1.471863E+0	5.798340E-3
97.4062	-2.471924E-2	-3.024292E-1	1.484985E+0	5.493164E-3
97.4062	-3.326416E-2	-3.027344E-1	1.508484E+0	6.103516E-3
97.4219	-3.173828E-2	-3.085327E-1	1.528015E+0	6.103516E-3
97.4375	-2.960205E-2	-3.121948E-1	1.544495E+0	5.187988E-3
97.4375	-2.349854E-2	-3.503418E-1	1.566467E+0	5.493164E-3
97.4531	-4.730225E-2	-3.277588E-1	1.591492E+0	5.798340E-3
97.4531	-3.265381E-2	-3.189087E-1	1.604614E+0	5.798340E-3
97.4687	-4.119873E-2	-3.558350E-1	1.628418E+0	5.493164E-3
97.4844	-3.570557E-2	-3.427124E-1	1.650696E+0	5.187988E-3
97.4844	-4.180908E-2	-3.533936E-1	1.663513E+0	5.798340E-3
97.5	-4.302979E-2	-3.488159E-1	1.685791E+0	5.493164E-3
97.5156	-2.960205E-2	-3.463745E-1	1.710815E+0	5.187988E-3
97.5156	-2.716064E-2	-3.869629E-1	1.723022E+0	5.493164E-3
97.5312	-3.814697E-2	-3.811646E-1	1.748352E+0	5.493164E-3
97.5469	-3.265381E-2	-4.312134E-1	1.770020E+0	5.187988E-3
97.5469	-7.110596E-2	-3.552246E-1	1.783447E+0	5.493164E-3
97.5625	-2.563477E-2	-4.199219E-1	1.806641E+0	5.493164E-3
97.5781	-2.746582E-2	-4.193115E-1	1.830750E+0	6.103516E-3
97.5781	-5.706787E-2	-4.013062E-1	1.842651E+0	5.493164E-3
97.5937	-4.486084E-2	-4.034424E-1	1.868896E+0	5.493164E-3
97.6094	-3.906250E-2	-4.089355E-1	1.889648E+0	5.493164E-3
97.6094	-4.455566E-2	-4.022217E-1	1.902771E+0	5.493164E-3
97.625	-4.943848E-2	-3.985596E-1	1.926575E+0	5.798340E-3
97.625	-4.882812E-2	-4.321289E-1	1.946411E+0	5.187988E-3
97.6406	-5.889893E-2	-4.492187E-1	1.962280E+0	5.493164E-3
97.6562	-4.974365E-2	-4.562378E-1	1.984558E+0	5.798340E-3
97.6562	-3.570557E-2	-4.522705E-1	2.008972E+0	5.493164E-3
97.6719	-4.699707E-2	-4.885864E-1	2.022400E+0	5.493164E-3
97.6875	-4.302979E-2	-4.183960E-1	2.046814E+0	5.798340E-3
97.6875	-6.408691E-2	-4.336548E-1	2.068481E+0	5.798340E-3
97.7031	-3.509521E-2	-4.559326E-1	2.081909E+0	6.103516E-3
97.7187	-3.906250E-2	-4.425049E-1	2.103882E+0	5.798340E-3
97.7187	-3.845215E-2	-4.733276E-1	2.128601E+0	5.187988E-3
97.7344	-4.638672E-2	-4.684448E-1	2.141113E+0	5.798340E-3
97.75	-5.859375E-2	-4.965210E-1	2.165833E+0	5.798340E-3
97.75	-6.072998E-2	-4.681396E-1	2.185364E+0	5.187988E-3
97.7656	-5.096436E-2	-4.757690E-1	2.201233E+0	5.493164E-3
97.7656	-6.195068E-2	-5.047607E-1	2.223206E+0	5.493164E-3
97.7812	-6.378174E-2	-4.714966E-1	2.248230E+0	5.187988E-3
97.7969	-2.868652E-2	-5.267334E-1	2.260742E+0	5.798340E-3
97.7969	-4.669189E-2	-5.072021E-1	2.285156E+0	5.493164E-3
97.8125	-3.387451E-2	-5.444336E-1	2.308350E+0	6.408691E-3
97.8125	-5.798340E-2	-5.364990E-1	2.319946E+0	5.187988E-3
97.8281	-4.699707E-2	-5.078125E-1	2.344055E+0	5.187988E-3
97.8437	-4.821777E-2	-5.496216E-1	2.364502E+0	5.187988E-3
97.8437	-6.011963E-2	-5.300903E-1	2.380066E+0	5.493164E-3
97.8594	-5.462646E-2	-5.468750E-1	2.402344E+0	5.798340E-3
97.875	-5.279541E-2	-5.648804E-1	2.427368E+0	5.493164E-3
97.875	-4.516602E-2	-5.575562E-1	2.439880E+0	5.493164E-3
97.8906	-6.927490E-2	-5.841064E-1	2.461853E+0	5.798340E-3
97.9062	-5.340576E-2	-5.462646E-1	2.486572E+0	5.187988E-3
97.9062	-4.364014E-2	-6.085205E-1	2.500000E+0	5.493164E-3
97.9219	-6.591797E-2	-5.816650E-1	2.521667E+0	5.493164E-3
97.9375	-4.852295E-2	-6.008911E-1	2.546692E+0	5.493164E-3
97.9375	-4.913330E-2	-6.137085E-1	2.558899E+0	5.493164E-3
97.9531	-5.493164E-2	-6.271362E-1	2.583618E+0	5.493164E-3
97.9687	-5.157471E-2	-6.008911E-1	2.604370E+0	5.798340E-3
97.9687	-6.225586E-2	-6.298828E-1	2.619019E+0	5.798340E-3
97.9844	-5.615234E-2	-6.295776E-1	2.642517E+0	5.798340E-3
97.9844	-5.920410E-2	-6.497192E-1	2.662964E+0	5.493164E-3
98.0	-4.547119E-2	-6.484985E-1	2.678833E+0	5.798340E-3
98.0156	-5.706787E-2	-6.417847E-1	2.702637E+0	6.408691E-3
98.0156	-5.859375E-2	-6.542969E-1	2.725830E+0	5.798340E-3
98.0312	-5.859375E-2	-6.512451E-1	2.738647E+0	5.798340E-3
98.0469	-5.767822E-2	-6.964111E-1	2.762146E+0	5.493164E-3
98.0469	-9.552002E-2	-9.130859E-1	2.782898E+0	5.493164E-3
98.0625	-5.035400E-2	-8.416748E-1	2.797852E+0	5.798340E-3
98.0781	-7.598877E-2	-7.019043E-1	2.820435E+0	5.798340E-3
98.0781	-7.049561E-2	-6.008911E-1	2.845154E+0	5.798340E-3
98.0937	-6.866455E-2	-4.965210E-1	2.858276E+0	5.798340E-3
98.1094	-6.072998E-2	-3.347778E-1	2.879639E+0	5.798340E-3
98.1094	-6.347656E-2	-1.803589E-1	2.904663E+0	5.798340E-3
98.125	-4.486084E-2	-1.095581E-1	2.917786E+0	5.493164E-3
98.1406	-5.310059E-2	2.685547E-2	2.942505E+0	6.103516E-3
98.1406	-6.774902E-2	1.654053E-1	2.965088E+0	5.493164E-3
98.1562	-6.195068E-2	2.377319E-1	2.977600E+0	6.103516E-3
98.1562	-6.866455E-2	4.455566E-1	3.001099E+0	5.493164E-3
98.1719	-2.197266E-2	5.175781E-1	3.021851E+0	5.187988E-3
98.1875	-5.004883E-2	6.231689E-1	3.037109E+0	5.798340E-3
98.1875	-6.530762E-2	8.148193E-1	3.061218E+0	5.798340E-3
98.2031	-4.302979E-2	9.588623E-1	3.084412E+0	6.103516E-3
98.2031	-4.852295E-2	1.026001E+0	3.096313E+0	5.798340E-3
98.2187	-5.126953E-2	1.185608E+0	3.121033E+0	5.798340E-3
98.2344	-5.157471E-2	1.319580E+0	3.144531E+0	5.187988E-3
98.2344	-3.692627E-2	1.415710E+0	3.156128E+0	5.187988E-3
98.25	-3.601074E-2	1.586304E+0	3.178711E+0	6.103516E-3
98.2656	-3.234863E-2	1.719055E+0	3.203125E+0	6.103516E-3
98.2656	-4.364014E-2	1.815186E+0	3.216248E+0	5.798340E-3
98.2812	-4.241943E-2	1.975098E+0	3.240662E+0	5.798340E-3
98.2969	-5.859375E-2	2.140808E+0	3.263550E+0	5.493164E-3
98.2969	-2.441406E-2	2.220764E+0	3.275452E+0	5.493164E-3
98.3125	-4.638672E-2	2.277527E+0	3.291931E+0	6.408691E-3
98.3281	-4.791260E-2	2.203979E+0	3.283386E+0	2.410889E-2
98.3281	-8.300781E-2	2.168884E+0	3.278198E+0	4.211426E-2
98.3437	-9.002686E-2	2.114258E+0	3.268738E+0	6.164551E-2
98.3594	-1.123047E-1	2.087402E+0	3.262024E+0	8.026123E-2
98.3594	-1.229858E-1	2.018127E+0	3.257141E+0	9.765625E-2
98.375	-1.651001E-1	1.947327E+0	3.248901E+0	1.184082E-1
98.375	-1.617432E-1	1.879883E+0	3.241577E+0	1.367187E-1
98.3906	-1.882935E-1	1.866150E+0	3.235474E+0	1.550293E-1
98.4062	-2.151489E-1	1.831360E+0	3.228455E+0	1.742554E-1
98.4062	-2.395630E-1	1.718750E+0	3.221130E+0	1.928711E-1
98.4219	-2.398682E-1	1.686096E+0	3.216248E+0	2.105713E-1
98.4375	-2.703857E-1	1.585388E+0	3.207703E+0	2.316284E-1
98.4375	-2.972412E-1	1.575928E+0	3.200684E+0	2.496338E-1
98.4531	-3.182983E-1	1.550903E+0	3.195496E+0	2.667236E-1
98.4687	-3.533936E-1	1.470032E+0	3.187866E+0	2.877808E-1
98.4687	-3.408813E-1	1.358337E+0	3.179932E+0	3.054810E-1
98.4844	-3.866577E-1	1.384583E+0	3.175049E+0	3.225708E-1
98.5	-4.147339E-1	1.250916E+0	3.166809E+0	3.436279E-1
98.5	-4.266357E-1	1.268616E+0	3.160400E+0	3.616333E-1
98.5156	-4.479980E-1	1.170349E+0	3.154602E+0	3.805542E-1
98.5156	-4.953003E-1	1.116943E+0	3.146667E+0	4.000854E-1
98.5312	-4.937744E-1	1.090698E+0	3.139343E+0	4.177856E-1
98.5469	-5.355835E-1	1.034546E+0	3.134460E+0	4.360962E-1
98.5469	-5.380249E-1	9.683228E-1	3.125610E+0	4.571533E-1
98.5625	-5.859375E-1	9.063721E-1	3.117981E+0	4.748535E-1
98.5625	-5.773926E-1	8.453369E-1	3.113403E+0	4.922485E-1
98.5781	-6.158447E-1	7.543945E-1	3.105164E+0	5.123901E-1
98.5937	-6.521606E-1	7.290649E-1	3.098450E+0	5.310059E-1
98.5937	-6.887817E-1	6.591797E-1	3.093872E+0	5.496216E-1
98.6094	-6.951904E-1	6.008911E-1	3.086243E+0	5.691528E-1
98.625	-7.290649E-1	5.566406E-1	3.077087E+0	5.880737E-1
98.625	-7.449341E-1	4.962158E-1	3.072815E+0	6.060791E-1
98.6406	-7.733154E-1	4.165649E-1	3.064880E+0	6.253052E-1
98.6562	-7.958984E-1	3.958130E-1	3.057251E+0	6.442261E-1
98.6562	-8.157349E-1	3.567505E-1	3.053284E+0	6.619263E-1
98.6719	-8.663940E-1	2.758789E-1	3.044739E+0	6.832886E-1
98.6875	-8.511353E-1	2.053833E-1	3.036194E+0	7.000732E-1
98.6875	-9.143066E-1	1.858521E-1	3.032227E+0	7.183838E-1
98.7031	-9.289551E-1	7.507324E-2	3.023682E+0	7.379150E-1
98.7187	-9.594727E-1	3.112793E-2	3.016663E+0	7.565308E-1
98.7187	-9.991455E-1	-4.089355E-2	3.012085E+0	7.751465E-1
98.7344	-1.009521E+0	-7.293701E-2	3.003845E+0	7.940674E-1
98.75	-1.042480E+0	-1.727295E-1	2.995605E+0	8.129883E-1
98.75	-1.058960E+0	-1.821899E-1	2.991028E+0	8.309937E-1
98.7656	-1.099243E+0	-2.938843E-1	2.984009E+0	8.508301E-1
98.7656	-1.116943E+0	-3.082275E-1	2.976990E+0	8.679199E-1
98.7812	-1.141968E+0	-3.875732E-1	2.971497E+0	8.874512E-1
98.7969	-1.183777E+0	-4.019165E-1	2.964783E+0	9.066772E-1
98.7969	-1.222534E+0	-4.959106E-1	2.956543E+0	9.268188E-1
98.8125	-1.223450E+0	-5.563354E-1	2.948608E+0	9.451294E-1
98.8125	-1.255798E+0	-5.880737E-1	2.943726E+0	9.619141E-1
98.8281	-1.304626E+0	-6.994629E-1	2.934875E+0	9.820557E-1
98.8437	-1.312561E+0	-7.116699E-1	2.928467E+0	1.000671E+0
98.8437	-1.354675E+0	-7.980347E-1	2.923279E+0	1.019287E+0
98.8594	-1.382751E+0	-8.602905E-1	2.915649E+0	1.039429E+0
98.875	-1.425781E+0	-9.527588E-1	2.906494E+0	1.056824E+0
98.875	-1.433105E+0	-9.497070E-1	2.902222E+0	1.075134E+0
98.8906	-1.484985E+0	-1.014404E+0	2.894592E+0	1.094971E+0
98.9062	-1.511536E+0	-1.147766E+0	2.886963E+0	1.114197E+0
98.9062	-1.520081E+0	-1.158752E+0	2.882080E+0	1.130981E+0
98.9219	-1.571960E+0	-1.221313E+0	2.874756E+0	1.151123E+0
98.9375	-1.611328E+0	-1.303406E+0	2.866211E+0	1.169434E+0
98.9375	-1.637573E+0	-1.350403E+0	2.861633E+0	1.188354E+0
98.9531	-1.675110E+0	-1.432800E+0	2.853394E+0	1.207886E+0
98.9687	-1.704407E+0	-1.489868E+0	2.846680E+0	1.226196E+0
98.9687	-1.724548E+0	-1.519470E+0	2.842102E+0	1.244507E+0
98.9844	-1.747437E+0	-1.540833E+0	2.835388E+0	1.263733E+0
98.9844	-1.807556E+0	-1.647034E+0	2.825928E+0	1.282043E+0
99.0	-1.836853E+0	-1.712036E+0	2.821350E+0	1.301575E+0
99.0156	-1.858826E+0	-1.767273E+0	2.811890E+0	1.321106E+0
99.0156	-1.908569E+0	-1.784973E+0	2.803955E+0	1.338196E+0
99.0312	-1.919556E+0	-1.844788E+0	2.799988E+0	1.356506E+0
99.0469	-1.968994E+0	-1.965637E+0	2.792358E+0	1.377258E+0
99.0469	-2.001343E+0	-2.002563E+0	2.785950E+0	1.395569E+0
99.0625	-2.044678E+0	-2.061157E+0	2.780151E+0	1.414490E+0
99.0781	-2.054138E+0	-2.096252E+0	2.772217E+0	1.432190E+0
99.0781	-2.113037E+0	-2.156982E+0	2.763977E+0	1.451721E+0
99.0937	-2.112732E+0	-2.208252E+0	2.759399E+0	1.470032E+0
99.1094	-2.173767E+0	-2.282104E+0	2.752380E+0	1.489868E+0
99.1094	-2.187195E+0	-2.319641E+0	2.743530E+0	1.508484E+0
99.125	-2.230835E+0	-2.395325E+0	2.738953E+0	1.525269E+0
99.1406	-2.245483E+0	-2.432251E+0	2.730713E+0	1.545715E+0
99.1406	-2.280884E+0	-2.481079E+0	2.723083E+0	1.564636E+0
99.1562	-2.322083E+0	-2.578125E+0	2.717896E+0	1.582031E+0
99.1562	-2.337952E+0	-2.580261E+0	2.711487E+0	1.602173E+0
99.1719	-2.395630E+0	-2.648621E+0	2.703857E+0	1.620178E+0
99.1875	-2.430420E+0	-2.722473E+0	2.698059E+0	1.639404E+0
99.1875	-2.464905E+0	-2.735291E+0	2.690735E+0	1.658630E+0
99.2031	-2.496948E+0	-2.824707E+0	2.682190E+0	1.677551E+0
99.2031	-2.517700E+0	-2.852783E+0	2.677307E+0	1.694641E+0
99.2187	-2.560425E+0	-2.892456E+0	2.669983E+0	1.715088E+0
99.2344	-2.593689E+0	-2.959900E+0	2.662048E+0	1.733093E+0
99.2344	-2.601318E+0	-2.974548E+0	2.657471E+0	1.751404E+0
99.25	-2.661133E+0	-3.084106E+0	2.649841E+0	1.771545E+0
99.2656	-2.691040E+0	-3.138123E+0	2.640991E+0	1.789246E+0
99.2656	-2.719727E+0	-3.135071E+0	2.637024E+0	1.806641E+0
99.2812	-2.758789E+0	-3.214722E+0	2.628784E+0	1.828613E+0
99.2969	-2.771606E+0	-3.275146E+0	2.621155E+0	1.846313E+0
99.2969	-2.807007E+0	-3.316650E+0	2.616577E+0	1.864929E+0
99.3125	-2.813721E+0	-3.298950E+0	2.609558E+0	1.883240E+0
99.3281	-2.847900E+0	-3.363342E+0	2.600708E+0	1.902161E+0
99.3281	-2.864685E+0	-3.397522E+0	2.595825E+0	1.921082E+0
99.3437	-6.744385E-2	-6.549072E-1	2.587891E+0	1.941223E+0
99.3594	-5.279541E-2	-6.393433E-1	2.580261E+0	1.958923E+0
99.3594	-7.110596E-2	-6.591797E-1	2.575989E+0	1.976013E+0
99.375	-5.065918E-2	-6.240845E-1	2.567444E+0	1.996155E+0
99.375	-5.065918E-2	-6.256104E-1	2.560730E+0	2.015381E+0
99.3906	-4.577637E-2	-6.399536E-1	2.555237E+0	2.033081E+0
99.4062	-7.873535E-2	-6.637573E-1	2.547302E+0	2.053528E+0
99.4062	-5.004883E-2	-6.204224E-1	2.539978E+0	2.070923E+0
99.4219	-5.584717E-2	-6.384277E-1	2.535400E+0	2.089233E+0
99.4375	-5.493164E-2	-6.106567E-1	2.526245E+0	2.109680E+0
99.4375	-5.279541E-2	-6.198120E-1	2.518311E+0	2.128296E+0
99.4531	-5.798340E-2	-6.130981E-1	2.514648E+0	2.144775E+0
99.4687	-5.859375E-2	-6.085205E-1	2.507019E+0	2.165527E+0
99.4687	-7.263184E-2	-6.552124E-1	2.499084E+0	2.184448E+0
99.4844	-7.232666E-2	-6.503296E-1	2.494812E+0	2.201843E+0
99.5	-6.195068E-2	-6.567383E-1	2.485352E+0	2.221985E+0
99.5	-6.195068E-2	-6.115723E-1	2.478943E+0	2.239685E+0
99.5156	-5.645752E-2	-6.378174E-1	2.473755E+0	2.258301E+0
99.5156	-6.713867E-2	-6.246948E-1	2.465210E+0	2.277527E+0
99.5312	-3.692627E-2	-6.100464E-1	2.457886E+0	2.297668E+0
99.5469	-6.408691E-2	-6.250000E-1	2.453308E+0	2.315369E+0
99.5469	-7.202148E-2	-6.295776E-1	2.444763E+0	2.334290E+0
99.5625	-6.347656E-2	-6.149292E-1	2.437744E+0	2.352600E+0
99.5625	-6.591797E-2	-6.173706E-1	2.432861E+0	2.369995E+0
99.5781	-6.317139E-2	-5.932617E-1	2.424622E+0	2.391052E+0
99.5937	-7.080078E-2	-6.176758E-1	2.417603E+0	2.409668E+0
99.5937	-5.767822E-2	-6.286621E-1	2.413025E+0	2.427368E+0
99.6094	-4.455566E-2	-5.676270E-1	2.405090E+0	2.447205E+0
99.625	-6.561279E-2	-6.259155E-1	2.396240E+0	2.465515E+0
99.625	-5.096436E-2	-5.749512E-1	2.391968E+0	2.483826E+0
99.6406	-7.049561E-2	-6.137085E-1	2.384338E+0	2.503967E+0
99.6562	-6.652832E-2	-5.960083E-1	2.376404E+0	2.521362E+0
99.6562	-4.364014E-2	-5.664062E-1	2.372742E+0	2.538757E+0
99.6719	-6.011963E-2	-6.030273E-1	2.363892E+0	2.560120E+0
99.6875	-6.500244E-2	-5.917358E-1	2.356262E+0	2.579346E+0
99.6875	-5.798340E-2	-5.642700E-1	2.351074E+0	2.596130E+0
99.7031	-7.507324E-2	-5.874634E-1	2.342529E+0	2.616577E+0
99.7187	-4.760742E-2	-5.621338E-1	2.336121E+0	2.633972E+0
99.7187	-6.469727E-2	-5.868530E-1	2.331238E+0	2.653809E+0
99.7344	-5.950928E-2	-5.432129E-1	2.323303E+0	2.672729E+0
99.75	-6.896973E-2	-5.874634E-1	2.315369E+0	2.691345E+0
99.75	-3.814697E-2	-5.578613E-1	2.310181E+0	2.708740E+0
99.7656	-5.981445E-2	-5.703735E-1	2.301636E+0	2.728271E+0
99.7656	-4.272461E-2	-5.355835E-1	2.293396E+0	2.746887E+0
99.7812	-6.225586E-2	-5.746460E-1	2.290039E+0	2.765503E+0
99.7969	-5.279541E-2	-5.255127E-1	2.281494E+0	2.785645E+0
99.7969	-5.401611E-2	-5.755615E-1	2.275085E+0	2.802734E+0
99.8125	-4.943848E-2	-5.438232E-1	2.269592E+0	2.821655E+0
99.8281	-5.798340E-2	-5.831909E-1	2.262268E+0	2.841187E+0
99.8281	-5.096436E-2	-5.215454E-1	2.253418E+0	2.860413E+0
99.8437	-7.019043E-2	-5.154419E-1	2.248535E+0	2.877502E+0
99.8594	-4.211426E-2	-5.499268E-1	2.241821E+0	2.897034E+0
99.8594	-4.699707E-2	-5.389404E-1	2.233276E+0	2.915344E+0
99.875	-5.798340E-2	-5.657959E-1	2.228394E+0	2.934265E+0
99.8906	-6.408691E-2	-5.477905E-1	2.220459E+0	2.954712E+0
99.8906	-6.225586E-2	-5.596924E-1	2.211609E+0	2.972107E+0
99.9062	-4.547119E-2	-5.224609E-1	2.207031E+0	2.990112E+0
99.9062	-6.042480E-2	-5.313110E-1	2.202454E+0	3.010864E+0
99.9219	-6.225586E-2	-5.368042E-1	2.194519E+0	3.028564E+0
99.9375	-6.103516E-2	-4.953003E-1	2.188416E+0	3.047485E+0
99.9375	-5.645752E-2	-5.502319E-1	2.180176E+0	3.066101E+0
99.9531	-4.394531E-2	-4.956055E-1	2.171326E+0	3.085022E+0
99.9531	-5.706787E-2	-5.157471E-1	2.166748E+0	3.102417E+0
99.9687	-3.814697E-2	-5.377197E-1	2.158508E+0	3.122864E+0
99.9844	-5.249023E-2	-4.919434E-1	2.152405E+0	3.142090E+0
99.9844	-4.241943E-2	-5.331421E-1	2.147522E+0	3.158264E+0
100.0	-4.913330E-2	-4.824829E-1	2.138672E+0	3.179626E+0
100.0156	-4.699707E-2	-5.154419E-1	2.131042E+0	3.197632E+0
100.0156	-4.516602E-2	-5.020142E-1	2.126160E+0	3.215942E+0
100.0312	-5.004883E-2	-4.891968E-1	2.118530E+0	3.236084E+0
100.0469	-5.035400E-2	-4.806519E-1	2.110901E+0	3.253784E+0
100.0469	-5.981445E-2	-4.888916E-1	2.106323E+0	3.272705E+0
100.0625	-3.723145E-2	-4.714966E-1	2.098083E+0	3.291931E+0
100.0781	-5.126953E-2	-4.592896E-1	2.089844E+0	3.310852E+0
100.0781	-3.814697E-2	-4.852295E-1	2.085571E+0	3.328552E+0
100.0937	-5.889893E-2	-4.998779E-1	2.077332E+0	3.348083E+0
100.1094	-4.150391E-2	-4.736328E-1	2.070618E+0	3.365784E+0
100.1094	-4.425049E-2	-4.711914E-1	2.065125E+0	3.384399E+0
100.125	-4.943848E-2	-4.818726E-1	2.056885E+0	3.405151E+0
100.125	-5.249023E-2	-4.895020E-1	2.050171E+0	3.422241E+0
100.1406	-4.608154E-2	-5.163574E-1	2.044373E+0	3.440552E+0
100.1562	-3.112793E-2	-4.498291E-1	2.037048E+0	3.460388E+0
100.1562	-3.845215E-2	-4.510498E-1	2.029114E+0	3.479309E+0
100.1719	-3.295898E-2	-4.455566E-1	2.025146E+0	3.497925E+0
100.1875	-5.126953E-2	-4.885864E-1	2.015381E+0	3.517151E+0
100.1875	-5.401611E-2	-4.760742E-1	2.008362E+0	3.535461E+0
100.2031	-3.967285E-2	-4.367065E-1	2.004395E+0	3.553162E+0
100.2187	-3.906250E-2	-4.577637E-1	1.996460E+0	3.574219E+0
100.2187	-3.814697E-2	-4.904175E-1	1.988220E+0	3.592224E+0
100.2344	-5.096436E-2	-4.751587E-1	1.984253E+0	3.608398E+0
100.25	-6.134033E-2	-4.696655E-1	1.974792E+0	3.634033E+0
100.25	-5.584717E-2	-4.635620E-1	1.968689E+0	3.647766E+0
100.2656	-5.645752E-2	-4.714966E-1	1.962585E+0	3.666687E+0
100.2656	-3.479004E-2	-4.278564E-1	1.954956E+0	3.685913E+0
100.2812	-5.493164E-2	-4.699707E-1	1.947632E+0	3.703003E+0
100.2969	-6.072998E-2	-4.605103E-1	1.943359E+0	3.722229E+0
100.2969	-4.943848E-2	-4.336548E-1	1.934814E+0	3.742065E+0
100.3125	-2.929687E-2	-4.183960E-1	1.927185E+0	3.760986E+0
100.3125	-6.134033E-2	-4.574585E-1	1.922607E+0	3.778992E+0
100.3281	-4.913330E-2	-4.260254E-1	1.913757E+0	3.798523E+0
100.3437	-5.157471E-2	-4.376221E-1	1.906738E+0	3.816528E+0
100.3437	-3.997803E-2	-4.489136E-1	1.902161E+0	3.834839E+0
100.3594	-5.065918E-2	-4.418945E-1	1.894836E+0	3.854675E+0
100.375	-4.241943E-2	-4.031372E-1	1.885986E+0	3.873596E+0
100.375	-3.875732E-2	-4.223633E-1	1.881409E+0	3.890686E+0
100.3906	-5.676270E-2	-4.379272E-1	1.873474E+0	3.910828E+0
100.4062	-5.859375E-2	-4.504395E-1	1.865234E+0	3.928833E+0
100.4062	-4.302979E-2	-4.180908E-1	1.861877E+0	3.947449E+0
100.4219	-4.852295E-2	-4.446411E-1	1.853943E+0	3.967590E+0
100.4375	-4.455566E-2	-3.713989E-1	1.845093E+0	3.985596E+0
100.4375	-5.340576E-2	-3.921509E-1	1.841125E+0	4.003296E+0
100.4531	-4.272461E-2	-4.116821E-1	1.832886E+0	4.023437E+0
100.4687	-6.256104E-2	-4.293823E-1	1.824951E+0	4.042358E+0
100.4687	-4.943848E-2	-4.003906E-1	1.820068E+0	4.059753E+0
100.4844	-3.265381E-2	-3.808594E-1	1.812744E+0	4.079590E+0
100.5	-5.249023E-2	-4.354858E-1	1.804504E+0	4.097290E+0
100.5	-3.265381E-2	-3.921509E-1	1.800537E+0	4.116211E+0
100.5156	-3.784180E-2	-3.979492E-1	1.791382E+0	4.136353E+0
100.5156	-4.547119E-2	-3.961182E-1	1.783142E+0	4.154053E+0
100.5312	-6.042480E-2	-4.174805E-1	1.778870E+0	4.171448E+0
100.5469	-3.814697E-2	-3.713989E-1	1.771240E+0	4.191284E+0
100.5469	-4.638672E-2	-3.823853E-1	1.764526E+0	4.210205E+0
100.5625	-3.784180E-2	-3.689575E-1	1.759033E+0	4.229126E+0
100.5781	-2.624512E-2	-3.680420E-1	1.751709E+0	4.247437E+0
100.5781	-4.180908E-2	-3.625488E-1	1.743164E+0	4.266357E+0
100.5937	-2.838135E-2	-3.869629E-1	1.737976E+0	4.284668E+0
100.6094	-3.692627E-2	-3.695679E-1	1.731873E+0	4.304810E+0
100.6094	-3.662109E-2	-3.787231E-1	1.723328E+0	4.323120E+0
100.625	-3.387451E-2	-3.707886E-1	1.718445E+0	4.340210E+0
100.6406	-2.960205E-2	-3.787231E-1	1.709900E+0	4.360962E+0
100.6406	-6.072998E-2	-3.805542E-1	1.701355E+0	4.378662E+0
100.6562	-4.699707E-2	-3.805542E-1	1.697083E+0	4.396667E+0
100.6562	-5.310059E-2	-4.171753E-1	1.690674E+0	4.417114E+0
100.6719	-5.523682E-2	-4.000854E-1	1.683044E+0	4.434509E+0
100.6875	-5.218506E-2	-3.692627E-1	1.677551E+0	4.453735E+0
100.6875	-5.157471E-2	-3.878784E-1	1.669312E+0	4.473572E+0
100.7031	-4.547119E-2	-3.768921E-1	1.661377E+0	4.491272E+0
100.7031	-5.401611E-2	-3.958130E-1	1.656799E+0	4.509583E+0
100.7187	-4.516602E-2	-3.897095E-1	1.648560E+0	4.529114E+0
100.7344	-3.845215E-2	-3.585815E-1	1.640930E+0	4.547424E+0
100.7344	-5.310059E-2	-3.961182E-1	1.636353E+0	4.564819E+0
100.75	-3.723145E-2	-3.561401E-1	1.628418E+0	4.585876E+0
100.7656	-4.425049E-2	-3.781128E-1	1.620178E+0	4.602661E+0
100.7656	-3.265381E-2	-3.433228E-1	1.615906E+0	4.620972E+0
100.7812	-5.401611E-2	-3.781128E-1	1.607971E+0	4.641724E+0
100.7969	-2.899170E-2	-3.695679E-1	1.600342E+0	4.660034E+0
100.7969	-4.425049E-2	-3.701782E-1	1.595459E+0	4.678345E+0
100.8125	-2.716064E-2	-3.277588E-1	1.588440E+0	4.696655E+0
100.8281	-5.218506E-2	-3.631592E-1	1.579590E+0	4.715576E+0
100.8281	-3.784180E-2	-3.359985E-1	1.575012E+0	4.733276E+0
100.8437	-3.234863E-2	-3.234863E-1	1.566467E+0	4.753723E+0
100.8594	-4.058838E-2	-3.308105E-1	1.559448E+0	4.771729E+0
100.8594	-4.760742E-2	-3.689575E-1	1.555176E+0	4.789124E+0
100.875	-3.814697E-2	-3.524780E-1	1.546936E+0	4.809875E+0
100.875	-3.570557E-2	-3.186035E-1	1.540222E+0	4.827576E+0
100.8906	-4.638672E-2	-3.445435E-1	1.534729E+0	4.846191E+0
100.9062	-4.302979E-2	-3.445435E-1	1.526489E+0	4.866028E+0
100.9062	-5.065918E-2	-3.552246E-1	1.518250E+0	4.883728E+0
100.9219	-4.302979E-2	-3.564453E-1	1.514587E+0	4.902344E+0
100.9375	-3.112793E-2	-3.384399E-1	1.505737E+0	4.922180E+0
100.9375	-5.920410E-2	-3.512573E-1	1.498413E+0	4.940186E+0
100.9531	-4.852295E-2	-3.500366E-1	1.493225E+0	4.958191E+0
100.9687	-5.706787E-2	-3.384399E-1	1.485901E+0	4.977722E+0
100.9687	-5.249023E-2	-3.396606E-1	1.477661E+0	4.996643E+0
100.9844	-2.746582E-2	-3.054810E-1	1.473389E+0	5.013733E+0
101.0	-5.401611E-2	-3.405762E-1	1.464844E+0	5.034180E+0
101.0	-2.777100E-2	-2.822876E-1	1.457825E+0	5.052795E+0
101.0156	-4.608154E-2	-3.240967E-1	1.452637E+0	5.070496E+0
101.0156	-2.929687E-2	-3.073120E-1	1.443787E+0	5.090637E+0
101.0312	-2.685547E-2	-3.036499E-1	1.436157E+0	5.108948E+0
101.0469	-4.882812E-2	-3.118896E-1	1.433105E+0	5.125732E+0
101.0469	-4.638672E-2	-3.253174E-1	1.423950E+0	5.147095E+0
101.0625	-3.112793E-2	-2.828979E-1	1.416321E+0	5.164185E+0
101.0625	-4.791260E-2	-3.198242E-1	1.411743E+0	5.181885E+0
101.0781	-3.417969E-2	-2.841187E-1	1.403503E+0	5.202942E+0
101.0937	-4.058838E-2	-2.804565E-1	1.396790E+0	5.220947E+0
101.0937	-3.051758E-2	-2.844238E-1	1.391907E+0	5.238342E+0
101.1094	-3.143311E-2	-2.816772E-1	1.384277E+0	5.258484E+0
101.125	-3.356934E-2	-3.009033E-1	1.375427E+0	5.277100E+0
101.125	-5.310059E-2	-3.054810E-1	1.371155E+0	5.294800E+0
101.1406	-5.340576E-2	-3.189087E-1	1.363525E+0	5.314941E+0
101.1562	-4.547119E-2	-3.060913E-1	1.354675E+0	5.332336E+0
101.1562	-3.601074E-2	-3.027344E-1	1.350403E+0	5.349121E+0
101.1719	-5.035400E-2	-2.877808E-1	1.343384E+0	5.371094E+0
101.1875	-5.889893E-2	-2.984619E-1	1.334839E+0	5.389099E+0
101.1875	-2.471924E-2	-2.694702E-1	1.329956E+0	5.405884E+0
101.2031	-3.265381E-2	-2.816772E-1	1.322327E+0	5.426331E+0
101.2187	-4.425049E-2	-2.893066E-1	1.315002E+0	5.444336E+0
101.2187	-4.486084E-2	-2.981567E-1	1.309509E+0	5.463562E+0
101.2344	-2.593994E-2	-2.752686E-1	1.302185E+0	5.482483E+0
101.25	-2.746582E-2	-2.972412E-1	1.294250E+0	5.501404E+0
101.25	-2.624512E-2	-2.630615E-1	1.289978E+0	5.517883E+0
101.2656	-3.204346E-2	-2.886963E-1	1.281433E+0	5.538635E+0
101.2656	-2.227783E-2	-2.932739E-1	1.272583E+0	5.556641E+0
101.2812	-3.967285E-2	-2.822876E-1	1.268921E+0	5.574646E+0
101.2969	-3.723145E-2	-2.801514E-1	1.260986E+0	5.595093E+0
101.2969	-5.065918E-2	-2.947998E-1	1.253967E+0	5.612183E+0
101.3125	-3.387451E-2	-2.548218E-1	1.248474E+0	5.631409E+0
101.3281	-5.340576E-2	-2.612305E-1	1.240540E+0	5.650635E+0
101.3281	-4.821777E-2	-2.795410E-1	1.232300E+0	5.669556E+0
101.3437	-4.852295E-2	-2.719116E-1	1.227722E+0	5.686340E+0
101.3594	-2.838135E-2	-2.606201E-1	1.221008E+0	5.706177E+0
101.3594	-3.570557E-2	-2.856445E-1	1.212463E+0	5.725098E+0
101.375	-3.570557E-2	-2.825928E-1	1.208191E+0	5.741882E+0
101.3906	-5.462646E-2	-2.322388E-1	1.199341E+0	5.762634E+0
101.3906	-5.798340E-2	-2.383423E-1	1.191406E+0	5.780945E+0
101.4062	-3.234863E-2	-2.423096E-1	1.186523E+0	5.797119E+0
101.4062	-4.852295E-2	-2.798462E-1	1.178589E+0	5.819092E+0
101.4219	-5.065918E-2	-2.685547E-1	1.172485E+0	5.837097E+0
101.4375	-2.563477E-2	-2.371216E-1	1.166687E+0	5.855713E+0
101.4375	-3.692627E-2	-2.288818E-1	1.159058E+0	5.874634E+0
101.4531	-4.272461E-2	-2.664185E-1	1.150818E+0	5.892029E+0
101.4531	-4.333496E-2	-2.661133E-1	1.146240E+0	5.910339E+0
101.4687	-2.746582E-2	-2.459717E-1	1.137695E+0	5.930786E+0
101.4844	-4.974365E-2	-2.243042E-1	1.130371E+0	5.948181E+0
101.4844	-4.272461E-2	-2.655029E-1	1.126099E+0	5.965576E+0
101.5	-2.624512E-2	-2.291870E-1	1.117859E+0	5.986023E+0
101.5156	-4.974365E-2	-2.609253E-1	1.109924E+0	6.004944E+0
101.5156	-2.105713E-2	-2.169800E-1	1.105042E+0	6.022339E+0
101.5312	-4.608154E-2	-2.416992E-1	1.097412E+0	6.043396E+0
101.5469	-2.899170E-2	-2.297974E-1	1.089783E+0	6.059875E+0
101.5469	-2.380371E-2	-2.267456E-1	1.085510E+0	6.078491E+0
101.5625	-4.211426E-2	-2.459717E-1	1.076965E+0	6.098328E+0
101.5781	-2.258301E-2	-2.279663E-1	1.069031E+0	6.116638E+0
101.5781	-2.685547E-2	-2.224731E-1	1.065063E+0	6.134033E+0
101.5937	-4.608154E-2	-2.517700E-1	1.056824E+0	6.153870E+0
101.6094	-3.631592E-2	-2.108765E-1	1.049805E+0	6.172180E+0
101.6094	-4.455566E-2	-2.209473E-1	1.044617E+0	6.190186E+0
101.625	-4.272461E-2	-2.099609E-1	1.036377E+0	6.210632E+0
101.625	-4.608154E-2	-2.401733E-1	1.029358E+0	6.228638E+0
101.6406	-2.685547E-2	-2.059937E-1	1.022949E+0	6.246643E+0
101.6562	-4.669189E-2	-2.337646E-1	1.015625E+0	6.266174E+0
101.6562	-4.150391E-2	-2.401733E-1	1.007996E+0	6.283875E+0
101.6719	-2.227783E-2	-2.218628E-1	1.003418E+0	6.302185E+0
101.6875	-3.173828E-2	-1.992798E-1	9.951782E-1	6.322632E+0
101.6875	-2.777100E-2	-1.931763E-1	9.878540E-1	6.340027E+0
101.7031	-4.241943E-2	-2.081299E-1	9.829712E-1	6.357422E+0
101.7187	-2.288818E-2	-2.041626E-1	9.750366E-1	6.378479E+0
101.7187	-4.516602E-2	-1.931763E-1	9.677124E-1	6.396484E+0
101.7344	-2.105713E-2	-1.953125E-1	9.631348E-1	6.412964E+0
101.75	-4.455566E-2	-2.175903E-1	9.548950E-1	6.433105E+0
101.75	-2.441406E-2	-1.687622E-1	9.475708E-1	6.452026E+0
101.7656	-3.967285E-2	-2.212524E-1	9.417725E-1	6.470947E+0
101.7656	-3.814697E-2	-2.215576E-1	9.341431E-1	6.490173E+0
101.7812	-3.967285E-2	-2.093506E-1	9.265137E-1	6.507568E+0
101.7969	-4.638672E-2	-1.873779E-1	9.228516E-1	6.525269E+0
101.7969	-3.295898E-2	-1.693726E-1	9.136963E-1	6.546326E+0
101.8125	-2.441406E-2	-1.910400E-1	9.069824E-1	6.564331E+0
101.8125	-3.234863E-2	-2.117920E-1	9.014893E-1	6.581726E+0
101.8281	-3.601074E-2	-1.959229E-1	8.929443E-1	6.601868E+0
101.8437	-1.708984E-2	-1.785278E-1	8.859253E-1	6.619568E+0
101.8437	-4.882812E-2	-1.928711E-1	8.804321E-1	6.638184E+0
101.8594	-1.647949E-2	-1.705933E-1	8.737183E-1	6.657104E+0
101.875	-4.516602E-2	-1.828003E-1	8.654785E-1	6.676025E+0
101.875	-3.845215E-2	-2.029419E-1	8.609009E-1	6.692810E+0
101.8906	-3.784180E-2	-2.151489E-1	8.529663E-1	6.713562E+0
101.9062	-2.960205E-2	-1.593018E-1	8.444214E-1	6.731567E+0
101.9062	-3.631592E-2	-1.953125E-1	8.398437E-1	6.749878E+0
101.9219	-2.227783E-2	-1.895142E-1	8.331299E-1	6.770020E+0
101.9375	-3.662109E-2	-2.017212E-1	8.242798E-1	6.786499E+0
101.9375	-3.234863E-2	-1.983643E-1	8.190918E-1	6.803894E+0
101.9531	-4.394531E-2	-1.858521E-1	8.117676E-1	6.825256E+0
101.9687	-4.302979E-2	-1.904297E-1	8.032227E-1	6.843872E+0
101.9687	-3.601074E-2	-2.014160E-1	7.989502E-1	6.862183E+0
101.9844	-2.014160E-2	-1.730347E-1	7.916260E-1	6.880798E+0
101.9844	-4.516602E-2	-1.638794E-1	7.849121E-1	6.897278E+0
102.0	-2.227783E-2	-1.538086E-1	7.791138E-1	6.918030E+0
102.0156	-2.655029E-2	-1.522827E-1	7.705688E-1	6.937866E+0
102.0156	-1.037598E-2	-1.614380E-1	7.623291E-1	6.955261E+0
102.0312	-4.211426E-2	-1.998901E-1	7.580566E-1	6.972046E+0
102.0469	-3.814697E-2	-1.885986E-1	7.510376E-1	6.992493E+0
102.0469	-2.807617E-2	-1.406860E-1	7.434082E-1	7.010498E+0
102.0625	-3.448486E-2	-1.846313E-1	7.379150E-1	7.028809E+0
102.0781	-3.570557E-2	-1.821899E-1	7.305908E-1	7.047729E+0
102.0781	-3.479004E-2	-1.458740E-1	7.223511E-1	7.066650E+0
102.0937	-2.563477E-2	-1.287842E-1	7.174683E-1	7.084045E+0
102.1094	-2.899170E-2	-1.309204E-1	7.101440E-1	7.104187E+0
102.1094	-3.417969E-2	-1.312256E-1	7.025146E-1	7.123108E+0
102.125	-4.241943E-2	-1.763916E-1	6.973267E-1	7.138672E+0
102.1406	-3.387451E-2	-1.654053E-1	6.893921E-1	7.159729E+0
102.1406	-3.173828E-2	-1.580811E-1	6.811523E-1	7.178040E+0
102.1562	-2.655029E-2	-1.214600E-1	6.762695E-1	7.195740E+0
102.1562	-1.525879E-2	-1.324463E-1	6.683350E-1	7.216797E+0
102.1719	-3.570557E-2	-1.568604E-1	6.622314E-1	7.233582E+0
102.1875	-4.821777E-2	-1.477051E-1	6.573486E-1	7.251892E+0
102.1875	-2.319336E-2	-1.052856E-1	6.491089E-1	7.271729E+0
102.2031	-2.197266E-2	-1.446533E-1	6.405640E-1	7.290344E+0
102.2031	-2.014160E-2	-1.196289E-1	6.356812E-1	7.308350E+0
102.2187	-1.922607E-2	-1.632690E-1	6.274414E-1	7.326355E+0
102.2344	-1.831055E-2	-1.403809E-1	6.204224E-1	7.344971E+0
102.2344	-3.479004E-2	-1.089478E-1	6.158447E-1	7.362366E+0
102.25	-2.044678E-2	-1.266479E-1	6.082153E-1	7.384033E+0
102.2656	-1.770020E-2	-1.254272E-1	5.999756E-1	7.402039E+0
102.2656	-2.960205E-2	-1.544189E-1	5.947876E-1	7.418213E+0
102.2812	-1.922607E-2	-9.368896E-2	5.868530E-1	7.439270E+0
102.2969	-2.136230E-2	-1.361084E-1	5.795288E-1	7.456665E+0
102.2969	-1.281738E-2	-1.049805E-1	5.743408E-1	7.474670E+0
102.3125	-2.593994E-2	-9.948730E-2	5.432129E-1	7.495422E+0
102.3281	-2.624512E-2	-7.781982E-2	4.016113E-1	7.495422E+0
102.3281	-2.105713E-2	-7.995605E-2	3.289795E-1	7.495117E+0
102.3437	-1.800537E-2	-5.645752E-2	1.962280E-1	7.495117E+0
102.3594	-2.441406E-2	-2.532959E-2	8.178711E-2	7.494812E+0
102.3594	-1.220703E-2	-1.617432E-2	1.220703E-2	7.494507E+0
102.375	-2.929687E-2	-5.706787E-2	2.746582E-3	7.398987E+0
102.375	-2.502441E-2	-7.934570E-3	3.356934E-3	7.303467E+0
102.3906	-3.936768E-2	-4.241943E-2	4.272461E-3	7.204285E+0
102.4062	-2.746582E-2	-6.988525E-2	5.798340E-3	7.101135E+0
102.4062	-1.525879E-2	-2.410889E-2	6.103516E-3	7.000427E+0
102.4219	-2.838135E-2	-5.920410E-2	5.798340E-3	6.904602E+0
102.4375	-1.983643E-2	-3.723145E-2	6.103516E-3	6.799927E+0
102.4375	-2.136230E-2	-2.655029E-2	6.103516E-3	6.701965E+0
102.4531	-3.204346E-2	-4.943848E-2	6.713867E-3	6.607056E+0
102.4687	-1.983643E-2	-8.087158E-2	6.713867E-3	6.499939E+0
102.4687	-3.936768E-2	-8.331299E-2	6.713867E-3	6.402588E+0
102.4844	-1.983643E-2	-6.439209E-2	6.713867E-3	6.308899E+0
102.5	-1.251221E-2	-9.124756E-2	7.019043E-3	6.201782E+0
102.5	-3.540039E-2	-3.845215E-2	7.019043E-3	6.103516E+0
102.5156	-3.234863E-2	-7.232666E-2	6.408691E-3	6.004944E+0
102.5156	-2.288818E-2	-5.706787E-2	7.019043E-3	5.902710E+0
102.5312	-1.281738E-2	-7.629395E-2	7.324219E-3	5.802612E+0
102.5469	-3.265381E-2	-7.110596E-2	6.713867E-3	5.708008E+0
102.5469	-2.105713E-2	-5.676270E-2	7.324219E-3	5.602112E+0
102.5625	-3.875732E-2	-6.103516E-2	6.713867E-3	5.504761E+0
102.5625	-2.899170E-2	-7.171631E-2	7.019043E-3	5.409241E+0
102.5781	-7.934570E-3	-8.605957E-2	7.019043E-3	5.302734E+0
102.5937	-3.967285E-3	-1.135254E-1	7.324219E-3	5.205078E+0
102.5937	-1.251221E-2	-1.126099E-1	6.408691E-3	5.106201E+0
102.6094	-2.746582E-3	-1.211548E-1	7.019043E-3	5.003967E+0
102.625	-3.173828E-2	-5.706787E-2	7.019043E-3	4.904480E+0
102.625	-1.586914E-2	-1.037598E-1	6.713867E-3	4.807434E+0
102.6406	-2.197266E-2	-6.683350E-2	6.408691E-3	4.704895E+0
102.6562	-2.929687E-2	-8.666992E-2	6.713867E-3	4.605103E+0
102.6562	-3.143311E-2	-5.523682E-2	6.713867E-3	4.511108E+0
102.6719	-2.929687E-2	-8.514404E-2	7.019043E-3	4.403687E+0
102.6875	-1.892090E-2	-9.979248E-2	7.019043E-3	4.305115E+0
102.6875	-2.746582E-2	-1.141357E-1	7.019043E-3	4.209900E+0
102.7031	-4.241943E-2	-6.561279E-2	6.713867E-3	4.103699E+0
102.7187	-2.502441E-2	-1.190186E-1	7.019043E-3	4.006042E+0
102.7187	-1.434326E-2	-6.042480E-2	7.019043E-3	3.905640E+0
102.7344	-1.129150E-2	-8.087158E-2	7.934570E-3	3.804016E+0
102.75	-1.556396E-2	-1.116943E-1	8.239746E-3	3.705139E+0
102.75	-3.173828E-2	-1.068115E-1	7.934570E-3	3.606873E+0
102.7656	-1.434326E-2	-7.751465E-2	8.850098E-3	3.502502E+0
102.7656	-1.525879E-2	-8.575439E-2	7.934570E-3	3.403625E+0
102.7812	-2.777100E-2	-6.958008E-2	8.239746E-3	3.307495E+0
102.7969	-1.708984E-2	-8.331299E-2	8.544922E-3	3.202209E+0
102.7969	-2.014160E-2	-9.521484E-2	8.544922E-3	3.104553E+0
102.8125	-2.441406E-2	-9.338379E-2	8.239746E-3	3.004150E+0
102.8281	-4.272461E-2	-7.659912E-2	8.544922E-3	2.902832E+0
102.8281	-1.525879E-2	-9.704590E-2	7.934570E-3	2.803345E+0
102.8437	-7.629395E-3	-1.113892E-1	7.629395E-3	2.703247E+0
102.8594	-1.770020E-2	-7.110596E-2	7.629395E-3	2.601624E+0
102.8594	-3.295898E-2	-5.279541E-2	7.934570E-3	2.502441E+0
102.875	-3.082275E-2	-7.751465E-2	7.629395E-3	2.406006E+0
102.8906	-3.540039E-2	-1.004028E-1	7.934570E-3	2.300415E+0
102.8906	-2.105713E-2	-7.385254E-2	8.239746E-3	2.201843E+0
102.9062	-2.258301E-2	-7.690430E-2	7.629395E-3	2.106628E+0
102.9062	-1.831055E-2	-7.598877E-2	7.629395E-3	2.000427E+0
102.9219	-3.204346E-2	-8.605957E-2	7.629395E-3	1.901550E+0
102.9375	-2.868652E-2	-7.568359E-2	7.324219E-3	1.802368E+0
102.9375	-9.460449E-3	-5.615234E-2	7.934570E-3	1.700134E+0
102.9531	-2.258301E-2	-5.676270E-2	7.934570E-3	1.599121E+0
102.9531	-3.570557E-2	-8.300781E-2	7.934570E-3	1.501465E+0
102.9687	-2.258301E-2	-7.659912E-2	8.239746E-3	1.398926E+0
102.9844	-2.166748E-2	-9.613037E-2	8.239746E-3	1.300354E+0
102.9844	-2.349854E-2	-9.216309E-2	7.934570E-3	1.207275E+0
103.0	-3.479004E-2	-8.911133E-2	8.239746E-3	1.098938E+0
103.0156	-3.356934E-2	-7.598877E-2	7.934570E-3	1.000061E+0
103.0156	-3.143311E-2	-6.378174E-2	7.934570E-3	9.020996E-1
103.0312	-2.929687E-2	-5.035400E-2	7.934570E-3	7.983398E-1
103.0469	-1.617432E-2	-7.476807E-2	7.934570E-3	7.000732E-1
103.0469	-1.403809E-2	-6.378174E-2	7.629395E-3	6.008911E-1
103.0625	-2.716064E-2	-5.462646E-2	7.934570E-3	4.980469E-1
103.0781	-3.326416E-2	-8.911133E-2	8.239746E-3	3.982544E-1
103.0781	-3.265381E-2	-2.166748E-2	8.239746E-3	3.018188E-1
103.0937	-3.845215E-2	-4.058838E-2	8.850098E-3	1.965332E-1
103.1094	-3.479004E-2	-3.753662E-2	8.544922E-3	9.918213E-2
103.1094	-2.471924E-2	-6.042480E-2	8.239746E-3	1.831055E-3
103.125	-1.708984E-2	-6.134033E-2	8.850098E-3	9.155273E-4
103.125	-2.471924E-2	-5.065918E-2	8.544922E-3	2.746582E-3
103.1406	-3.479004E-2	-5.523682E-2	8.850098E-3	4.272461E-3
103.1562	-2.380371E-2	-4.333496E-2	8.850098E-3	4.272461E-3
103.1562	-1.281738E-2	-6.378174E-2	8.239746E-3	4.577637E-3
103.1719	-1.647949E-2	-3.265381E-2	8.239746E-3	4.577637E-3
103.1875	-2.960205E-2	-7.263184E-2	8.544922E-3	4.882812E-3
103.1875	-3.234863E-2	-7.141113E-2	9.155273E-3	4.272461E-3
103.2031	-1.831055E-2	-7.232666E-2	8.544922E-3	4.577637E-3
103.2187	-4.577637E-2	-3.143311E-2	8.239746E-3	5.493164E-3
103.2187	-2.532959E-2	-1.861572E-2	7.934570E-3	5.187988E-3
103.2344	-3.173828E-2	-5.737305E-2	8.544922E-3	4.882812E-3
103.25	-4.058838E-2	-7.019043E-2	8.544922E-3	5.493164E-3
103.25	-2.746582E-2	-6.011963E-2	9.155273E-3	5.187988E-3
103.2656	-1.800537E-2	-4.058838E-2	8.850098E-3	5.493164E-3
103.2656	-3.295898E-2	-4.119873E-2	7.934570E-3	5.798340E-3
103.2812	-9.155273E-3	-3.021240E-2	8.239746E-3	4.882812E-3
103.2969	-2.532959E-2	-4.425049E-2	7.934570E-3	5.187988E-3
103.2969	-2.349854E-2	-5.706787E-2	8.544922E-3	4.882812E-3
103.3125	-3.631592E-2	-6.530762E-2	8.239746E-3	5.493164E-3
103.3125	-3.692627E-2	-7.293701E-2	8.239746E-3	5.493164E-3
103.3281	-1.525879E-2	-5.523682E-2	8.544922E-3	5.187988E-3
103.3437	-2.960205E-2	-5.310059E-2	8.544922E-3	5.187988E-3
103.3437	-1.159668E-2	-6.866455E-2	8.544922E-3	5.493164E-3
103.3594	-3.173828E-2	-2.258301E-2	8.544922E-3	5.493164E-3
103.375	-2.868652E-2	-2.960205E-2	8.544922E-3	5.798340E-3
103.375	-2.410889E-2	-4.943848E-2	7.934570E-3	4.882812E-3
103.3906	-2.563477E-2	-6.134033E-2	8.544922E-3	5.187988E-3
103.4062	-7.934570E-3	-3.417969E-2	8.544922E-3	5.493164E-3
103.4062	-2.624512E-2	-2.807617E-2	8.850098E-3	5.187988E-3
103.4219	-3.204346E-2	-6.225586E-2	8.850098E-3	6.103516E-3
103.4375	-3.143311E-2	-4.913330E-2	8.544922E-3	4.882812E-3
103.4375	-1.251221E-2	-8.026123E-2	7.934570E-3	5.187988E-3
103.4531	-1.678467E-2	-7.019043E-2	8.544922E-3	5.493164E-3
103.4687	-1.922607E-2	-6.927490E-2	9.155273E-3	5.187988E-3
103.4687	-1.739502E-2	-3.479004E-2	8.544922E-3	5.187988E-3
103.4844	-3.356934E-2	-5.523682E-2	8.239746E-3	5.798340E-3
103.5	-1.495361E-2	-2.563477E-2	8.239746E-3	5.493164E-3
103.5	-2.899170E-2	-6.317139E-2	8.239746E-3	5.493164E-3
103.5156	-3.143311E-2	-7.110596E-2	8.544922E-3	5.493164E-3
103.5156	-4.302979E-2	-9.155273E-3	8.544922E-3	5.493164E-3
103.5312	-2.868652E-2	-5.096436E-2	8.239746E-3	5.187988E-3
103.5469	-3.631592E-2	-5.310059E-2	8.544922E-3	5.187988E-3
103.5469	-3.021240E-2	-5.645752E-2	8.239746E-3	5.798340E-3
103.5625	-2.410889E-2	-2.532959E-2	7.934570E-3	5.493164E-3
103.5781	-2.593994E-2	-6.927490E-2	8.239746E-3	5.187988E-3
103.5781	-1.312256E-2	-2.075195E-2	8.239746E-3	4.882812E-3
103.5937	-1.068115E-2	-6.042480E-2	8.850098E-3	5.493164E-3
103.6094	-3.570557E-2	-6.286621E-2	8.239746E-3	5.798340E-3
103.6094	-3.265381E-2	-6.408691E-2	8.544922E-3	5.493164E-3
103.625	-2.563477E-2	-4.180908E-2	7.934570E-3	5.798340E-3
103.6406	-8.850098E-3	-2.593994E-2	8.544922E-3	5.493164E-3
103.6406	-1.953125E-2	-4.760742E-2	7.934570E-3	5.187988E-3
103.6562	-2.471924E-2	-2.624512E-2	8.544922E-3	5.187988E-3
103.6562	-2.593994E-2	-4.150391E-2	8.544922E-3	5.493164E-3
103.6719	-2.685547E-2	-6.134033E-2	7.934570E-3	5.798340E-3
103.6875	-2.044678E-2	-1.007080E-2	8.544922E-3	5.187988E-3
103.6875	-1.861572E-2	-1.373291E-2	9.155273E-3	5.493164E-3
103.7031	-2.746582E-2	-3.509521E-2	8.544922E-3	5.493164E-3
103.7031	-2.410889E-2	-6.408691E-2	8.544922E-3	5.798340E-3
103.7187	-3.021240E-2	-4.730225E-2	8.239746E-3	4.882812E-3
103.7344	-2.044678E-2	-4.608154E-2	8.239746E-3	6.103516E-3
103.7344	-2.960205E-2	-3.082275E-2	8.239746E-3	5.187988E-3
103.75	-7.019043E-3	-2.136230E-2	8.239746E-3	5.187988E-3
103.7656	-2.563477E-2	-2.197266E-2	8.239746E-3	5.798340E-3
103.7656	-3.143311E-2	-5.676270E-2	8.544922E-3	5.187988E-3
103.7812	-2.471924E-2	-1.068115E-2	8.239746E-3	6.103516E-3
103.7969	-1.037598E-2	-2.166748E-2	8.544922E-3	5.798340E-3
103.7969	-2.471924E-2	-3.082275E-2	8.850098E-3	4.882812E-3
103.8125	-3.112793E-2	-8.300781E-2	8.544922E-3	5.187988E-3
103.8281	-1.159668E-2	-2.868652E-2	8.544922E-3	5.798340E-3
103.8281	-7.019043E-3	-4.180908E-2	7.629395E-3	5.493164E-3
103.8437	-3.997803E-2	-6.103516E-2	8.239746E-3	5.798340E-3
103.8594	-9.460449E-3	-2.746582E-2	8.850098E-3	5.493164E-3
103.8594	-1.037598E-2	-3.173828E-2	8.239746E-3	5.798340E-3
103.875	-1.342773E-2	-3.631592E-2	8.239746E-3	5.493164E-3
103.875	-2.960205E-2	-5.554199E-2	8.544922E-3	5.798340E-3
103.8906	-1.281738E-2	-3.112793E-2	8.239746E-3	5.798340E-3
103.9062	-3.356934E-2	-3.387451E-2	8.239746E-3	5.798340E-3
103.9062	-2.471924E-2	-6.286621E-2	8.544922E-3	5.187988E-3
103.9219	-3.173828E-2	-4.882812E-2	8.544922E-3	5.493164E-3
103.9375	-8.239746E-3	-5.004883E-2	8.239746E-3	5.493164E-3
103.9375	-3.326416E-2	-6.011963E-2	8.544922E-3	5.187988E-3
103.9531	-3.326416E-2	-6.561279E-2	8.544922E-3	5.493164E-3
103.9687	-3.936768E-2	-6.256104E-2	8.239746E-3	5.187988E-3
103.9687	-3.448486E-2	-4.730225E-2	8.850098E-3	5.798340E-3
103.9844	-1.068115E-2	-4.425049E-2	7.934570E-3	5.187988E-3
104.0	-3.051758E-2	-5.218506E-2	8.239746E-3	5.187988E-3
104.0	-1.617432E-2	-1.007080E-2	8.850098E-3	5.798340E-3
104.0156	-1.770020E-2	-2.655029E-2	8.239746E-3	5.798340E-3
104.0156	-1.190186E-2	-2.258301E-2	8.239746E-3	5.798340E-3
104.0312	-2.197266E-2	-1.556396E-2	8.850098E-3	6.103516E-3
104.0469	-3.997803E-2	-4.638672E-2	8.239746E-3	5.798340E-3
104.0469	-1.739502E-2	-3.479004E-2	8.239746E-3	5.493164E-3
104.0625	-1.464844E-2	-3.387451E-2	8.239746E-3	5.798340E-3
104.0625	-1.953125E-2	-2.014160E-2	8.544922E-3	5.187988E-3
104.0781	-1.800537E-2	-1.647949E-2	8.544922E-3	5.493164E-3
104.0937	-1.770020E-2	-1.770020E-2	8.544922E-3	5.493164E-3
104.0937	-1.037598E-2	-1.617432E-2	8.544922E-3	5.798340E-3
104.1094	-2.471924E-2	-5.981445E-2	8.544922E-3	6.408691E-3
104.125	-2.349854E-2	-1.708984E-2	8.544922E-3	4.882812E-3
104.125	-1.037598E-2	-2.655029E-2	8.544922E-3	5.187988E-3
104.1406	-2.502441E-2	-6.774902E-2	8.544922E-3	5.187988E-3
104.1562	-1.678467E-2	-4.821777E-2	8.239746E-3	6.103516E-3
104.1562	-2.777100E-2	-7.080078E-2	8.239746E-3	5.798340E-3
104.1719	-1.251221E-2	-2.349854E-2	8.544922E-3	5.798340E-3
104.1875	-1.525879E-2	-6.408691E-2	8.239746E-3	6.103516E-3
104.1875	-1.922607E-2	-6.469727E-2	8.239746E-3	4.882812E-3
104.2031	-1.861572E-2	-3.326416E-2	7.019043E-3	6.103516E-3
104.2187	-1.800537E-2	-1.617432E-2	8.850098E-3	5.493164E-3
