May 22, 2009 16:18
cantilever = 529b02
H:\20090522-sws10-ls\LS_p30_d90_vp20_vd20.traj
lateral amplification = 100
normal amp = 100
pitch angle = -6.5
roll angle = 294
<data>
time	voltageForceLateral	voltageForceNormal	voltagePositionX	voltagePositionY
124.5156	3.387451E-2	-4.241943E-2	1.159668E-2	9.765625E-3
124.5312	3.295898E-2	-5.096436E-2	1.190186E-2	9.460449E-3
124.5312	3.540039E-2	-4.180908E-2	1.159668E-2	9.460449E-3
124.5469	3.692627E-2	-3.540039E-2	1.220703E-2	9.460449E-3
124.5625	2.960205E-2	-4.028320E-2	1.220703E-2	9.765625E-3
124.5625	3.234863E-2	-4.943848E-2	1.220703E-2	9.460449E-3
124.5781	3.143311E-2	-5.523682E-2	1.251221E-2	9.460449E-3
124.5937	2.288818E-2	-5.187988E-2	1.281738E-2	9.460449E-3
124.5937	2.624512E-2	-4.364014E-2	1.251221E-2	1.007080E-2
124.6094	3.479004E-2	-4.394531E-2	1.251221E-2	9.765625E-3
124.6094	2.532959E-2	-4.425049E-2	1.220703E-2	9.765625E-3
124.625	2.166748E-2	-3.723145E-2	1.251221E-2	9.460449E-3
124.6406	1.678467E-2	-4.974365E-2	1.190186E-2	8.850098E-3
124.6406	2.410889E-2	-4.699707E-2	1.190186E-2	1.007080E-2
124.6562	2.868652E-2	-4.577637E-2	1.190186E-2	9.765625E-3
124.6719	3.051758E-2	-4.150391E-2	1.251221E-2	9.765625E-3
124.6719	2.868652E-2	-5.096436E-2	1.220703E-2	9.460449E-3
124.6875	3.234863E-2	-3.723145E-2	1.251221E-2	9.765625E-3
124.7031	2.075195E-2	-5.340576E-2	1.220703E-2	9.155273E-3
124.7031	2.349854E-2	-4.455566E-2	1.281738E-2	9.460449E-3
124.7187	3.723145E-2	-4.669189E-2	1.251221E-2	9.460449E-3
124.7187	3.479004E-2	-4.669189E-2	1.220703E-2	9.155273E-3
124.7344	3.356934E-2	-4.089355E-2	1.190186E-2	9.765625E-3
124.75	3.051758E-2	-4.180908E-2	1.220703E-2	9.460449E-3
124.75	2.685547E-2	-5.035400E-2	1.251221E-2	9.155273E-3
124.7656	3.204346E-2	-3.753662E-2	1.251221E-2	9.460449E-3
124.7812	3.601074E-2	-3.631592E-2	1.281738E-2	1.007080E-2
124.7812	2.838135E-2	-4.028320E-2	1.220703E-2	9.765625E-3
124.7969	3.509521E-2	-3.387451E-2	1.220703E-2	9.460449E-3
124.8125	1.739502E-2	-4.028320E-2	1.251221E-2	1.007080E-2
124.8125	2.288818E-2	-5.065918E-2	1.220703E-2	9.460449E-3
124.8281	2.166748E-2	-5.187988E-2	1.251221E-2	9.765625E-3
124.8437	2.044678E-2	-4.364014E-2	1.251221E-2	9.765625E-3
124.8437	3.112793E-2	-4.913330E-2	1.190186E-2	1.007080E-2
124.8594	3.417969E-2	-4.241943E-2	1.251221E-2	9.155273E-3
124.8594	2.441406E-2	-4.394531E-2	1.251221E-2	9.765625E-3
124.875	3.692627E-2	-3.845215E-2	1.220703E-2	9.460449E-3
124.8906	2.868652E-2	-4.119873E-2	1.190186E-2	9.460449E-3
124.8906	3.356934E-2	-4.028320E-2	1.190186E-2	9.460449E-3
124.9062	3.723145E-2	-3.753662E-2	1.220703E-2	9.460449E-3
124.9219	2.685547E-2	-4.974365E-2	1.220703E-2	9.460449E-3
124.9219	1.617432E-2	-4.547119E-2	1.220703E-2	9.765625E-3
124.9375	2.960205E-2	-4.699707E-2	1.190186E-2	9.460449E-3
124.9531	3.265381E-2	-5.340576E-2	1.190186E-2	1.007080E-2
124.9531	2.502441E-2	-5.096436E-2	1.220703E-2	8.850098E-3
124.9687	3.021240E-2	-4.394531E-2	1.220703E-2	9.765625E-3
124.9687	2.777100E-2	-4.180908E-2	1.251221E-2	9.765625E-3
124.9844	1.800537E-2	-4.180908E-2	1.190186E-2	9.460449E-3
125.0	3.051758E-2	-4.272461E-2	1.220703E-2	9.765625E-3
125.0	2.532959E-2	-4.821777E-2	1.251221E-2	9.460449E-3
125.0156	2.441406E-2	-4.333496E-2	1.220703E-2	9.155273E-3
125.0312	1.678467E-2	-4.333496E-2	1.281738E-2	9.155273E-3
125.0312	3.112793E-2	-5.004883E-2	1.220703E-2	9.460449E-3
125.0469	2.746582E-2	-5.462646E-2	1.220703E-2	9.765625E-3
125.0625	3.479004E-2	-4.425049E-2	1.220703E-2	1.007080E-2
125.0625	2.990723E-2	-4.425049E-2	1.220703E-2	9.460449E-3
125.0781	2.197266E-2	-4.943848E-2	1.220703E-2	9.765625E-3
125.0937	1.861572E-2	-5.035400E-2	1.220703E-2	9.765625E-3
125.0937	2.075195E-2	-5.096436E-2	1.281738E-2	9.155273E-3
125.1094	2.288818E-2	-4.669189E-2	1.220703E-2	9.155273E-3
125.1094	2.441406E-2	-4.913330E-2	1.220703E-2	8.850098E-3
125.125	2.441406E-2	-4.882812E-2	1.190186E-2	9.460449E-3
125.1406	3.448486E-2	-4.638672E-2	1.190186E-2	9.765625E-3
125.1406	2.075195E-2	-5.126953E-2	1.251221E-2	9.765625E-3
125.1562	3.051758E-2	-4.943848E-2	1.190186E-2	9.460449E-3
125.1719	2.532959E-2	-4.730225E-2	1.251221E-2	9.765625E-3
125.1719	2.014160E-2	-4.791260E-2	1.251221E-2	9.765625E-3
125.1875	2.899170E-2	-4.028320E-2	1.220703E-2	9.460449E-3
125.2031	1.464844E-2	-4.974365E-2	1.251221E-2	1.007080E-2
125.2031	2.075195E-2	-4.211426E-2	1.220703E-2	9.765625E-3
125.2187	4.150391E-2	-3.875732E-2	1.159668E-2	9.765625E-3
125.2187	2.655029E-2	-4.119873E-2	1.251221E-2	9.765625E-3
125.2344	3.326416E-2	-5.157471E-2	1.220703E-2	9.155273E-3
125.25	2.380371E-2	-5.126953E-2	1.220703E-2	9.460449E-3
125.25	2.166748E-2	-3.631592E-2	1.251221E-2	9.460449E-3
125.2656	1.464844E-2	-4.486084E-2	1.190186E-2	9.155273E-3
125.2812	3.173828E-2	-4.699707E-2	1.220703E-2	9.155273E-3
125.2812	2.227783E-2	-5.401611E-2	1.159668E-2	9.155273E-3
125.2969	3.051758E-2	-4.241943E-2	1.220703E-2	9.155273E-3
125.3125	3.234863E-2	-4.943848E-2	1.220703E-2	9.460449E-3
125.3125	3.143311E-2	-4.333496E-2	1.220703E-2	9.460449E-3
125.3281	2.014160E-2	-5.737305E-2	1.220703E-2	1.037598E-2
125.3437	2.807617E-2	-4.150391E-2	1.251221E-2	8.850098E-3
125.3437	3.234863E-2	-4.882812E-2	1.281738E-2	9.765625E-3
125.3594	3.326416E-2	-4.364014E-2	1.190186E-2	9.765625E-3
125.3594	3.326416E-2	-4.272461E-2	1.251221E-2	9.155273E-3
125.375	2.197266E-2	-4.089355E-2	1.220703E-2	9.460449E-3
125.3906	2.868652E-2	-4.791260E-2	1.281738E-2	9.460449E-3
125.3906	2.746582E-2	-4.364014E-2	1.190186E-2	8.850098E-3
125.4062	2.868652E-2	-5.035400E-2	1.281738E-2	1.007080E-2
125.4219	1.892090E-2	-4.180908E-2	1.281738E-2	1.068115E-2
125.4219	2.929687E-2	-4.119873E-2	1.220703E-2	9.155273E-3
125.4375	2.777100E-2	-4.699707E-2	1.373291E-2	8.850098E-3
125.4531	2.288818E-2	-4.852295E-2	3.540039E-2	9.765625E-3
125.4531	1.525879E-2	-5.004883E-2	5.859375E-2	9.155273E-3
125.4687	2.136230E-2	-5.218506E-2	7.263184E-2	9.765625E-3
125.4687	3.234863E-2	-4.058838E-2	9.490967E-2	9.765625E-3
125.4844	2.441406E-2	-5.157471E-2	1.214600E-1	9.460449E-3
125.5	2.166748E-2	-5.401611E-2	1.333618E-1	9.765625E-3
125.5	3.326416E-2	-5.493164E-2	1.577759E-1	9.155273E-3
125.5156	1.678467E-2	-4.669189E-2	1.736450E-1	9.460449E-3
125.5312	2.044678E-2	-5.126953E-2	1.977539E-1	9.460449E-3
125.5312	2.563477E-2	-5.096436E-2	2.124023E-1	9.765625E-3
125.5469	2.441406E-2	-5.218506E-2	2.374268E-1	9.155273E-3
125.5625	2.227783E-2	-4.669189E-2	2.606201E-1	9.460449E-3
125.5625	3.601074E-2	-5.310059E-2	2.731323E-1	9.155273E-3
125.5781	1.190186E-2	-4.699707E-2	2.954102E-1	1.007080E-2
125.5937	2.685547E-2	-4.486084E-2	3.204346E-1	9.460449E-3
125.5937	1.342773E-2	-6.134033E-2	3.335571E-1	9.460449E-3
125.6094	1.678467E-2	-5.767822E-2	3.573608E-1	9.155273E-3
125.6094	2.502441E-2	-5.493164E-2	3.802490E-1	9.460449E-3
125.625	2.563477E-2	-5.767822E-2	3.930664E-1	9.460449E-3
125.6406	3.082275E-2	-5.004883E-2	4.168701E-1	9.460449E-3
125.6406	2.380371E-2	-5.371094E-2	4.360962E-1	9.155273E-3
125.6562	2.868652E-2	-5.096436E-2	4.534912E-1	9.765625E-3
125.6719	2.685547E-2	-4.974365E-2	4.742432E-1	9.765625E-3
125.6719	1.953125E-2	-5.279541E-2	4.992676E-1	9.460449E-3
125.6875	3.112793E-2	-5.157471E-2	5.126953E-1	9.765625E-3
125.7031	1.556396E-2	-5.310059E-2	5.371094E-1	9.765625E-3
125.7031	2.136230E-2	-6.042480E-2	5.590820E-1	9.155273E-3
125.7187	2.960205E-2	-4.364014E-2	5.718994E-1	9.155273E-3
125.7187	2.044678E-2	-6.500244E-2	5.947876E-1	9.155273E-3
125.7344	3.265381E-2	-5.462646E-2	6.198120E-1	9.155273E-3
125.75	3.448486E-2	-5.157471E-2	6.323242E-1	9.765625E-3
125.75	1.739502E-2	-5.096436E-2	6.564331E-1	1.007080E-2
125.7656	1.922607E-2	-4.760742E-2	6.719971E-1	9.460449E-3
125.7812	1.800537E-2	-5.432129E-2	6.921387E-1	9.765625E-3
125.7812	1.770020E-2	-5.462646E-2	7.183838E-1	1.037598E-2
125.7969	2.868652E-2	-5.340576E-2	7.318115E-1	9.765625E-3
125.8125	2.349854E-2	-4.638672E-2	7.562256E-1	9.460449E-3
125.8125	3.021240E-2	-4.608154E-2	7.748413E-1	9.155273E-3
125.8281	2.655029E-2	-5.920410E-2	7.916260E-1	9.765625E-3
125.8281	1.373291E-2	-5.432129E-2	8.129883E-1	9.765625E-3
125.8437	2.990723E-2	-5.859375E-2	8.386230E-1	1.007080E-2
125.8594	2.624512E-2	-7.446289E-2	8.511353E-1	9.155273E-3
125.8594	2.929687E-2	-6.286621E-2	8.731079E-1	9.765625E-3
125.875	2.502441E-2	-5.676270E-2	8.975220E-1	9.765625E-3
125.8906	1.129150E-2	-6.195068E-2	9.109497E-1	9.765625E-3
125.8906	1.556396E-2	-6.805420E-2	9.350586E-1	9.765625E-3
125.9062	1.586914E-2	-6.713867E-2	9.570312E-1	9.765625E-3
125.9062	1.312256E-2	-6.835937E-2	9.704590E-1	9.765625E-3
125.9219	1.831055E-2	-6.042480E-2	9.948730E-1	9.155273E-3
125.9375	2.838135E-2	-6.988525E-2	1.014099E+0	9.155273E-3
125.9375	2.044678E-2	-6.256104E-2	1.030579E+0	9.155273E-3
125.9531	2.960205E-2	-6.439209E-2	1.053162E+0	9.765625E-3
125.9687	2.288818E-2	-6.683350E-2	1.076965E+0	9.460449E-3
125.9687	1.525879E-2	-6.500244E-2	1.089478E+0	1.007080E-2
125.9844	2.105713E-2	-6.774902E-2	1.114197E+0	9.460449E-3
126.0	1.617432E-2	-6.103516E-2	1.136780E+0	9.765625E-3
126.0	2.563477E-2	-6.713867E-2	1.150208E+0	9.155273E-3
126.0156	1.678467E-2	-7.080078E-2	1.174011E+0	1.007080E-2
126.0312	1.220703E-2	-7.293701E-2	1.193237E+0	1.007080E-2
126.0312	1.403809E-2	-6.378174E-2	1.212769E+0	9.765625E-3
126.0469	2.227783E-2	-7.781982E-2	1.229858E+0	1.007080E-2
126.0625	1.831055E-2	-6.500244E-2	1.251526E+0	9.460449E-3
126.0625	2.410889E-2	-7.110596E-2	1.272888E+0	9.765625E-3
126.0781	2.716064E-2	-6.500244E-2	1.289062E+0	1.007080E-2
126.0781	2.105713E-2	-7.019043E-2	1.311340E+0	1.007080E-2
126.0937	2.258301E-2	-7.324219E-2	1.336670E+0	9.460449E-3
126.1094	2.105713E-2	-7.629395E-2	1.349182E+0	9.765625E-3
126.1094	1.159668E-2	-7.751465E-2	1.370239E+0	1.007080E-2
126.125	2.197266E-2	-7.537842E-2	1.395264E+0	9.765625E-3
126.1406	1.159668E-2	-7.263184E-2	1.408691E+0	9.765625E-3
126.1406	1.556396E-2	-7.415771E-2	1.433716E+0	9.765625E-3
126.1562	1.190186E-2	-7.507324E-2	1.455994E+0	1.007080E-2
126.1562	1.617432E-2	-7.354736E-2	1.468811E+0	8.850098E-3
126.1719	1.800537E-2	-7.843018E-2	1.492310E+0	9.155273E-3
126.1875	8.850098E-3	-8.575439E-2	1.511841E+0	9.765625E-3
126.1875	1.495361E-2	-8.544922E-2	1.528320E+0	9.460449E-3
126.2031	2.319336E-2	-7.568359E-2	1.550598E+0	9.460449E-3
126.2187	1.037598E-2	-7.446289E-2	1.574707E+0	1.007080E-2
126.2187	2.349854E-2	-7.537842E-2	1.587524E+0	9.460449E-3
126.2344	1.220703E-2	-7.781982E-2	1.612854E+0	9.765625E-3
126.25	1.525879E-2	-7.629395E-2	1.635132E+0	9.765625E-3
126.25	1.983643E-2	-7.934570E-2	1.647949E+0	8.850098E-3
126.2656	1.586914E-2	-7.659912E-2	1.671448E+0	9.460449E-3
126.2812	2.075195E-2	-8.331299E-2	1.691284E+0	9.155273E-3
126.2812	1.586914E-2	-8.178711E-2	1.710815E+0	9.765625E-3
126.2969	7.629395E-3	-9.216309E-2	1.727295E+0	9.765625E-3
126.3125	1.953125E-2	-7.904053E-2	1.748962E+0	9.460449E-3
126.3125	1.556396E-2	-8.361816E-2	1.770935E+0	1.007080E-2
126.3281	5.493164E-3	-8.392334E-2	1.786804E+0	9.765625E-3
126.3281	9.155273E-3	-8.331299E-2	1.808472E+0	9.460449E-3
126.3437	7.324219E-3	-9.307861E-2	1.834106E+0	9.765625E-3
126.3594	7.019043E-3	-9.277344E-2	1.846619E+0	9.765625E-3
126.3594	-3.356934E-3	-8.941650E-2	1.868591E+0	9.765625E-3
126.375	5.187988E-3	-9.643555E-2	1.892700E+0	9.155273E-3
126.3906	1.861572E-2	-8.941650E-2	1.906128E+0	9.155273E-3
126.3906	3.051758E-4	-8.697510E-2	1.930542E+0	9.460449E-3
126.4062	7.934570E-3	-1.016235E-1	1.954041E+0	9.460449E-3
126.4062	2.136230E-3	-9.368896E-2	1.965637E+0	9.765625E-3
126.4219	6.103516E-4	-1.077271E-1	1.990051E+0	9.460449E-3
126.4375	2.136230E-3	-9.429932E-2	2.009888E+0	9.460449E-3
126.4375	-3.051758E-4	-1.007080E-1	2.026062E+0	9.765625E-3
126.4531	9.155273E-3	-9.368896E-2	2.048035E+0	9.155273E-3
126.4687	9.155273E-4	-1.028442E-1	2.072754E+0	9.460449E-3
126.4687	1.129150E-2	-1.086426E-1	2.085266E+0	9.155273E-3
126.4844	2.014160E-2	-9.857178E-2	2.109985E+0	9.765625E-3
126.5	1.800537E-2	-1.040649E-1	2.132263E+0	9.155273E-3
126.5	1.007080E-2	-9.552002E-2	2.144775E+0	1.007080E-2
126.5156	1.342773E-2	-9.887695E-2	2.169800E+0	9.155273E-3
126.5312	9.155273E-4	-1.174927E-1	2.188721E+0	9.460449E-3
126.5312	8.544922E-3	-1.077271E-1	2.208252E+0	9.765625E-3
126.5469	1.342773E-2	-1.147461E-1	2.224121E+0	9.765625E-3
126.5625	9.765625E-3	-1.135254E-1	2.246704E+0	1.007080E-2
126.5625	1.037598E-2	-1.022339E-1	2.269287E+0	9.460449E-3
126.5781	-3.356934E-3	-1.477051E-1	2.284851E+0	9.460449E-3
126.5781	-3.356934E-3	-1.199341E-1	2.306519E+0	9.765625E-3
126.5937	-3.051758E-4	-8.636475E-2	2.331238E+0	9.765625E-3
126.6094	-1.312256E-2	-8.697510E-2	2.344360E+0	9.765625E-3
126.6094	4.882812E-3	-3.631592E-2	2.366333E+0	9.460449E-3
126.625	6.103516E-3	1.464844E-2	2.390442E+0	9.460449E-3
126.6406	2.868652E-2	2.258301E-2	2.403564E+0	9.765625E-3
126.6406	2.807617E-2	6.805420E-2	2.428589E+0	1.037598E-2
126.6562	2.349854E-2	9.124756E-2	2.451172E+0	1.007080E-2
126.6562	2.319336E-2	1.242065E-1	2.463684E+0	9.765625E-3
126.6719	3.936768E-2	1.525879E-1	2.487488E+0	1.007080E-2
126.6875	3.784180E-2	1.916504E-1	2.507935E+0	8.850098E-3
126.6875	4.058838E-2	2.108765E-1	2.523804E+0	9.460449E-3
126.7031	6.103516E-2	2.426147E-1	2.545776E+0	9.765625E-3
126.7187	4.669189E-2	2.825928E-1	2.570190E+0	9.155273E-3
126.7187	5.828857E-2	3.152466E-1	2.583313E+0	1.068115E-2
126.7344	6.683350E-2	3.457642E-1	2.608032E+0	9.460449E-3
126.75	6.591797E-2	3.747559E-1	2.630310E+0	9.460449E-3
126.75	7.537842E-2	4.116821E-1	2.643433E+0	9.460449E-3
126.7656	8.666992E-2	4.495239E-1	2.668152E+0	9.765625E-3
126.7812	9.124756E-2	4.766846E-1	2.686768E+0	8.850098E-3
126.7812	9.124756E-2	5.126953E-1	2.706909E+0	9.765625E-3
126.7969	8.453369E-2	5.239868E-1	2.723083E+0	9.765625E-3
126.8125	9.124756E-2	5.718994E-1	2.747498E+0	9.765625E-3
126.8125	9.521484E-2	6.091309E-1	2.766724E+0	9.765625E-3
126.8281	1.110840E-1	6.280518E-1	2.782593E+0	9.765625E-3
126.8437	1.062012E-1	6.613159E-1	2.806396E+0	9.155273E-3
126.8437	1.187134E-1	6.988525E-1	2.829590E+0	9.765625E-3
126.8594	1.199341E-1	7.366943E-1	2.842407E+0	9.765625E-3
126.8594	1.226807E-1	7.611084E-1	2.864990E+0	9.765625E-3
126.875	1.300049E-1	8.044434E-1	2.888184E+0	1.007080E-2
126.8906	1.226807E-1	8.358765E-1	2.901917E+0	9.155273E-3
126.8906	1.394653E-1	8.493042E-1	2.920532E+0	9.460449E-3
126.9062	1.452637E-1	8.801270E-1	2.942200E+0	9.765625E-3
126.9219	1.492310E-1	9.231567E-1	2.961731E+0	1.007080E-2
126.9219	1.550293E-1	9.503174E-1	2.981262E+0	9.460449E-3
126.9375	1.608276E-1	9.732056E-1	2.998352E+0	1.007080E-2
126.9531	1.470947E-1	9.466553E-1	2.982483E+0	2.502441E-2
126.9531	1.275635E-1	9.155273E-1	2.969360E+0	4.058838E-2
126.9687	1.443481E-1	9.143066E-1	2.961731E+0	5.584717E-2
126.9687	1.174927E-1	8.609009E-1	2.947388E+0	7.385254E-2
126.9844	1.165771E-1	8.468628E-1	2.932434E+0	8.911133E-2
127.0	1.083374E-1	8.282471E-1	2.925415E+0	1.034546E-1
127.0	1.101685E-1	7.925415E-1	2.910767E+0	1.217651E-1
127.0156	9.033203E-2	7.742310E-1	2.900391E+0	1.361084E-1
127.0312	8.819580E-2	7.455444E-1	2.888184E+0	1.538086E-1
127.0312	8.850098E-2	7.299805E-1	2.877197E+0	1.678467E-1
127.0469	6.744385E-2	6.918335E-1	2.863159E+0	1.849365E-1
127.0625	6.103516E-2	6.719971E-1	2.847900E+0	2.008057E-1
127.0625	4.913330E-2	6.469727E-1	2.840271E+0	2.160645E-1
127.0781	4.119873E-2	6.265259E-1	2.827759E+0	2.331543E-1
127.0937	3.051758E-2	5.996704E-1	2.812500E+0	2.493286E-1
127.0937	3.875732E-2	5.831909E-1	2.805176E+0	2.636719E-1
127.1094	3.784180E-2	5.554199E-1	2.790527E+0	2.813721E-1
127.1094	5.187988E-3	5.200195E-1	2.776489E+0	2.969360E-1
127.125	3.051758E-4	4.968262E-1	2.769165E+0	3.115845E-1
127.1406	-9.460449E-3	4.660034E-1	2.754822E+0	3.298950E-1
127.1406	-1.708984E-2	4.473877E-1	2.742920E+0	3.451538E-1
127.1562	-2.014160E-2	4.217529E-1	2.732849E+0	3.604126E-1
127.1719	-2.075195E-2	4.006958E-1	2.720032E+0	3.771973E-1
127.1719	-5.615234E-2	3.610229E-1	2.705383E+0	3.933716E-1
127.1875	-4.577637E-2	3.579712E-1	2.697144E+0	4.086304E-1
127.2031	-6.256104E-2	3.219604E-1	2.682800E+0	4.251099E-1
127.2031	-7.598877E-2	2.883911E-1	2.669067E+0	4.412842E-1
127.2187	-7.812500E-2	2.661133E-1	2.661438E+0	4.568481E-1
127.2187	-9.460449E-2	2.438354E-1	2.648010E+0	4.727173E-1
127.2344	-9.674072E-2	2.105713E-1	2.633972E+0	4.888916E-1
127.25	-1.150513E-1	1.937866E-1	2.625427E+0	5.038452E-1
127.25	-1.278687E-1	1.654053E-1	2.611084E+0	5.215454E-1
127.2656	-1.336670E-1	1.354980E-1	2.601318E+0	5.361938E-1
127.2812	-1.528931E-1	1.284790E-1	2.588806E+0	5.529785E-1
127.2812	-1.617432E-1	1.025391E-1	2.576904E+0	5.685425E-1
127.2969	-1.654053E-1	7.019043E-2	2.564087E+0	5.850220E-1
127.3125	-1.702881E-1	3.723145E-2	2.550049E+0	6.011963E-1
127.3125	-1.794434E-1	3.021240E-2	2.541809E+0	6.161499E-1
127.3281	-2.020264E-1	-3.051758E-3	2.528381E+0	6.329346E-1
127.3437	-1.971436E-1	-2.380371E-2	2.513428E+0	6.488037E-1
127.3437	-2.163696E-1	-4.913330E-2	2.505493E+0	6.643677E-1
127.3594	-2.212524E-1	-8.087158E-2	2.491455E+0	6.814575E-1
127.3594	-2.307129E-1	-1.116943E-1	2.477722E+0	6.970215E-1
127.375	-2.505493E-1	-1.184082E-1	2.470093E+0	7.125854E-1
127.3906	-2.642822E-1	-1.483154E-1	2.455750E+0	7.290649E-1
127.3906	-2.731323E-1	-1.736450E-1	2.443542E+0	7.452393E-1
127.4062	-2.844238E-1	-1.962280E-1	2.433777E+0	7.608032E-1
127.4219	-2.954102E-1	-2.172852E-1	2.420959E+0	7.772827E-1
127.4219	-3.259277E-1	-2.639771E-1	2.406311E+0	7.928467E-1
127.4375	-3.155518E-1	-2.658081E-1	2.397461E+0	8.081055E-1
127.4531	-3.448486E-1	-2.954102E-1	2.383728E+0	8.251953E-1
127.4531	-3.536987E-1	-3.302002E-1	2.369385E+0	8.407593E-1
127.4687	-3.637695E-1	-3.369141E-1	2.361755E+0	8.566284E-1
127.4687	-3.701782E-1	-3.637695E-1	2.348633E+0	8.724976E-1
127.4844	-3.894043E-1	-3.887939E-1	2.334595E+0	8.883667E-1
127.5	-3.851318E-1	-3.964233E-1	2.326355E+0	9.036255E-1
127.5	-4.003906E-1	-4.174805E-1	2.312317E+0	9.207153E-1
127.5156	-4.199219E-1	-4.501343E-1	2.301636E+0	9.362793E-1
127.5312	-4.132080E-1	-4.647827E-1	2.289734E+0	9.524536E-1
127.5312	-4.229736E-1	-4.666138E-1	2.278442E+0	9.695435E-1
127.5469	-4.241943E-1	-4.776001E-1	2.265320E+0	9.838867E-1
127.5625	-4.412842E-1	-5.029297E-1	2.250061E+0	1.000977E+0
127.5625	-4.318237E-1	-5.203247E-1	2.243347E+0	1.015320E+0
127.5781	-3.326416E-2	-2.319336E-1	2.229614E+0	1.033325E+0
127.5937	-3.601074E-2	-2.487183E-1	2.214355E+0	1.048889E+0
127.5937	-6.500244E-2	-2.828979E-1	2.206726E+0	1.064453E+0
127.6094	-6.347656E-2	-3.067017E-1	2.192383E+0	1.081238E+0
127.6094	-7.141113E-2	-3.198242E-1	2.178650E+0	1.096802E+0
127.625	-8.483887E-2	-3.402710E-1	2.171326E+0	1.112061E+0
127.6406	-8.209229E-2	-3.521729E-1	2.157288E+0	1.129150E+0
127.6406	-1.141357E-1	-3.878784E-1	2.144775E+0	1.144714E+0
127.6562	-1.113892E-1	-3.958130E-1	2.135315E+0	1.160583E+0
127.6719	-1.174927E-1	-4.150391E-1	2.121887E+0	1.176453E+0
127.6719	-1.309204E-1	-4.428101E-1	2.107544E+0	1.192322E+0
127.6875	-1.443481E-1	-4.592896E-1	2.099304E+0	1.208496E+0
127.7031	-1.477051E-1	-4.733276E-1	2.084961E+0	1.224976E+0
127.7031	-1.614380E-1	-4.953003E-1	2.071838E+0	1.240845E+0
127.7187	-1.480103E-1	-5.026245E-1	2.062683E+0	1.255798E+0
127.7187	3.021240E-2	-1.162720E-1	2.050781E+0	1.273499E+0
127.7344	0.000000E+0	-1.083374E-1	2.035828E+0	1.288757E+0
127.75	8.850098E-3	-1.013184E-1	2.027588E+0	1.303101E+0
127.75	1.098633E-2	-1.055908E-1	2.013550E+0	1.320801E+0
127.7656	7.019043E-3	-1.080322E-1	2.002563E+0	1.336365E+0
127.7812	5.798340E-3	-1.116943E-1	1.991577E+0	1.352844E+0
127.7812	7.934570E-3	-9.918213E-2	1.979370E+0	1.368103E+0
127.7969	6.408691E-3	-1.089478E-1	1.966553E+0	1.384583E+0
127.8125	3.356934E-3	-1.107788E-1	1.952209E+0	1.400757E+0
127.8125	5.187988E-3	-1.138306E-1	1.944275E+0	1.416321E+0
127.8281	-3.662109E-3	-1.058960E-1	1.931152E+0	1.432190E+0
127.8437	7.629395E-3	-1.052856E-1	1.916199E+0	1.449280E+0
127.8437	-2.746582E-3	-1.101685E-1	1.907959E+0	1.463928E+0
127.8594	1.220703E-2	-1.037598E-1	1.893921E+0	1.480408E+0
127.8594	-1.220703E-3	-1.095581E-1	1.879883E+0	1.496277E+0
127.875	-1.220703E-3	-1.123047E-1	1.872253E+0	1.511536E+0
127.8906	8.239746E-3	-1.004028E-1	1.858215E+0	1.529236E+0
127.8906	9.460449E-3	-9.796143E-2	1.846924E+0	1.544800E+0
127.9062	7.019043E-3	-1.092529E-1	1.837463E+0	1.559753E+0
127.9219	1.342773E-2	-1.086426E-1	1.823730E+0	1.576233E+0
127.9219	3.051758E-3	-1.065063E-1	1.809082E+0	1.592102E+0
127.9375	-7.934570E-3	-1.000977E-1	1.800842E+0	1.607971E+0
127.9531	7.934570E-3	-9.490967E-2	1.786499E+0	1.625061E+0
127.9531	1.220703E-2	-9.765625E-2	1.773682E+0	1.640625E+0
127.9687	6.103516E-3	-9.613037E-2	1.765442E+0	1.654663E+0
127.9687	1.831055E-3	-9.704590E-2	1.752930E+0	1.672058E+0
127.9844	3.662109E-3	-9.429932E-2	1.741028E+0	1.687622E+0
128.0	8.544922E-3	-9.368896E-2	1.727295E+0	1.703491E+0
128.0	6.103516E-4	-9.460449E-2	1.717529E+0	1.719971E+0
128.0156	9.155273E-4	-9.490967E-2	1.703796E+0	1.736450E+0
128.0312	1.831055E-3	-9.704590E-2	1.691589E+0	1.752319E+0
128.0312	8.544922E-3	-9.216309E-2	1.679687E+0	1.766357E+0
128.0469	6.408691E-3	-9.490967E-2	1.670227E+0	1.783752E+0
128.0625	1.464844E-2	-9.063721E-2	1.656494E+0	1.800232E+0
128.0625	1.373291E-2	-9.338379E-2	1.643372E+0	1.816101E+0
128.0781	3.662109E-3	-9.277344E-2	1.633606E+0	1.831665E+0
128.0937	1.159668E-2	-8.453369E-2	1.619263E+0	1.848755E+0
128.0937	2.319336E-2	-8.392334E-2	1.605225E+0	1.863708E+0
128.1094	-9.460449E-3	-9.674072E-2	1.597900E+0	1.880188E+0
128.1094	6.713867E-3	-8.605957E-2	1.584167E+0	1.896057E+0
128.125	5.798340E-3	-9.521484E-2	1.570435E+0	1.912231E+0
128.1406	5.798340E-3	-8.056641E-2	1.561890E+0	1.926575E+0
128.1406	1.281738E-2	-8.514404E-2	1.547852E+0	1.943970E+0
128.1562	-3.051758E-4	-8.697510E-2	1.534424E+0	1.959229E+0
128.1562	9.460449E-3	-9.246826E-2	1.526184E+0	1.975098E+0
128.1719	1.159668E-2	-8.605957E-2	1.512756E+0	1.992798E+0
128.1875	1.586914E-2	-7.171631E-2	1.499939E+0	2.007446E+0
128.1875	9.460449E-3	-9.155273E-2	1.490784E+0	2.023926E+0
128.2031	6.103516E-3	-7.812500E-2	1.477356E+0	2.040100E+0
128.2187	1.831055E-3	-7.934570E-2	1.462402E+0	2.055359E+0
128.2187	2.593994E-2	-7.019043E-2	1.454773E+0	2.070923E+0
128.2344	7.019043E-3	-7.049561E-2	1.439514E+0	2.088318E+0
128.25	1.831055E-2	-7.934570E-2	1.427002E+0	2.103577E+0
128.25	1.556396E-2	-8.483887E-2	1.419067E+0	2.119141E+0
128.2656	2.136230E-2	-7.659912E-2	1.405029E+0	2.136536E+0
128.2812	1.129150E-2	-7.965088E-2	1.392517E+0	2.151489E+0
128.2812	1.007080E-2	-6.774902E-2	1.381226E+0	2.167053E+0
128.2969	3.356934E-3	-8.300781E-2	1.370850E+0	2.183228E+0
128.3125	9.460449E-3	-7.659912E-2	1.358032E+0	2.200012E+0
128.3125	-1.220703E-3	-8.178711E-2	1.344910E+0	2.215576E+0
128.3281	9.155273E-4	-8.514404E-2	1.335144E+0	2.231750E+0
128.3281	3.662109E-3	-7.904053E-2	1.322327E+0	2.247620E+0
128.3437	7.019043E-3	-8.117676E-2	1.307068E+0	2.263489E+0
128.3594	-1.831055E-3	-7.843018E-2	1.300049E+0	2.279053E+0
128.3594	5.493164E-3	-7.751465E-2	1.286011E+0	2.295837E+0
128.375	4.577637E-3	-8.361816E-2	1.271362E+0	2.311401E+0
128.3906	2.166748E-2	-8.056641E-2	1.263428E+0	2.326660E+0
128.3906	6.408691E-3	-7.385254E-2	1.248779E+0	2.344055E+0
128.4062	2.105713E-2	-8.056641E-2	1.235657E+0	2.359619E+0
128.4062	1.770020E-2	-8.361816E-2	1.227722E+0	2.374878E+0
128.4219	5.493164E-3	-7.934570E-2	1.213684E+0	2.391663E+0
128.4375	8.850098E-3	-7.385254E-2	1.201782E+0	2.407227E+0
128.4375	1.678467E-2	-6.072998E-2	1.192017E+0	2.423706E+0
128.4531	-1.831055E-3	-8.270264E-2	1.178589E+0	2.439575E+0
128.4687	2.960205E-2	-7.049561E-2	1.163635E+0	2.455750E+0
128.4687	8.239746E-3	-8.117676E-2	1.157227E+0	2.470398E+0
128.4844	2.166748E-2	-7.171631E-2	1.141357E+0	2.487488E+0
128.5	1.098633E-2	-6.744385E-2	1.127930E+0	2.503052E+0
128.5	1.831055E-2	-7.873535E-2	1.119690E+0	2.519226E+0
128.5156	1.892090E-2	-7.263184E-2	1.105347E+0	2.536316E+0
128.5312	8.850098E-3	-8.056641E-2	1.094666E+0	2.550964E+0
128.5312	2.349854E-2	-6.469727E-2	1.081848E+0	2.565918E+0
128.5469	1.312256E-2	-8.331299E-2	1.072693E+0	2.583313E+0
128.5625	1.983643E-2	-6.286621E-2	1.059265E+0	2.598572E+0
128.5625	1.678467E-2	-6.500244E-2	1.046448E+0	2.614746E+0
128.5781	1.220703E-2	-6.805420E-2	1.036987E+0	2.630310E+0
128.5937	6.408691E-3	-6.286621E-2	1.022339E+0	2.647705E+0
128.5937	1.342773E-2	-6.713867E-2	1.008911E+0	2.663269E+0
128.6094	5.187988E-3	-6.561279E-2	1.001282E+0	2.678833E+0
128.6094	1.434326E-2	-7.232666E-2	9.881592E-1	2.695618E+0
128.625	1.647949E-2	-7.171631E-2	9.735107E-1	2.711182E+0
128.6406	1.312256E-2	-6.835937E-2	9.649658E-1	2.726135E+0
128.6406	4.882812E-3	-6.744385E-2	9.506226E-1	2.743835E+0
128.6562	2.899170E-2	-6.500244E-2	9.375000E-1	2.758789E+0
128.6562	8.850098E-3	-7.934570E-2	9.295654E-1	2.774048E+0
128.6719	4.272461E-3	-6.896973E-2	9.149170E-1	2.791138E+0
128.6875	2.166748E-2	-5.798340E-2	9.030151E-1	2.807007E+0
128.6875	4.577637E-3	-8.087158E-2	8.935547E-1	2.822266E+0
128.7031	2.197266E-2	-7.080078E-2	8.801270E-1	2.839355E+0
128.7187	6.713867E-3	-6.530762E-2	8.657837E-1	2.855225E+0
128.7187	1.098633E-2	-7.568359E-2	8.569336E-1	2.870789E+0
128.7344	1.953125E-2	-6.713867E-2	8.432007E-1	2.887573E+0
128.75	2.258301E-2	-7.293701E-2	8.297729E-1	2.903137E+0
128.75	1.220703E-3	-6.591797E-2	8.218384E-1	2.917786E+0
128.7656	1.556396E-2	-6.469727E-2	8.071899E-1	2.934570E+0
128.7812	2.349854E-2	-7.080078E-2	7.962036E-1	2.951355E+0
128.7812	1.068115E-2	-7.232666E-2	7.846069E-1	2.965393E+0
128.7969	5.187988E-3	-6.988525E-2	7.742310E-1	2.982483E+0
128.8125	1.312256E-2	-6.042480E-2	7.614136E-1	2.998962E+0
128.8125	1.342773E-2	-6.530762E-2	7.482910E-1	3.014526E+0
128.8281	1.800537E-2	-6.225586E-2	7.388306E-1	3.030701E+0
128.8437	1.098633E-2	-6.408691E-2	7.241821E-1	3.046875E+0
128.8437	2.349854E-2	-6.317139E-2	7.098389E-1	3.062744E+0
128.8594	7.019043E-3	-7.354736E-2	7.025146E-1	3.078003E+0
128.8594	7.629395E-3	-6.530762E-2	6.890869E-1	3.094788E+0
128.875	5.798340E-3	-6.988525E-2	6.750488E-1	3.110657E+0
128.8906	1.220703E-2	-6.835937E-2	6.668091E-1	3.125916E+0
128.8906	9.460449E-3	-6.469727E-2	6.521606E-1	3.142700E+0
128.9062	1.525879E-3	-6.927490E-2	6.384277E-1	3.158569E+0
128.9062	5.187988E-3	-6.378174E-2	6.311035E-1	3.173218E+0
128.9219	1.007080E-2	-6.134033E-2	6.161499E-1	3.190918E+0
128.9375	1.403809E-2	-7.080078E-2	6.048584E-1	3.206482E+0
128.9375	1.220703E-2	-5.035400E-2	5.950928E-1	3.222656E+0
128.9531	8.544922E-3	-6.134033E-2	5.816650E-1	3.238831E+0
128.9687	1.770020E-2	-5.401611E-2	5.670166E-1	3.254700E+0
128.9687	1.312256E-2	-6.256104E-2	5.590820E-1	3.269043E+0
128.9844	8.544922E-3	-6.011963E-2	5.447388E-1	3.286438E+0
129.0	1.251221E-2	-6.744385E-2	5.313110E-1	3.301697E+0
129.0	9.765625E-3	-6.835937E-2	5.230713E-1	3.317261E+0
129.0156	1.800537E-2	-5.950928E-2	5.090332E-1	3.334961E+0
129.0312	1.861572E-2	-6.774902E-2	4.971313E-1	3.350525E+0
129.0312	1.251221E-2	-5.676270E-2	4.861450E-1	3.364868E+0
129.0469	1.892090E-2	-5.249023E-2	4.757690E-1	3.381653E+0
129.0625	2.838135E-2	-4.913330E-2	4.623413E-1	3.398437E+0
129.0625	2.136230E-2	-4.852295E-2	4.501343E-1	3.414307E+0
129.0781	2.593994E-2	-5.279541E-2	4.400635E-1	3.429871E+0
129.0781	2.288818E-2	-5.767822E-2	4.272461E-1	3.446350E+0
129.0937	1.861572E-2	-6.500244E-2	4.125977E-1	3.461914E+0
129.1094	6.408691E-3	-6.042480E-2	4.043579E-1	3.477173E+0
129.1094	2.838135E-2	-5.218506E-2	3.912354E-1	3.493958E+0
129.125	2.838135E-2	-5.523682E-2	3.771973E-1	3.510437E+0
129.1406	2.044678E-2	-4.699707E-2	3.677368E-1	3.525085E+0
129.1406	1.647949E-2	-4.913330E-2	3.540039E-1	3.542786E+0
129.1562	1.983643E-2	-4.821777E-2	3.411865E-1	3.557739E+0
129.1562	1.464844E-2	-5.371094E-2	3.329468E-1	3.572998E+0
129.1719	2.258301E-2	-6.042480E-2	3.186035E-1	3.591003E+0
129.1875	2.685547E-2	-5.523682E-2	3.085327E-1	3.605347E+0
129.1875	3.051758E-2	-5.493164E-2	2.972412E-1	3.621521E+0
129.2031	2.685547E-2	-5.493164E-2	2.838135E-1	3.638000E+0
129.2187	2.563477E-2	-5.493164E-2	2.700806E-1	3.653564E+0
129.2187	1.464844E-2	-5.371094E-2	2.612305E-1	3.668823E+0
129.2344	1.647949E-2	-4.699707E-2	2.478027E-1	3.686218E+0
129.25	2.838135E-2	-4.638672E-2	2.349854E-1	3.701782E+0
129.25	2.014160E-2	-4.669189E-2	2.261353E-1	3.716736E+0
129.2656	2.105713E-2	-4.577637E-2	2.124023E-1	3.734436E+0
129.2812	1.129150E-2	-5.615234E-2	2.005005E-1	3.749695E+0
129.2812	2.441406E-2	-3.875732E-2	1.898193E-1	3.764648E+0
129.2969	2.868652E-2	-4.913330E-2	1.785278E-1	3.781128E+0
129.3125	2.258301E-2	-4.699707E-2	1.651001E-1	3.797913E+0
129.3125	2.471924E-2	-4.272461E-2	1.528931E-1	3.814087E+0
129.3281	2.166748E-2	-4.272461E-2	1.431274E-1	3.828735E+0
129.3281	1.373291E-2	-4.852295E-2	1.296997E-1	3.846130E+0
129.3437	1.434326E-2	-4.486084E-2	1.162720E-1	3.861694E+0
129.3594	3.143311E-2	-4.211426E-2	1.068115E-1	3.877258E+0
129.3594	2.349854E-2	-4.516602E-2	9.368896E-2	3.893738E+0
129.375	1.922607E-2	-4.455566E-2	8.026123E-2	3.908997E+0
129.3906	1.739502E-2	-4.638672E-2	7.049561E-2	3.923950E+0
129.3906	2.380371E-2	-3.906250E-2	5.645752E-2	3.941956E+0
129.4062	2.166748E-2	-4.089355E-2	4.486084E-2	3.956909E+0
129.4062	1.281738E-2	-3.234863E-2	3.509521E-2	3.971863E+0
129.4219	2.746582E-2	-4.547119E-2	2.105713E-2	3.989258E+0
129.4375	2.563477E-2	-4.211426E-2	1.190186E-2	4.003601E+0
129.4375	2.685547E-2	-3.936768E-2	9.460449E-3	3.912354E+0
129.4531	1.525879E-2	-5.035400E-2	9.460449E-3	3.808594E+0
129.4687	3.479004E-2	-4.608154E-2	1.068115E-2	3.707886E+0
129.4687	2.990723E-2	-3.631592E-2	1.007080E-2	3.611145E+0
129.4844	3.051758E-2	-3.875732E-2	1.037598E-2	3.505554E+0
129.5	2.075195E-2	-4.943848E-2	1.007080E-2	3.406982E+0
129.5	2.014160E-2	-3.814697E-2	1.007080E-2	3.310852E+0
129.5156	2.105713E-2	-4.699707E-2	1.068115E-2	3.205261E+0
129.5312	3.173828E-2	-5.218506E-2	1.098633E-2	3.104858E+0
129.5312	2.624512E-2	-4.455566E-2	1.037598E-2	3.012085E+0
129.5469	1.892090E-2	-3.936768E-2	9.765625E-3	2.908020E+0
129.5625	1.281738E-2	-4.760742E-2	1.037598E-2	2.804871E+0
129.5625	1.190186E-2	-4.455566E-2	1.068115E-2	2.705078E+0
129.5781	2.624512E-2	-3.234863E-2	1.068115E-2	2.607117E+0
129.5781	2.685547E-2	-4.089355E-2	1.098633E-2	2.504578E+0
129.5937	2.288818E-2	-3.936768E-2	1.037598E-2	2.403564E+0
129.6094	3.143311E-2	-4.089355E-2	1.007080E-2	2.305298E+0
129.6094	3.021240E-2	-4.577637E-2	1.098633E-2	2.203979E+0
129.625	1.739502E-2	-4.852295E-2	1.098633E-2	2.103271E+0
129.6406	1.739502E-2	-4.180908E-2	1.037598E-2	2.008057E+0
129.6406	1.281738E-2	-5.218506E-2	1.098633E-2	1.903381E+0
129.6562	1.708984E-2	-4.089355E-2	1.037598E-2	1.803894E+0
129.6562	3.021240E-2	-4.241943E-2	1.037598E-2	1.707764E+0
129.6719	1.312256E-2	-4.974365E-2	1.098633E-2	1.602478E+0
129.6875	1.739502E-2	-3.845215E-2	1.068115E-2	1.504211E+0
129.6875	1.556396E-2	-5.462646E-2	1.037598E-2	1.404724E+0
129.7031	2.105713E-2	-4.058838E-2	1.098633E-2	1.304321E+0
129.7187	2.227783E-2	-4.791260E-2	1.159668E-2	1.203308E+0
129.7187	1.983643E-2	-3.173828E-2	1.098633E-2	1.105042E+0
129.7344	2.593994E-2	-4.028320E-2	1.159668E-2	1.003418E+0
129.75	3.112793E-2	-5.157471E-2	1.037598E-2	9.027100E-1
129.75	3.417969E-2	-4.913330E-2	1.068115E-2	8.056641E-1
129.7656	3.448486E-2	-4.638672E-2	1.129150E-2	7.031250E-1
129.7812	2.380371E-2	-5.523682E-2	1.068115E-2	6.030273E-1
129.7812	2.471924E-2	-5.676270E-2	1.068115E-2	5.093384E-1
129.7969	1.617432E-2	-5.310059E-2	1.037598E-2	4.040527E-1
129.8125	2.990723E-2	-4.852295E-2	1.068115E-2	3.027344E-1
129.8125	1.220703E-2	-4.089355E-2	1.129150E-2	2.032471E-1
129.8281	2.380371E-2	-5.828857E-2	1.098633E-2	1.052856E-1
129.8437	1.953125E-2	-5.371094E-2	1.159668E-2	3.356934E-3
129.8437	1.708984E-2	-5.401611E-2	1.220703E-2	6.408691E-3
129.8594	2.349854E-2	-5.432129E-2	1.220703E-2	7.324219E-3
129.8594	2.502441E-2	-5.310059E-2	1.251221E-2	8.239746E-3
129.875	2.197266E-2	-5.554199E-2	1.251221E-2	7.934570E-3
129.8906	1.312256E-2	-5.432129E-2	1.251221E-2	8.850098E-3
129.8906	2.349854E-2	-5.554199E-2	1.251221E-2	8.850098E-3
129.9062	1.281738E-2	-6.378174E-2	1.220703E-2	8.544922E-3
129.9062	2.380371E-2	-5.645752E-2	1.220703E-2	8.850098E-3
129.9219	1.251221E-2	-5.981445E-2	1.251221E-2	9.155273E-3
129.9375	8.544922E-3	-6.286621E-2	1.220703E-2	9.155273E-3
129.9375	1.892090E-2	-6.713867E-2	1.220703E-2	9.460449E-3
129.9531	2.227783E-2	-5.310059E-2	1.220703E-2	9.155273E-3
129.9687	2.288818E-2	-5.859375E-2	1.190186E-2	9.155273E-3
129.9687	2.929687E-2	-5.920410E-2	1.281738E-2	9.765625E-3
129.9844	1.556396E-2	-6.683350E-2	1.220703E-2	9.765625E-3
130.0	1.892090E-2	-6.164551E-2	1.220703E-2	9.460449E-3
130.0	2.288818E-2	-5.096436E-2	1.220703E-2	9.155273E-3
130.0156	2.105713E-2	-5.279541E-2	1.190186E-2	9.155273E-3
130.0312	2.532959E-2	-4.913330E-2	1.220703E-2	9.155273E-3
130.0312	2.380371E-2	-4.852295E-2	1.190186E-2	1.007080E-2
130.0469	1.983643E-2	-5.645752E-2	1.251221E-2	9.155273E-3
130.0625	1.373291E-2	-5.889893E-2	1.220703E-2	9.155273E-3
130.0625	1.861572E-2	-5.523682E-2	1.190186E-2	9.460449E-3
130.0781	2.136230E-2	-4.638672E-2	1.281738E-2	9.155273E-3
130.0937	1.037598E-2	-5.096436E-2	1.281738E-2	8.850098E-3
130.0937	1.770020E-2	-4.486084E-2	1.251221E-2	9.155273E-3
130.1094	2.105713E-2	-4.852295E-2	1.220703E-2	9.460449E-3
130.1094	1.647949E-2	-5.523682E-2	1.190186E-2	9.765625E-3
130.125	1.953125E-2	-5.645752E-2	1.281738E-2	8.850098E-3
130.1406	1.739502E-2	-6.011963E-2	1.281738E-2	9.155273E-3
130.1406	1.800537E-2	-5.798340E-2	1.220703E-2	9.155273E-3
130.1562	9.765625E-3	-6.011963E-2	1.251221E-2	9.460449E-3
130.1562	2.593994E-2	-5.554199E-2	1.220703E-2	9.155273E-3
130.1719	2.838135E-2	-5.950928E-2	1.220703E-2	9.460449E-3
130.1875	2.532959E-2	-6.317139E-2	1.251221E-2	9.765625E-3
130.1875	1.098633E-2	-6.134033E-2	1.220703E-2	9.155273E-3
130.2031	2.075195E-2	-5.584717E-2	1.190186E-2	9.155273E-3
130.2187	1.403809E-2	-5.126953E-2	1.251221E-2	9.155273E-3
130.2187	1.953125E-2	-5.554199E-2	1.190186E-2	9.155273E-3
130.2344	1.586914E-2	-5.096436E-2	1.190186E-2	9.155273E-3
130.25	1.403809E-2	-6.774902E-2	1.220703E-2	9.765625E-3
130.25	1.129150E-2	-5.065918E-2	1.220703E-2	9.155273E-3
130.2656	2.136230E-2	-4.943848E-2	1.190186E-2	9.765625E-3
130.2812	1.434326E-2	-5.828857E-2	1.190186E-2	8.544922E-3
130.2812	1.586914E-2	-5.401611E-2	1.281738E-2	9.155273E-3
130.2969	1.586914E-2	-4.943848E-2	1.190186E-2	9.155273E-3
130.3125	1.464844E-2	-5.615234E-2	1.220703E-2	9.765625E-3
130.3125	1.312256E-2	-5.279541E-2	1.251221E-2	9.460449E-3
130.3281	2.807617E-2	-5.859375E-2	1.251221E-2	9.460449E-3
130.3281	2.624512E-2	-5.798340E-2	1.190186E-2	1.007080E-2
130.3437	6.408691E-3	-5.157471E-2	1.220703E-2	9.155273E-3
130.3594	2.899170E-2	-5.493164E-2	1.281738E-2	9.155273E-3
130.3594	1.037598E-2	-6.378174E-2	1.190186E-2	8.850098E-3
130.375	1.708984E-2	-4.638672E-2	1.159668E-2	1.007080E-2
130.3906	1.770020E-2	-5.615234E-2	1.190186E-2	9.460449E-3
130.3906	2.044678E-2	-5.981445E-2	1.190186E-2	9.155273E-3
130.4062	2.685547E-2	-4.913330E-2	1.159668E-2	9.460449E-3
130.4062	2.441406E-2	-5.554199E-2	1.251221E-2	9.155273E-3
130.4219	2.410889E-2	-5.584717E-2	1.251221E-2	1.007080E-2
130.4375	1.861572E-2	-5.676270E-2	1.220703E-2	9.460449E-3
130.4375	1.922607E-2	-5.096436E-2	1.251221E-2	9.765625E-3
130.4531	1.068115E-2	-4.943848E-2	1.190186E-2	9.765625E-3
130.4687	1.800537E-2	-5.432129E-2	1.190186E-2	9.155273E-3
130.4687	3.143311E-2	-4.730225E-2	1.251221E-2	9.460449E-3
130.4844	2.197266E-2	-5.523682E-2	1.251221E-2	9.460449E-3
130.5	1.617432E-2	-6.072998E-2	1.220703E-2	9.765625E-3
130.5	1.342773E-2	-5.249023E-2	1.251221E-2	9.460449E-3
130.5156	2.593994E-2	-5.523682E-2	1.312256E-2	8.850098E-3
130.5312	1.068115E-2	-6.042480E-2	1.220703E-2	9.765625E-3
130.5312	2.075195E-2	-5.279541E-2	1.251221E-2	9.765625E-3
130.5469	2.563477E-2	-5.859375E-2	1.220703E-2	9.765625E-3
130.5625	2.319336E-2	-5.737305E-2	1.220703E-2	9.460449E-3
130.5625	1.220703E-2	-5.706787E-2	1.190186E-2	9.460449E-3
130.5781	2.502441E-2	-5.035400E-2	1.251221E-2	9.765625E-3
130.5781	6.408691E-3	-6.805420E-2	1.220703E-2	8.850098E-3
130.5937	7.324219E-3	-6.103516E-2	1.251221E-2	9.765625E-3
130.6094	1.556396E-2	-5.981445E-2	1.220703E-2	1.007080E-2
130.6094	4.577637E-3	-6.561279E-2	1.281738E-2	9.155273E-3
130.625	1.220703E-2	-5.096436E-2	1.251221E-2	9.155273E-3
130.6406	1.159668E-2	-5.554199E-2	1.129150E-2	9.460449E-3
130.6406	1.708984E-2	-4.882812E-2	1.251221E-2	9.460449E-3
130.6562	2.258301E-2	-6.011963E-2	1.251221E-2	9.155273E-3
130.6562	2.532959E-2	-6.103516E-2	1.251221E-2	9.460449E-3
130.6719	1.098633E-2	-5.706787E-2	1.251221E-2	9.155273E-3
130.6875	2.105713E-2	-5.493164E-2	1.251221E-2	9.460449E-3
130.6875	1.312256E-2	-6.683350E-2	1.220703E-2	9.765625E-3
130.7031	2.502441E-2	-5.584717E-2	1.220703E-2	1.007080E-2
130.7187	2.014160E-2	-5.340576E-2	1.220703E-2	9.460449E-3
130.7187	1.861572E-2	-5.706787E-2	1.220703E-2	9.155273E-3
130.7344	5.187988E-3	-6.591797E-2	1.220703E-2	9.155273E-3
130.75	1.770020E-2	-5.950928E-2	1.251221E-2	1.007080E-2
130.75	1.586914E-2	-5.676270E-2	1.190186E-2	9.765625E-3
130.7656	1.953125E-2	-5.889893E-2	1.281738E-2	9.155273E-3
130.7812	7.019043E-3	-5.920410E-2	1.251221E-2	8.850098E-3
130.7812	1.525879E-2	-5.279541E-2	1.159668E-2	9.460449E-3
130.7969	1.495361E-2	-6.103516E-2	1.190186E-2	9.155273E-3
130.8125	1.800537E-2	-5.828857E-2	1.190186E-2	9.765625E-3
130.8125	1.861572E-2	-6.072998E-2	1.190186E-2	9.155273E-3
130.8281	1.708984E-2	-6.134033E-2	1.220703E-2	9.765625E-3
130.8281	1.464844E-2	-4.974365E-2	1.190186E-2	9.460449E-3
130.8437	2.349854E-2	-6.164551E-2	1.251221E-2	9.765625E-3
130.8594	1.281738E-2	-6.286621E-2	1.220703E-2	9.155273E-3
130.8594	2.624512E-2	-6.317139E-2	1.251221E-2	9.765625E-3
130.875	9.765625E-3	-5.523682E-2	1.220703E-2	1.007080E-2
130.8906	1.861572E-2	-5.187988E-2	1.190186E-2	9.155273E-3
130.8906	2.471924E-2	-5.706787E-2	1.220703E-2	9.460449E-3
130.9062	1.983643E-2	-6.011963E-2	1.190186E-2	1.007080E-2
