May 28, 2009 13:36
529b02
H:\20090528-sws10-sls\LS_p30_d80_vp20_vd20.traj
lateral amplification = 100
normal amp = 100
pitch angle = +5
roll angle = 294
cantilever = 529b02
<data>
time	voltageForceLateral	voltageForceNormal	voltagePositionX	voltagePositionY
68.4063	-2.655029E-2	-1.770020E-2	1.312256E-2	1.007080E-2
68.4063	-2.746582E-2	-2.532959E-2	1.251221E-2	1.037598E-2
68.4219	-2.868652E-2	-2.319336E-2	1.342773E-2	9.460449E-3
68.4375	-2.380371E-2	-2.258301E-2	1.251221E-2	1.068115E-2
68.4375	-3.326416E-2	-1.770020E-2	1.251221E-2	1.068115E-2
68.4531	-2.868652E-2	-2.258301E-2	1.281738E-2	1.007080E-2
68.4531	-3.051758E-2	-2.166748E-2	1.312256E-2	9.460449E-3
68.4688	-2.471924E-2	-2.502441E-2	1.281738E-2	9.765625E-3
68.4844	-3.173828E-2	-2.014160E-2	1.251221E-2	9.765625E-3
68.4844	-3.295898E-2	-2.075195E-2	1.312256E-2	9.765625E-3
68.5	-2.838135E-2	-2.746582E-2	1.312256E-2	1.007080E-2
68.5156	-2.655029E-2	-2.166748E-2	1.281738E-2	1.037598E-2
68.5156	-2.288818E-2	-2.441406E-2	1.281738E-2	9.765625E-3
68.5313	-2.624512E-2	-2.990723E-2	1.342773E-2	9.460449E-3
68.5469	-2.655029E-2	-2.410889E-2	1.281738E-2	1.007080E-2
68.5469	-3.173828E-2	-2.441406E-2	1.251221E-2	9.765625E-3
68.5625	-2.990723E-2	-1.953125E-2	1.312256E-2	1.037598E-2
68.5781	-3.082275E-2	-2.105713E-2	1.281738E-2	9.765625E-3
68.5781	-3.143311E-2	-2.532959E-2	1.281738E-2	1.037598E-2
68.5938	-3.173828E-2	-2.136230E-2	1.281738E-2	1.037598E-2
68.6094	-2.929687E-2	-2.502441E-2	1.281738E-2	1.007080E-2
68.6094	-2.655029E-2	-2.593994E-2	1.281738E-2	1.007080E-2
68.625	-2.990723E-2	-2.136230E-2	1.312256E-2	1.037598E-2
68.6406	-2.868652E-2	-2.471924E-2	1.281738E-2	1.037598E-2
68.6406	-2.899170E-2	-2.258301E-2	1.251221E-2	1.068115E-2
68.6563	-2.349854E-2	-1.831055E-2	1.220703E-2	1.037598E-2
68.6563	-3.448486E-2	-2.807617E-2	1.281738E-2	1.007080E-2
68.6719	-2.868652E-2	-1.800537E-2	1.312256E-2	1.068115E-2
68.6875	-2.929687E-2	-2.044678E-2	1.281738E-2	9.460449E-3
68.6875	-2.960205E-2	-1.678467E-2	1.312256E-2	9.155273E-3
68.7031	-3.356934E-2	-2.319336E-2	1.342773E-2	1.068115E-2
68.7188	-3.143311E-2	-1.678467E-2	1.281738E-2	1.037598E-2
68.7188	-2.502441E-2	-2.716064E-2	1.312256E-2	1.007080E-2
68.7344	-2.960205E-2	-2.136230E-2	1.342773E-2	1.068115E-2
68.75	-2.777100E-2	-1.983643E-2	1.251221E-2	1.007080E-2
68.75	-2.685547E-2	-1.617432E-2	1.281738E-2	1.068115E-2
68.7656	-2.746582E-2	-2.593994E-2	1.281738E-2	9.765625E-3
68.7656	-2.899170E-2	-2.258301E-2	1.251221E-2	1.068115E-2
68.7813	-2.716064E-2	-2.258301E-2	1.220703E-2	1.007080E-2
68.7969	-2.349854E-2	-2.655029E-2	1.251221E-2	1.007080E-2
68.7969	-2.807617E-2	-2.105713E-2	1.281738E-2	1.098633E-2
68.8125	-3.021240E-2	-1.983643E-2	1.342773E-2	1.007080E-2
68.8281	-2.807617E-2	-2.441406E-2	1.281738E-2	1.037598E-2
68.8281	-2.746582E-2	-2.349854E-2	1.312256E-2	9.765625E-3
68.8438	-2.960205E-2	-2.838135E-2	1.312256E-2	1.037598E-2
68.8438	-2.838135E-2	-2.044678E-2	1.312256E-2	1.007080E-2
68.8594	-2.777100E-2	-2.777100E-2	1.312256E-2	1.037598E-2
68.875	-2.990723E-2	-2.899170E-2	1.281738E-2	1.007080E-2
68.875	-2.899170E-2	-2.929687E-2	1.281738E-2	1.007080E-2
68.8906	-2.410889E-2	-2.990723E-2	1.281738E-2	1.068115E-2
68.9063	-2.349854E-2	-2.502441E-2	1.403809E-2	1.037598E-2
68.9063	-2.929687E-2	-2.471924E-2	1.312256E-2	9.460449E-3
68.9219	-2.471924E-2	-2.380371E-2	1.281738E-2	1.007080E-2
68.9375	-3.051758E-2	-2.441406E-2	1.281738E-2	1.068115E-2
68.9375	-2.868652E-2	-1.220703E-2	1.281738E-2	1.007080E-2
68.9531	-3.234863E-2	-2.563477E-2	1.312256E-2	1.037598E-2
68.9688	-2.838135E-2	-2.532959E-2	1.312256E-2	1.037598E-2
68.9688	-2.044678E-2	-2.258301E-2	1.281738E-2	1.037598E-2
68.9844	-3.173828E-2	-1.403809E-2	1.251221E-2	1.037598E-2
69.0	-2.258301E-2	-2.532959E-2	1.251221E-2	9.765625E-3
69.0	-3.021240E-2	-2.685547E-2	1.281738E-2	9.765625E-3
69.0156	-3.387451E-2	-2.136230E-2	1.312256E-2	1.037598E-2
69.0156	-2.777100E-2	-2.075195E-2	1.251221E-2	1.007080E-2
69.0313	-3.204346E-2	-2.655029E-2	1.312256E-2	9.765625E-3
69.0469	-2.593994E-2	-2.593994E-2	1.251221E-2	9.765625E-3
69.0469	-2.807617E-2	-2.441406E-2	1.281738E-2	1.037598E-2
69.0625	-1.983643E-2	-2.716064E-2	1.312256E-2	1.007080E-2
69.0781	-2.532959E-2	-2.624512E-2	1.251221E-2	1.037598E-2
69.0781	-2.685547E-2	-2.532959E-2	1.220703E-2	9.765625E-3
69.0938	-3.265381E-2	-2.777100E-2	1.281738E-2	9.765625E-3
69.1094	-2.868652E-2	-2.593994E-2	1.251221E-2	1.037598E-2
69.1094	-2.746582E-2	-2.288818E-2	1.281738E-2	1.037598E-2
69.125	-3.173828E-2	-1.892090E-2	1.281738E-2	9.765625E-3
69.1406	-2.807617E-2	-2.716064E-2	1.342773E-2	1.007080E-2
69.1406	-2.990723E-2	-2.075195E-2	1.281738E-2	1.037598E-2
69.1563	-2.655029E-2	-2.105713E-2	1.281738E-2	1.007080E-2
69.1563	-2.777100E-2	-2.319336E-2	1.342773E-2	1.098633E-2
69.1719	-2.746582E-2	-2.441406E-2	1.281738E-2	1.037598E-2
69.1875	-3.509521E-2	-2.624512E-2	1.281738E-2	1.007080E-2
69.1875	-2.319336E-2	-1.770020E-2	1.281738E-2	9.765625E-3
69.2031	-2.746582E-2	-2.349854E-2	1.281738E-2	1.037598E-2
69.2031	-2.471924E-2	-1.556396E-2	1.251221E-2	1.007080E-2
69.2188	-3.356934E-2	-1.861572E-2	1.312256E-2	1.037598E-2
69.2344	-2.960205E-2	-1.708984E-2	1.281738E-2	1.007080E-2
69.2344	-2.380371E-2	-2.258301E-2	1.281738E-2	1.037598E-2
69.25	-2.197266E-2	-1.708984E-2	1.281738E-2	1.007080E-2
69.2656	-2.593994E-2	-2.136230E-2	1.281738E-2	1.007080E-2
69.2656	-2.990723E-2	-1.861572E-2	1.373291E-2	1.007080E-2
69.2813	-2.532959E-2	-2.227783E-2	1.251221E-2	9.765625E-3
69.2969	-2.380371E-2	-2.014160E-2	1.281738E-2	1.068115E-2
69.2969	-3.540039E-2	-2.105713E-2	1.281738E-2	1.037598E-2
69.3125	-3.051758E-2	-2.227783E-2	1.312256E-2	1.068115E-2
69.3281	-2.532959E-2	-2.197266E-2	1.251221E-2	1.007080E-2
69.3281	-2.777100E-2	-1.831055E-2	1.464844E-2	1.037598E-2
69.3438	-2.716064E-2	-2.410889E-2	3.784180E-2	1.007080E-2
69.3594	-2.746582E-2	-2.197266E-2	6.011963E-2	1.007080E-2
69.3594	-3.021240E-2	-2.258301E-2	7.385254E-2	1.007080E-2
69.375	-2.777100E-2	-2.227783E-2	9.674072E-2	9.460449E-3
69.3906	-3.234863E-2	-3.448486E-2	1.205444E-1	1.007080E-2
69.3906	-2.502441E-2	-2.746582E-2	1.342773E-1	1.037598E-2
69.4063	-2.838135E-2	-2.746582E-2	1.593018E-1	1.037598E-2
69.4063	-3.204346E-2	-2.593994E-2	1.821899E-1	1.037598E-2
69.4219	-2.716064E-2	-2.502441E-2	1.943970E-1	1.098633E-2
69.4375	-3.234863E-2	-3.021240E-2	2.185059E-1	9.460449E-3
69.4375	-2.502441E-2	-2.563477E-2	2.383423E-1	9.765625E-3
69.4531	-3.173828E-2	-2.288818E-2	2.539062E-1	9.765625E-3
69.4688	-3.326416E-2	-2.838135E-2	2.761841E-1	1.037598E-2
69.4688	-2.777100E-2	-2.929687E-2	3.009033E-1	1.037598E-2
69.4844	-3.326416E-2	-2.563477E-2	3.146362E-1	1.037598E-2
69.5	-3.143311E-2	-3.082275E-2	3.387451E-1	1.007080E-2
69.5	-2.899170E-2	-2.990723E-2	3.613281E-1	1.037598E-2
69.5156	-3.112793E-2	-3.265381E-2	3.741455E-1	9.765625E-3
69.5156	-2.990723E-2	-2.624512E-2	3.952026E-1	1.037598E-2
69.5313	-3.967285E-2	-2.655029E-2	4.211426E-1	1.007080E-2
69.5469	-2.838135E-2	-2.868652E-2	4.333496E-1	1.037598E-2
69.5469	-3.692627E-2	-2.716064E-2	4.580688E-1	1.037598E-2
69.5625	-3.021240E-2	-3.356934E-2	4.779053E-1	1.007080E-2
69.5781	-3.784180E-2	-3.326416E-2	4.931641E-1	1.007080E-2
69.5781	-2.685547E-2	-3.356934E-2	5.148315E-1	1.007080E-2
69.5938	-2.868652E-2	-3.082275E-2	5.404663E-1	1.007080E-2
69.5938	-2.410889E-2	-3.356934E-2	5.526733E-1	1.037598E-2
69.6094	-3.112793E-2	-2.807617E-2	5.780029E-1	1.007080E-2
69.625	-3.021240E-2	-3.784180E-2	6.002808E-1	1.037598E-2
69.625	-2.868652E-2	-3.112793E-2	6.130981E-1	1.068115E-2
69.6406	-2.777100E-2	-3.265381E-2	6.372070E-1	1.037598E-2
69.6563	-2.960205E-2	-3.814697E-2	6.570435E-1	1.068115E-2
69.6563	-3.509521E-2	-3.784180E-2	6.726074E-1	1.037598E-2
69.6719	-3.326416E-2	-3.570557E-2	6.970215E-1	1.037598E-2
69.6875	-3.112793E-2	-3.387451E-2	7.208252E-1	9.765625E-3
69.6875	-3.509521E-2	-4.028320E-2	7.327271E-1	9.765625E-3
69.7031	-3.662109E-2	-3.204346E-2	7.540894E-1	1.037598E-2
69.7188	-3.234863E-2	-3.417969E-2	7.794189E-1	1.037598E-2
69.7188	-2.960205E-2	-3.997803E-2	7.916260E-1	1.037598E-2
69.7344	-3.540039E-2	-3.417969E-2	8.139038E-1	1.098633E-2
69.75	-2.624512E-2	-3.723145E-2	8.395386E-1	1.037598E-2
69.75	-3.143311E-2	-3.875732E-2	8.520508E-1	1.037598E-2
69.7656	-3.387451E-2	-3.631592E-2	8.755493E-1	1.037598E-2
69.7656	-3.417969E-2	-3.814697E-2	8.953857E-1	1.037598E-2
69.7813	-3.326416E-2	-4.364014E-2	9.112549E-1	1.037598E-2
69.7969	-3.723145E-2	-3.662109E-2	9.368896E-1	1.068115E-2
69.7969	-3.479004E-2	-4.119873E-2	9.591675E-1	1.007080E-2
69.8125	-3.479004E-2	-3.753662E-2	9.707642E-1	1.007080E-2
69.8281	-3.509521E-2	-4.486084E-2	9.960937E-1	9.765625E-3
69.8281	-3.326416E-2	-3.967285E-2	1.018982E+0	1.068115E-2
69.8438	-3.540039E-2	-3.997803E-2	1.031189E+0	1.037598E-2
69.8594	-3.234863E-2	-3.906250E-2	1.055603E+0	1.007080E-2
69.8594	-3.662109E-2	-4.302979E-2	1.075134E+0	1.007080E-2
69.875	-3.845215E-2	-4.486084E-2	1.091003E+0	1.007080E-2
69.8906	-3.326416E-2	-4.272461E-2	1.115112E+0	1.037598E-2
69.8906	-3.387451E-2	-4.486084E-2	1.137695E+0	1.007080E-2
69.9063	-4.028320E-2	-4.882812E-2	1.150513E+0	9.765625E-3
69.9063	-2.960205E-2	-4.638672E-2	1.170044E+0	9.765625E-3
69.9219	-3.540039E-2	-5.035400E-2	1.197510E+0	1.037598E-2
69.9375	-3.906250E-2	-4.180908E-2	1.210327E+0	1.068115E-2
69.9375	-3.234863E-2	-4.486084E-2	1.235046E+0	1.007080E-2
69.9531	-3.967285E-2	-4.913330E-2	1.257935E+0	1.068115E-2
69.9531	-3.387451E-2	-5.065918E-2	1.270447E+0	9.765625E-3
69.9688	-3.112793E-2	-4.791260E-2	1.293945E+0	9.765625E-3
69.9844	-3.448486E-2	-4.974365E-2	1.314392E+0	1.007080E-2
69.9844	-3.295898E-2	-5.004883E-2	1.329346E+0	1.037598E-2
70.0	-3.448486E-2	-4.577637E-2	1.354065E+0	1.068115E-2
70.0156	-4.333496E-2	-5.432129E-2	1.377563E+0	1.037598E-2
70.0156	-3.967285E-2	-5.187988E-2	1.389771E+0	1.037598E-2
70.0313	-4.089355E-2	-4.699707E-2	1.414490E+0	1.068115E-2
70.0469	-3.631592E-2	-5.401611E-2	1.436768E+0	1.007080E-2
70.0469	-3.540039E-2	-4.882812E-2	1.449280E+0	1.037598E-2
70.0625	-3.387451E-2	-5.767822E-2	1.470947E+0	9.765625E-3
70.0781	-4.760742E-2	-5.462646E-2	1.495667E+0	1.007080E-2
70.0781	-4.272461E-2	-4.882812E-2	1.509705E+0	1.068115E-2
70.0938	-3.509521E-2	-5.676270E-2	1.532593E+0	9.765625E-3
70.1094	-3.967285E-2	-5.615234E-2	1.556702E+0	1.098633E-2
70.1094	-3.265381E-2	-5.126953E-2	1.568298E+0	1.007080E-2
70.125	-3.692627E-2	-5.584717E-2	1.590881E+0	1.068115E-2
70.1406	-4.089355E-2	-5.371094E-2	1.615601E+0	1.068115E-2
70.1406	-3.204346E-2	-5.401611E-2	1.628723E+0	1.037598E-2
70.1563	-4.028320E-2	-5.950928E-2	1.653137E+0	9.460449E-3
70.1563	-3.845215E-2	-6.103516E-2	1.676331E+0	1.007080E-2
70.1719	-4.089355E-2	-5.645752E-2	1.687927E+0	1.068115E-2
70.1875	-3.997803E-2	-6.256104E-2	1.712341E+0	1.037598E-2
70.1875	-3.875732E-2	-6.042480E-2	1.731873E+0	1.007080E-2
70.2031	-4.180908E-2	-5.889893E-2	1.748047E+0	1.037598E-2
70.2188	-3.875732E-2	-6.378174E-2	1.770020E+0	1.037598E-2
70.2188	-3.875732E-2	-6.072998E-2	1.795654E+0	1.007080E-2
70.2344	-3.967285E-2	-5.859375E-2	1.807861E+0	1.037598E-2
70.25	-3.936768E-2	-6.164551E-2	1.832581E+0	1.007080E-2
70.25	-4.089355E-2	-6.164551E-2	1.854858E+0	1.037598E-2
70.2656	-4.302979E-2	-6.347656E-2	1.867676E+0	1.007080E-2
70.2656	-4.638672E-2	-6.530762E-2	1.889954E+0	1.037598E-2
70.2813	-4.516602E-2	-6.225586E-2	1.914978E+0	1.007080E-2
70.2969	-4.211426E-2	-6.500244E-2	1.926575E+0	1.068115E-2
70.2969	-4.150391E-2	-6.408691E-2	1.950684E+0	1.037598E-2
70.3125	-4.486084E-2	-6.835937E-2	1.970825E+0	9.765625E-3
70.3281	-4.608154E-2	-7.141113E-2	1.986694E+0	1.068115E-2
70.3281	-4.669189E-2	-7.080078E-2	2.008057E+0	1.007080E-2
70.3438	-3.967285E-2	-7.141113E-2	2.034302E+0	1.007080E-2
70.3438	-4.516602E-2	-7.659912E-2	2.046509E+0	1.068115E-2
70.3594	-4.638672E-2	-7.385254E-2	2.071838E+0	1.007080E-2
70.375	-3.967285E-2	-6.591797E-2	2.093506E+0	1.037598E-2
70.375	-4.272461E-2	-6.744385E-2	2.106018E+0	1.007080E-2
70.3906	-4.211426E-2	-7.476807E-2	2.131042E+0	1.007080E-2
70.4063	-4.913330E-2	-7.324219E-2	2.150269E+0	1.007080E-2
70.4063	-4.394531E-2	-6.866455E-2	2.166443E+0	1.007080E-2
70.4219	-4.638672E-2	-7.232666E-2	2.190247E+0	1.037598E-2
70.4375	-5.187988E-2	-7.568359E-2	2.212830E+0	1.007080E-2
70.4375	-4.272461E-2	-7.629395E-2	2.225647E+0	1.068115E-2
70.4531	-4.669189E-2	-8.026123E-2	2.247009E+0	1.007080E-2
70.4688	-4.760742E-2	-7.598877E-2	2.272949E+0	1.037598E-2
70.4688	-4.241943E-2	-7.843018E-2	2.285156E+0	9.765625E-3
70.4844	-4.455566E-2	-7.720947E-2	2.306519E+0	9.765625E-3
70.5	-4.821777E-2	-8.361816E-2	2.332458E+0	1.068115E-2
70.5	-4.730225E-2	-8.239746E-2	2.344666E+0	9.765625E-3
70.5156	-4.974365E-2	-8.392334E-2	2.369080E+0	1.007080E-2
70.5156	-4.943848E-2	-8.361816E-2	2.388916E+0	9.765625E-3
70.5313	-4.272461E-2	-8.728027E-2	2.404175E+0	1.007080E-2
70.5469	-4.821777E-2	-8.789062E-2	2.427063E+0	1.007080E-2
70.5469	-4.516602E-2	-9.124756E-2	2.452087E+0	9.460449E-3
70.5625	-4.943848E-2	-9.033203E-2	2.464294E+0	1.037598E-2
70.5781	-5.310059E-2	-9.246826E-2	2.488708E+0	1.068115E-2
70.5781	-4.943848E-2	-1.004028E-1	2.512207E+0	1.007080E-2
70.5938	-5.279541E-2	-8.728027E-2	2.524109E+0	9.765625E-3
70.6094	-4.821777E-2	-8.758545E-2	2.549133E+0	1.007080E-2
70.6094	-6.042480E-2	-1.239014E-1	2.568359E+0	9.155273E-3
70.625	-5.859375E-2	-1.025391E-1	2.582092E+0	1.037598E-2
70.6406	-4.638672E-2	-6.805420E-2	2.607422E+0	9.765625E-3
70.6406	-3.173828E-2	-3.875732E-2	2.630615E+0	1.068115E-2
70.6563	-3.112793E-2	-1.770020E-2	2.644348E+0	1.007080E-2
70.6563	-2.777100E-2	1.068115E-2	2.664795E+0	1.007080E-2
70.6719	-1.129150E-2	6.500244E-2	2.690735E+0	1.007080E-2
70.6875	-1.220703E-3	7.385254E-2	2.703552E+0	9.765625E-3
70.6875	1.525879E-3	1.150513E-1	2.727966E+0	1.037598E-2
70.7031	1.647949E-2	1.550293E-1	2.751160E+0	9.765625E-3
70.7031	2.960205E-2	1.754761E-1	2.763062E+0	1.037598E-2
70.7188	3.143311E-2	2.090454E-1	2.786865E+0	1.007080E-2
70.7344	4.455566E-2	2.325439E-1	2.807617E+0	9.765625E-3
70.7344	5.096436E-2	2.630615E-1	2.822876E+0	1.037598E-2
70.75	5.706787E-2	2.957153E-1	2.844543E+0	1.068115E-2
70.7656	7.843018E-2	3.408813E-1	2.871094E+0	1.037598E-2
70.7656	8.087158E-2	3.530884E-1	2.882690E+0	9.765625E-3
70.7813	8.697510E-2	3.945923E-1	2.908020E+0	1.068115E-2
70.7969	9.887695E-2	4.309082E-1	2.929993E+0	1.068115E-2
70.7969	1.074219E-1	4.580688E-1	2.942810E+0	1.037598E-2
70.8125	1.260376E-1	4.855347E-1	2.963867E+0	1.037598E-2
70.8281	1.315308E-1	5.215454E-1	2.989502E+0	1.098633E-2
70.8281	1.416016E-1	5.432129E-1	2.999573E+0	1.007080E-2
70.8438	1.245117E-1	5.206299E-1	2.996216E+0	3.021240E-2
70.8594	1.083374E-1	5.075073E-1	2.992554E+0	5.065918E-2
70.8594	1.010132E-1	4.837036E-1	2.990112E+0	6.774902E-2
70.875	9.094238E-2	4.687500E-1	2.986450E+0	8.880615E-2
70.8906	8.087158E-2	4.550171E-1	2.983093E+0	1.086426E-1
70.8906	7.446289E-2	4.397583E-1	2.981873E+0	1.275635E-1
70.9063	5.859375E-2	4.290771E-1	2.978516E+0	1.489258E-1
70.9063	4.577637E-2	3.970337E-1	2.974243E+0	1.675415E-1
70.9219	3.662109E-2	3.912354E-1	2.972717E+0	1.864624E-1
70.9375	2.227783E-2	3.649902E-1	2.969971E+0	2.084351E-1
70.9375	1.464844E-2	3.588867E-1	2.967224E+0	2.276611E-1
70.9531	-6.103516E-4	3.338623E-1	2.965393E+0	2.468872E-1
70.9688	-5.187988E-3	3.231812E-1	2.962036E+0	2.664185E-1
70.9688	-1.739502E-2	3.057861E-1	2.959290E+0	2.859497E-1
70.9844	-3.143311E-2	2.865601E-1	2.955933E+0	3.070068E-1
71.0	-5.187988E-2	2.691650E-1	2.952576E+0	3.274536E-1
71.0	-5.981445E-2	2.566528E-1	2.949829E+0	3.463745E-1
71.0156	-7.080078E-2	2.429199E-1	2.947998E+0	3.649902E-1
71.0156	-8.239746E-2	2.200317E-1	2.944946E+0	3.860474E-1
71.0313	-1.055908E-1	1.998901E-1	2.941589E+0	4.061890E-1
71.0469	-1.104736E-1	1.846313E-1	2.940063E+0	4.248047E-1
71.0469	-1.232910E-1	1.635742E-1	2.937012E+0	4.458618E-1
71.0625	-1.388550E-1	1.562500E-1	2.933350E+0	4.647827E-1
71.0781	-1.550293E-1	1.309204E-1	2.931213E+0	4.843140E-1
71.0781	-1.556396E-1	1.235962E-1	2.928162E+0	5.050659E-1
71.0938	-1.858521E-1	9.307861E-2	2.925110E+0	5.245972E-1
71.0938	-1.928711E-1	7.659912E-2	2.922974E+0	5.432129E-1
71.1094	-2.157593E-1	5.981445E-2	2.919006E+0	5.654907E-1
71.125	-2.218628E-1	4.455566E-2	2.915649E+0	5.834961E-1
71.125	-2.432251E-1	2.441406E-2	2.914124E+0	6.021118E-1
71.1406	-2.505493E-1	6.103516E-3	2.910767E+0	6.243896E-1
71.1563	-2.685547E-1	-8.239746E-3	2.907410E+0	6.433105E-1
71.1563	-2.767944E-1	-2.807617E-2	2.906189E+0	6.631470E-1
71.1719	-2.926636E-1	-4.852295E-2	2.902222E+0	6.829834E-1
71.1875	-3.060913E-1	-6.744385E-2	2.900085E+0	7.031250E-1
71.1875	-3.277588E-1	-8.636475E-2	2.897644E+0	7.217407E-1
71.2031	-3.402710E-1	-1.013184E-1	2.894897E+0	7.434082E-1
71.2188	-3.619385E-1	-1.269531E-1	2.890015E+0	7.623291E-1
71.2188	-3.680420E-1	-1.330566E-1	2.888489E+0	7.806396E-1
71.2344	-3.854370E-1	-1.541138E-1	2.886658E+0	8.016968E-1
71.25	-4.083252E-1	-1.702881E-1	2.882690E+0	8.215332E-1
71.25	-4.269409E-1	-1.913452E-1	2.880554E+0	8.401489E-1
71.2656	-4.437256E-1	-2.087402E-1	2.877197E+0	8.615112E-1
71.2656	-4.525757E-1	-2.301025E-1	2.875061E+0	8.798218E-1
71.2813	-4.833984E-1	-2.502441E-1	2.872314E+0	9.002686E-1
71.2969	-4.879761E-1	-2.612305E-1	2.869568E+0	9.210205E-1
71.2969	-5.221558E-1	-2.880859E-1	2.864990E+0	9.405518E-1
71.3125	-5.334473E-1	-2.996826E-1	2.863159E+0	9.600830E-1
71.3281	-5.545044E-1	-3.207397E-1	2.861328E+0	9.796143E-1
71.3281	-5.648804E-1	-3.298950E-1	2.857361E+0	9.997559E-1
71.3438	-5.889893E-1	-3.491211E-1	2.855530E+0	1.018677E+0
71.3594	-6.039429E-1	-3.649902E-1	2.852173E+0	1.039734E+0
71.3594	-6.231689E-1	-3.903198E-1	2.849121E+0	1.059265E+0
71.375	-6.396484E-1	-4.080200E-1	2.848816E+0	1.078491E+0
71.3906	-6.622314E-1	-4.208374E-1	2.843628E+0	1.098938E+0
71.3906	-6.835937E-1	-4.473877E-1	2.840576E+0	1.118774E+0
71.4063	-7.022095E-1	-4.571533E-1	2.837830E+0	1.138000E+0
71.4063	-7.177734E-1	-4.812622E-1	2.836609E+0	1.159363E+0
71.4219	-7.379150E-1	-4.827881E-1	2.832336E+0	1.178894E+0
71.4375	-7.476807E-1	-4.968262E-1	2.829895E+0	1.196594E+0
71.4375	-7.617187E-1	-5.081177E-1	2.826233E+0	1.217346E+0
71.4531	-7.763672E-1	-5.142212E-1	2.824097E+0	1.237183E+0
71.4531	-7.934570E-1	-5.245972E-1	2.822876E+0	1.256409E+0
71.4688	-7.843018E-1	-5.258179E-1	2.818909E+0	1.277771E+0
71.4844	-7.623291E-1	-5.145264E-1	2.816162E+0	1.295776E+0
71.4844	-5.990601E-1	-3.814697E-1	2.814026E+0	1.316528E+0
71.5	-6.097412E-1	-4.025269E-1	2.811279E+0	1.336060E+0
71.5156	-6.326294E-1	-4.214478E-1	2.807007E+0	1.355591E+0
71.5156	-6.451416E-1	-4.302979E-1	2.804871E+0	1.375427E+0
71.5313	-6.768799E-1	-4.550171E-1	2.801514E+0	1.395874E+0
71.5469	-6.793213E-1	-4.617310E-1	2.799377E+0	1.415405E+0
71.5469	-7.003784E-1	-4.800415E-1	2.798157E+0	1.434021E+0
71.5625	-7.135010E-1	-4.849243E-1	2.794189E+0	1.455994E+0
71.5781	-7.360840E-1	-5.010986E-1	2.790527E+0	1.475525E+0
71.5781	-7.223511E-1	-4.876709E-1	2.788696E+0	1.493225E+0
71.5938	-6.027222E-1	-4.092407E-1	2.785339E+0	1.515198E+0
71.6094	-6.170654E-1	-4.199219E-1	2.782898E+0	1.534119E+0
71.6094	-6.329346E-1	-4.263306E-1	2.780457E+0	1.553955E+0
71.625	-6.417847E-1	-4.446411E-1	2.777710E+0	1.574097E+0
71.6406	-6.549072E-1	-4.565430E-1	2.774048E+0	1.593018E+0
71.6406	-6.652832E-1	-4.608154E-1	2.772827E+0	1.611633E+0
71.6563	-6.729126E-1	-4.653931E-1	2.769165E+0	1.633911E+0
71.6563	-6.533813E-1	-4.583740E-1	2.766113E+0	1.652527E+0
71.6719	-6.393433E-1	-4.519653E-1	2.763672E+0	1.672058E+0
71.6875	-6.185913E-1	-4.382324E-1	2.760620E+0	1.692200E+0
71.6875	-6.246948E-1	-4.476929E-1	2.758179E+0	1.711731E+0
71.7031	-6.417847E-1	-4.522705E-1	2.755737E+0	1.732178E+0
71.7188	-6.423950E-1	-4.666138E-1	2.752380E+0	1.752014E+0
71.7188	-6.518555E-1	-4.635620E-1	2.748413E+0	1.771545E+0
71.7344	-6.460571E-1	-4.638672E-1	2.747192E+0	1.789856E+0
71.75	-6.277466E-1	-4.516602E-1	2.744446E+0	1.812134E+0
71.75	-6.103516E-1	-4.354858E-1	2.740784E+0	1.831055E+0
71.7656	-6.256104E-1	-4.473877E-1	2.738647E+0	1.849976E+0
71.7656	-6.201172E-1	-4.525757E-1	2.735596E+0	1.871338E+0
71.7813	-6.277466E-1	-4.635620E-1	2.732849E+0	1.890564E+0
71.7969	-6.259155E-1	-4.614258E-1	2.731018E+0	1.908569E+0
71.7969	-6.259155E-1	-4.611206E-1	2.727356E+0	1.930542E+0
71.8125	-6.179810E-1	-4.513550E-1	2.724304E+0	1.949463E+0
71.8281	-6.182861E-1	-4.617310E-1	2.721863E+0	1.969299E+0
71.8281	-6.045532E-1	-4.470825E-1	2.719421E+0	1.990051E+0
71.8438	-5.966187E-1	-4.479980E-1	2.715759E+0	2.008362E+0
71.8438	-5.990601E-1	-4.516602E-1	2.714539E+0	2.028198E+0
71.8594	-6.051636E-1	-4.556274E-1	2.710876E+0	2.048950E+0
71.875	-6.158447E-1	-4.656982E-1	2.707825E+0	2.068176E+0
71.875	-6.097412E-1	-4.629517E-1	2.706909E+0	2.087708E+0
71.8906	-6.021118E-1	-4.635620E-1	2.702332E+0	2.108765E+0
71.9063	-5.975342E-1	-4.577637E-1	2.699585E+0	2.127380E+0
71.9063	-6.082153E-1	-4.663086E-1	2.697449E+0	2.147217E+0
71.9219	-5.981445E-1	-4.583740E-1	2.694702E+0	2.168274E+0
71.9375	-5.929565E-1	-4.675293E-1	2.691345E+0	2.187805E+0
71.9375	-5.902100E-1	-4.574585E-1	2.688904E+0	2.205200E+0
71.9531	-6.051636E-1	-4.629517E-1	2.685242E+0	2.227478E+0
71.9688	-5.883789E-1	-4.638672E-1	2.682190E+0	2.246399E+0
71.9688	-6.036377E-1	-4.724121E-1	2.681580E+0	2.265625E+0
71.9844	-5.789185E-1	-4.598999E-1	2.677917E+0	2.287292E+0
72.0	-5.758667E-1	-4.614258E-1	2.674561E+0	2.305908E+0
72.0	-5.786133E-1	-4.620361E-1	2.672424E+0	2.324219E+0
72.0156	-6.018066E-1	-4.742432E-1	2.669678E+0	2.346191E+0
72.0313	-5.877686E-1	-4.690552E-1	2.666626E+0	2.365112E+0
72.0313	-5.947876E-1	-4.882812E-1	2.664795E+0	2.385559E+0
72.0469	-5.932617E-1	-4.794312E-1	2.660522E+0	2.404785E+0
72.0469	-5.831909E-1	-4.730225E-1	2.658386E+0	2.424011E+0
72.0625	-5.755615E-1	-4.620361E-1	2.656860E+0	2.443542E+0
72.0781	-5.706787E-1	-4.699707E-1	2.652893E+0	2.463989E+0
72.0781	-5.825806E-1	-4.714966E-1	2.648621E+0	2.484131E+0
72.0938	-5.746460E-1	-4.714966E-1	2.647705E+0	2.502136E+0
72.1094	-5.685425E-1	-4.721069E-1	2.644653E+0	2.523193E+0
72.1094	-5.569458E-1	-4.611206E-1	2.641602E+0	2.542725E+0
72.125	-5.709839E-1	-4.800415E-1	2.639160E+0	2.562561E+0
72.125	-5.581665E-1	-4.632568E-1	2.636719E+0	2.583618E+0
72.1406	-5.737305E-1	-4.824829E-1	2.633362E+0	2.602539E+0
72.1563	-5.627441E-1	-4.644775E-1	2.631531E+0	2.622986E+0
72.1563	-4.867554E-1	-3.979492E-1	2.628479E+0	2.641907E+0
72.1719	-3.878784E-1	-3.256226E-1	2.625427E+0	2.662354E+0
72.1875	-4.071045E-1	-3.448486E-1	2.621460E+0	2.681580E+0
72.1875	-4.183960E-1	-3.457642E-1	2.619629E+0	2.701111E+0
72.2031	-4.351807E-1	-3.665161E-1	2.617493E+0	2.721558E+0
72.2188	-4.364014E-1	-3.793335E-1	2.613220E+0	2.740479E+0
72.2188	-4.525757E-1	-3.872681E-1	2.611389E+0	2.760010E+0
72.2344	-4.608154E-1	-3.903198E-1	2.608643E+0	2.781677E+0
72.25	-4.473877E-1	-3.887939E-1	2.605896E+0	2.800598E+0
72.25	-4.452515E-1	-3.872681E-1	2.603760E+0	2.818604E+0
72.2656	-4.470825E-1	-3.823853E-1	2.599487E+0	2.840271E+0
72.2656	-4.510498E-1	-3.964233E-1	2.597351E+0	2.859802E+0
72.2813	-4.495239E-1	-3.970337E-1	2.594604E+0	2.879639E+0
72.2969	-4.528809E-1	-3.848267E-1	2.591858E+0	2.899780E+0
72.2969	-4.162598E-1	-3.686523E-1	2.588196E+0	2.918701E+0
72.3125	-4.162598E-1	-3.625488E-1	2.586670E+0	2.938232E+0
72.3281	-3.894043E-1	-3.530884E-1	2.583313E+0	2.959595E+0
72.3281	-4.107666E-1	-3.713989E-1	2.580566E+0	2.978821E+0
72.3438	-3.988647E-1	-3.652954E-1	2.579041E+0	2.997437E+0
72.3594	-4.110718E-1	-3.823853E-1	2.575684E+0	3.019104E+0
72.3594	-4.144287E-1	-3.744507E-1	2.572327E+0	3.038025E+0
72.375	-4.183960E-1	-3.854370E-1	2.569885E+0	3.056946E+0
72.3906	-3.988647E-1	-3.686523E-1	2.567139E+0	3.077698E+0
72.3906	-3.970337E-1	-3.671265E-1	2.563477E+0	3.096924E+0
72.4063	-3.900146E-1	-3.671265E-1	2.561951E+0	3.116150E+0
72.4063	-4.052734E-1	-3.805542E-1	2.557983E+0	3.136902E+0
72.4219	-4.064941E-1	-3.811646E-1	2.555237E+0	3.156433E+0
72.4375	-4.016113E-1	-3.866577E-1	2.553711E+0	3.174744E+0
72.4375	-3.872681E-1	-3.692627E-1	2.550049E+0	3.196716E+0
72.4531	-3.735352E-1	-3.555298E-1	2.546997E+0	3.215637E+0
72.4531	-3.796387E-1	-3.683472E-1	2.545776E+0	3.233948E+0
72.4688	-3.765869E-1	-3.695679E-1	2.542419E+0	3.255615E+0
72.4844	-3.979492E-1	-3.866577E-1	2.539673E+0	3.274841E+0
72.4844	-4.000854E-1	-3.878784E-1	2.537231E+0	3.294678E+0
72.5	-3.884888E-1	-3.765869E-1	2.533569E+0	3.314209E+0
72.5156	-3.671265E-1	-3.680420E-1	2.529907E+0	3.333740E+0
72.5156	-3.887939E-1	-3.723145E-1	2.528687E+0	3.353577E+0
72.5313	-3.723145E-1	-3.732300E-1	2.525330E+0	3.374329E+0
72.5469	-3.616333E-1	-3.637695E-1	2.522278E+0	3.394165E+0
72.5469	-3.677368E-1	-3.747559E-1	2.519531E+0	3.412781E+0
72.5625	-3.738403E-1	-3.698730E-1	2.517090E+0	3.432922E+0
72.5781	-3.652954E-1	-3.601074E-1	2.514343E+0	3.453979E+0
72.5781	-3.564453E-1	-3.686523E-1	2.512512E+0	3.471375E+0
72.5938	-3.567505E-1	-3.665161E-1	2.508850E+0	3.493652E+0
72.6094	-3.598022E-1	-3.674316E-1	2.504883E+0	3.512878E+0
72.6094	-3.585815E-1	-3.747559E-1	2.504272E+0	3.530884E+0
72.625	-3.561401E-1	-3.750610E-1	2.500916E+0	3.552246E+0
72.6406	-3.585815E-1	-3.701782E-1	2.498779E+0	3.574219E+0
72.6406	-3.622437E-1	-3.790283E-1	2.495728E+0	3.591003E+0
72.6563	-3.622437E-1	-3.909302E-1	2.491760E+0	3.612366E+0
72.6563	-3.414917E-1	-3.628540E-1	2.489014E+0	3.630371E+0
72.6719	-2.380371E-2	-1.660156E-1	2.487488E+0	3.650208E+0
72.6875	-3.845215E-2	-6.134033E-2	2.484131E+0	3.670654E+0
72.6875	-4.180908E-2	-5.462646E-2	2.481079E+0	3.690186E+0
72.7031	-4.089355E-2	-5.249023E-2	2.478638E+0	3.709717E+0
72.7188	-4.302979E-2	-5.401611E-2	2.476501E+0	3.730469E+0
72.7188	-3.753662E-2	-4.730225E-2	2.473145E+0	3.751526E+0
72.7344	-3.631592E-2	-5.340576E-2	2.471008E+0	3.768921E+0
72.75	-3.906250E-2	-5.035400E-2	2.467041E+0	3.789978E+0
72.75	-4.394531E-2	-5.340576E-2	2.465210E+0	3.809509E+0
72.7656	-3.723145E-2	-4.730225E-2	2.463074E+0	3.826904E+0
72.7656	-3.631592E-2	-5.004883E-2	2.459412E+0	3.848877E+0
72.7813	-4.058838E-2	-5.004883E-2	2.455444E+0	3.868103E+0
72.7969	-3.570557E-2	-4.791260E-2	2.453918E+0	3.887024E+0
72.7969	-4.058838E-2	-4.669189E-2	2.451172E+0	3.908997E+0
72.8125	-3.692627E-2	-5.096436E-2	2.447815E+0	3.927002E+0
72.8281	-3.204346E-2	-5.035400E-2	2.445679E+0	3.947144E+0
72.8281	-3.753662E-2	-4.943848E-2	2.442322E+0	3.966980E+0
72.8438	-3.845215E-2	-4.455566E-2	2.439270E+0	3.986816E+0
72.8438	-4.089355E-2	-4.974365E-2	2.438049E+0	4.005737E+0
72.8594	-3.814697E-2	-4.577637E-2	2.434387E+0	4.027100E+0
72.875	-3.784180E-2	-4.547119E-2	2.431030E+0	4.045715E+0
72.875	-3.448486E-2	-4.821777E-2	2.429810E+0	4.064331E+0
72.8906	-3.967285E-2	-4.760742E-2	2.426147E+0	4.086304E+0
72.9063	-3.112793E-2	-4.547119E-2	2.423706E+0	4.105225E+0
72.9063	-3.509521E-2	-4.364014E-2	2.420959E+0	4.125061E+0
72.9219	-3.570557E-2	-5.004883E-2	2.417603E+0	4.144897E+0
72.9375	-4.028320E-2	-4.150391E-2	2.413940E+0	4.164124E+0
72.9375	-3.601074E-2	-4.669189E-2	2.413025E+0	4.183655E+0
72.9531	-3.540039E-2	-4.730225E-2	2.409668E+0	4.204712E+0
72.9688	-3.051758E-2	-4.730225E-2	2.406006E+0	4.224243E+0
72.9688	-3.601074E-2	-4.577637E-2	2.403870E+0	4.241638E+0
72.9844	-3.479004E-2	-4.638672E-2	2.402039E+0	4.263306E+0
73.0	-3.540039E-2	-4.394531E-2	2.397766E+0	4.282837E+0
73.0	-3.387451E-2	-4.302979E-2	2.395935E+0	4.302673E+0
73.0156	-3.143311E-2	-4.058838E-2	2.392883E+0	4.323120E+0
73.0156	-3.234863E-2	-3.997803E-2	2.389832E+0	4.341431E+0
73.0313	-3.295898E-2	-4.394531E-2	2.388306E+0	4.361267E+0
73.0469	-3.814697E-2	-3.997803E-2	2.385254E+0	4.382324E+0
73.0469	-3.540039E-2	-4.486084E-2	2.381897E+0	4.401855E+0
73.0625	-3.387451E-2	-4.333496E-2	2.379150E+0	4.421692E+0
73.0781	-3.082275E-2	-3.906250E-2	2.377014E+0	4.440918E+0
73.0781	-3.601074E-2	-4.028320E-2	2.373047E+0	4.459839E+0
73.0938	-3.723145E-2	-4.760742E-2	2.370605E+0	4.479370E+0
73.1094	-3.845215E-2	-3.936768E-2	2.367249E+0	4.500427E+0
73.1094	-3.204346E-2	-3.479004E-2	2.364807E+0	4.520264E+0
73.125	-3.295898E-2	-3.662109E-2	2.363281E+0	4.538269E+0
73.1406	-3.906250E-2	-3.784180E-2	2.359314E+0	4.559021E+0
73.1406	-3.082275E-2	-3.448486E-2	2.356262E+0	4.578552E+0
73.1563	-4.028320E-2	-3.479004E-2	2.354736E+0	4.598083E+0
73.1563	-2.960205E-2	-4.028320E-2	2.351379E+0	4.619141E+0
73.1719	-3.753662E-2	-4.119873E-2	2.348328E+0	4.637146E+0
73.1875	-3.173828E-2	-4.394531E-2	2.346191E+0	4.656067E+0
73.1875	-2.685547E-2	-3.356934E-2	2.343140E+0	4.678345E+0
73.2031	-2.838135E-2	-4.089355E-2	2.339478E+0	4.696960E+0
73.2031	-2.624512E-2	-3.601074E-2	2.337952E+0	4.715881E+0
73.2188	-3.814697E-2	-3.692627E-2	2.334595E+0	4.736938E+0
73.2344	-3.692627E-2	-3.753662E-2	2.331848E+0	4.755554E+0
73.2344	-3.601074E-2	-4.119873E-2	2.329407E+0	4.775391E+0
73.25	-3.234863E-2	-3.265381E-2	2.326355E+0	4.796448E+0
73.2656	-3.417969E-2	-3.723145E-2	2.322998E+0	4.816284E+0
73.2656	-3.051758E-2	-3.784180E-2	2.321472E+0	4.835510E+0
73.2813	-3.570557E-2	-3.540039E-2	2.317810E+0	4.855042E+0
73.2969	-3.387451E-2	-3.234863E-2	2.314453E+0	4.874268E+0
73.2969	-2.990723E-2	-3.143311E-2	2.313232E+0	4.893188E+0
73.3125	-3.112793E-2	-3.723145E-2	2.310181E+0	4.915161E+0
73.3281	-2.960205E-2	-3.570557E-2	2.307129E+0	4.934082E+0
73.3281	-2.807617E-2	-3.356934E-2	2.305298E+0	4.951172E+0
73.3438	-3.295898E-2	-3.234863E-2	2.301025E+0	4.973145E+0
73.3594	-3.051758E-2	-3.295898E-2	2.298889E+0	4.992676E+0
73.3594	-3.448486E-2	-3.112793E-2	2.296753E+0	5.011597E+0
73.375	-3.021240E-2	-2.990723E-2	2.293396E+0	5.033569E+0
73.3906	-3.082275E-2	-3.265381E-2	2.289734E+0	5.051880E+0
73.3906	-2.746582E-2	-3.021240E-2	2.287292E+0	5.070190E+0
73.4063	-3.601074E-2	-3.265381E-2	2.284851E+0	5.092468E+0
73.4063	-2.655029E-2	-3.387451E-2	2.281494E+0	5.110779E+0
73.4219	-2.929687E-2	-3.234863E-2	2.279663E+0	5.130005E+0
73.4375	-2.838135E-2	-3.326416E-2	2.276001E+0	5.151062E+0
73.4375	-2.868652E-2	-3.173828E-2	2.273865E+0	5.169678E+0
73.4531	-2.899170E-2	-3.265381E-2	2.272339E+0	5.189209E+0
73.4688	-3.570557E-2	-2.655029E-2	2.268982E+0	5.209351E+0
73.4688	-3.021240E-2	-3.082275E-2	2.264709E+0	5.230103E+0
73.4844	-2.960205E-2	-2.624512E-2	2.262878E+0	5.247498E+0
73.5	-3.479004E-2	-2.868652E-2	2.260132E+0	5.267944E+0
73.5	-3.021240E-2	-2.563477E-2	2.256470E+0	5.288086E+0
73.5156	-2.624512E-2	-2.685547E-2	2.254639E+0	5.306702E+0
73.5156	-2.502441E-2	-2.502441E-2	2.251892E+0	5.328369E+0
73.5313	-3.051758E-2	-3.021240E-2	2.248535E+0	5.346680E+0
73.5469	-2.990723E-2	-2.777100E-2	2.247314E+0	5.365601E+0
73.5469	-3.021240E-2	-2.502441E-2	2.243958E+0	5.386963E+0
73.5625	-3.356934E-2	-2.929687E-2	2.239685E+0	5.406494E+0
73.5781	-2.716064E-2	-3.112793E-2	2.237549E+0	5.425415E+0
73.5781	-2.746582E-2	-2.502441E-2	2.235413E+0	5.446167E+0
73.5938	-2.593994E-2	-2.685547E-2	2.232361E+0	5.464478E+0
73.5938	-3.295898E-2	-2.441406E-2	2.230225E+0	5.483704E+0
73.6094	-3.021240E-2	-2.655029E-2	2.226257E+0	5.505676E+0
73.625	-2.685547E-2	-3.021240E-2	2.222900E+0	5.524902E+0
73.625	-2.868652E-2	-3.021240E-2	2.221985E+0	5.542908E+0
73.6406	-2.624512E-2	-2.349854E-2	2.218323E+0	5.563965E+0
73.6563	-2.990723E-2	-3.021240E-2	2.215271E+0	5.583191E+0
73.6563	-2.288818E-2	-2.563477E-2	2.212524E+0	5.602417E+0
73.6719	-2.960205E-2	-2.380371E-2	2.209778E+0	5.623474E+0
73.6875	-2.655029E-2	-2.929687E-2	2.206726E+0	5.642090E+0
73.6875	-3.326416E-2	-3.051758E-2	2.205200E+0	5.661316E+0
73.7031	-2.655029E-2	-2.777100E-2	2.201538E+0	5.681458E+0
73.7188	-2.563477E-2	-2.136230E-2	2.198181E+0	5.701294E+0
73.7188	-2.746582E-2	-2.410889E-2	2.196960E+0	5.718994E+0
73.7344	-3.021240E-2	-2.288818E-2	2.193604E+0	5.742187E+0
73.75	-3.051758E-2	-2.624512E-2	2.189941E+0	5.760498E+0
73.75	-2.899170E-2	-2.410889E-2	2.188416E+0	5.778809E+0
73.7656	-2.349854E-2	-1.739502E-2	2.185364E+0	5.800476E+0
73.7656	-2.227783E-2	-3.143311E-2	2.182312E+0	5.820007E+0
73.7813	-2.990723E-2	-2.624512E-2	2.180481E+0	5.838623E+0
73.7969	-2.532959E-2	-2.136230E-2	2.176819E+0	5.859070E+0
73.7969	-2.624512E-2	-2.166748E-2	2.173767E+0	5.877380E+0
73.8125	-2.105713E-2	-2.655029E-2	2.172241E+0	5.897217E+0
73.8281	-2.929687E-2	-1.922607E-2	2.168274E+0	5.918884E+0
73.8281	-2.746582E-2	-2.258301E-2	2.165527E+0	5.937500E+0
73.8438	-2.288818E-2	-2.075195E-2	2.163086E+0	5.955505E+0
73.8594	-2.777100E-2	-2.960205E-2	2.160339E+0	5.977478E+0
73.8594	-2.899170E-2	-2.319336E-2	2.158203E+0	5.996704E+0
73.875	-2.655029E-2	-2.685547E-2	2.155151E+0	6.015625E+0
73.8906	-2.563477E-2	-2.136230E-2	2.151489E+0	6.036682E+0
73.8906	-2.563477E-2	-2.380371E-2	2.148132E+0	6.054687E+0
73.9063	-2.410889E-2	-1.983643E-2	2.146301E+0	6.074219E+0
73.9063	-2.410889E-2	-3.143311E-2	2.144165E+0	6.094971E+0
73.9219	-2.655029E-2	-2.441406E-2	2.140503E+0	6.114502E+0
73.9375	-2.136230E-2	-2.532959E-2	2.138672E+0	6.132507E+0
73.9375	-2.502441E-2	-2.288818E-2	2.135010E+0	6.153870E+0
73.9531	-2.655029E-2	-2.288818E-2	2.132263E+0	6.172485E+0
73.9531	-2.288818E-2	-2.044678E-2	2.129822E+0	6.191406E+0
73.9688	-2.899170E-2	-2.105713E-2	2.126770E+0	6.212769E+0
73.9844	-2.624512E-2	-2.105713E-2	2.124023E+0	6.231995E+0
73.9844	-2.655029E-2	-1.770020E-2	2.121582E+0	6.251221E+0
74.0	-2.685547E-2	-2.349854E-2	2.119446E+0	6.271667E+0
74.0156	-3.417969E-2	-2.044678E-2	2.115173E+0	6.291504E+0
74.0156	-2.838135E-2	-1.953125E-2	2.113037E+0	6.309204E+0
74.0313	-2.838135E-2	-1.953125E-2	2.109985E+0	6.331482E+0
74.0469	-2.410889E-2	-1.922607E-2	2.107239E+0	6.350708E+0
74.0469	-2.899170E-2	-1.770020E-2	2.105103E+0	6.368103E+0
74.0625	-2.380371E-2	-1.953125E-2	2.102661E+0	6.390076E+0
74.0781	-2.471924E-2	-1.525879E-2	2.098389E+0	6.409302E+0
74.0781	-2.258301E-2	-2.044678E-2	2.096558E+0	6.427307E+0
74.0938	-2.716064E-2	-1.678467E-2	2.093811E+0	6.448975E+0
74.1094	-2.685547E-2	-2.014160E-2	2.090454E+0	6.466980E+0
74.1094	-2.105713E-2	-2.014160E-2	2.088623E+0	6.485901E+0
74.125	-1.617432E-2	-1.556396E-2	2.085266E+0	6.507568E+0
74.1406	-2.349854E-2	-1.953125E-2	2.082214E+0	6.526794E+0
74.1406	-3.021240E-2	-2.258301E-2	2.080383E+0	6.545715E+0
74.1563	-2.502441E-2	-2.288818E-2	2.077332E+0	6.566162E+0
74.1563	-1.892090E-2	-1.617432E-2	2.073364E+0	6.584167E+0
74.1719	-2.075195E-2	-1.586914E-2	2.072144E+0	6.603699E+0
74.1875	-2.380371E-2	-1.861572E-2	2.069092E+0	6.625671E+0
74.1875	-2.532959E-2	-1.586914E-2	2.066040E+0	6.644287E+0
74.2031	-2.899170E-2	-1.464844E-2	2.063904E+0	6.663208E+0
74.2188	-2.563477E-2	-9.460449E-3	2.060852E+0	6.684875E+0
74.2188	-2.960205E-2	-1.739502E-2	2.057495E+0	6.702881E+0
74.2344	-2.471924E-2	-1.586914E-2	2.055969E+0	6.722107E+0
74.25	-2.258301E-2	-1.892090E-2	2.052612E+0	6.744080E+0
74.25	-2.441406E-2	-1.403809E-2	2.048645E+0	6.761780E+0
74.2656	-2.075195E-2	-1.739502E-2	2.046204E+0	6.779785E+0
74.2656	-2.502441E-2	-1.739502E-2	2.044067E+0	6.802063E+0
74.2813	-2.197266E-2	-2.044678E-2	2.041626E+0	6.823425E+0
74.2969	-2.166748E-2	-7.934570E-3	2.039185E+0	6.840210E+0
74.2969	-2.349854E-2	-1.495361E-2	2.035522E+0	6.859741E+0
74.3125	-2.319336E-2	-1.220703E-2	2.032166E+0	6.878967E+0
74.3281	-2.471924E-2	-1.342773E-2	2.031555E+0	6.898804E+0
74.3281	-2.746582E-2	-1.770020E-2	2.027283E+0	6.920166E+0
74.3438	-2.563477E-2	-2.319336E-2	2.024231E+0	6.937866E+0
74.3438	-2.868652E-2	-1.739502E-2	2.022095E+0	6.956482E+0
74.3594	-2.624512E-2	-1.312256E-2	2.018738E+0	6.978149E+0
74.375	-2.685547E-2	-1.068115E-2	2.015991E+0	6.997070E+0
74.375	-2.166748E-2	-9.765625E-3	2.014465E+0	7.015381E+0
74.3906	-2.349854E-2	-1.861572E-2	2.010498E+0	7.037964E+0
74.4063	-2.593994E-2	-7.629395E-3	2.007751E+0	7.055969E+0
74.4063	-2.227783E-2	-1.251221E-2	2.006531E+0	7.075195E+0
74.4219	-2.014160E-2	-1.159668E-2	2.002258E+0	7.095947E+0
74.4375	-2.136230E-2	-9.155273E-3	1.998901E+0	7.115173E+0
74.4375	-2.319336E-2	-1.342773E-2	1.997375E+0	7.134094E+0
74.4531	-2.746582E-2	-1.251221E-2	1.994019E+0	7.155762E+0
74.4688	-2.197266E-2	-9.460449E-3	1.990967E+0	7.174072E+0
74.4688	-2.471924E-2	-1.281738E-2	1.988831E+0	7.191772E+0
74.4844	-2.319336E-2	-4.882812E-3	1.985779E+0	7.214050E+0
74.5	-2.746582E-2	-1.220703E-2	1.982117E+0	7.232971E+0
74.5	-2.166748E-2	-1.007080E-2	1.980591E+0	7.251587E+0
74.5156	-2.258301E-2	-9.460449E-3	1.977539E+0	7.272034E+0
74.5313	-2.288818E-2	-8.850098E-3	1.974487E+0	7.290955E+0
74.5313	-2.319336E-2	-1.586914E-2	1.971741E+0	7.310486E+0
74.5469	-2.319336E-2	-6.408691E-3	1.968994E+0	7.330933E+0
74.5469	-2.014160E-2	-1.129150E-2	1.966248E+0	7.350159E+0
74.5625	-1.922607E-2	-1.342773E-2	1.964111E+0	7.368469E+0
74.5781	-2.166748E-2	-5.187988E-3	1.960754E+0	7.389221E+0
74.5781	-1.800537E-2	-1.373291E-2	1.957397E+0	7.409363E+0
74.5938	-1.800537E-2	-1.220703E-2	1.955566E+0	7.427368E+0
74.6094	-1.953125E-2	-3.662109E-3	1.953430E+0	7.449646E+0
74.6094	-1.617432E-2	-7.629395E-3	1.949768E+0	7.467651E+0
74.625	-1.770020E-2	-7.324219E-3	1.947632E+0	7.486572E+0
74.625	-2.777100E-2	-1.190186E-2	1.944885E+0	7.507324E+0
74.6406	-1.983643E-2	-5.187988E-3	1.941528E+0	7.527161E+0
74.6563	-2.380371E-2	-1.190186E-2	1.939392E+0	7.545776E+0
74.6563	-2.258301E-2	-8.850098E-3	1.936340E+0	7.565613E+0
74.6719	-2.349854E-2	-6.408691E-3	1.932373E+0	7.585449E+0
74.6875	-2.685547E-2	-2.746582E-3	1.930847E+0	7.602539E+0
74.6875	-1.922607E-2	-9.155273E-3	1.927490E+0	7.625122E+0
74.7031	-1.892090E-2	-7.019043E-3	1.924438E+0	7.644043E+0
74.7031	-2.655029E-2	-1.159668E-2	1.922607E+0	7.661438E+0
74.7188	-2.105713E-2	-6.408691E-3	1.919250E+0	7.683716E+0
74.7344	-1.617432E-2	-6.408691E-3	1.916504E+0	7.702942E+0
74.7344	-1.617432E-2	-8.544922E-3	1.914368E+0	7.722473E+0
74.75	-2.593994E-2	-6.713867E-3	1.911316E+0	7.742615E+0
74.7656	-2.349854E-2	-6.103516E-3	1.907654E+0	7.762451E+0
74.7656	-1.953125E-2	-7.629395E-3	1.905823E+0	7.780151E+0
74.7813	-2.105713E-2	-9.460449E-3	1.902771E+0	7.801514E+0
74.7969	-1.861572E-2	-4.577637E-3	1.899414E+0	7.821045E+0
74.7969	-1.953125E-2	-8.544922E-3	1.897888E+0	7.838745E+0
74.8125	-1.983643E-2	-1.068115E-2	1.894226E+0	7.860413E+0
74.8281	-2.227783E-2	-4.577637E-3	1.891174E+0	7.878723E+0
74.8281	-2.563477E-2	-5.798340E-3	1.877441E+0	7.896729E+0
74.8438	-2.471924E-2	-7.934570E-3	1.746826E+0	7.899475E+0
74.8594	-2.105713E-2	-3.967285E-3	1.623535E+0	7.898865E+0
74.8594	-2.471924E-2	-7.934570E-3	1.560364E+0	7.899170E+0
74.875	-1.831055E-2	-2.746582E-3	1.444702E+0	7.898560E+0
74.8906	-2.166748E-2	-3.051758E-4	1.311340E+0	7.898560E+0
74.8906	-1.403809E-2	-9.155273E-4	1.247559E+0	7.898560E+0
74.9063	-2.227783E-2	1.525879E-3	1.114502E+0	7.898560E+0
74.9063	-2.166748E-2	2.136230E-3	9.976196E-1	7.897949E+0
74.9219	-1.434326E-2	1.220703E-3	9.292603E-1	7.898254E+0
74.9375	-1.525879E-2	6.103516E-4	8.074951E-1	7.897949E+0
74.9375	-1.678467E-2	8.850098E-3	7.019043E-1	7.897949E+0
74.9531	-1.342773E-2	1.220703E-3	6.213379E-1	7.897339E+0
74.9688	-1.770020E-2	1.403809E-2	4.931641E-1	7.897644E+0
74.9688	-1.861572E-2	8.239746E-3	3.747559E-1	7.897644E+0
74.9844	-1.434326E-2	1.281738E-2	3.109741E-1	7.897949E+0
75.0	-1.037598E-2	1.068115E-2	1.934814E-1	7.897339E+0
75.0	-1.037598E-2	1.281738E-2	7.720947E-2	7.897949E+0
75.0156	-2.105713E-2	1.342773E-2	1.495361E-2	7.897644E+0
75.0156	-1.464844E-2	9.460449E-3	8.239746E-3	7.802124E+0
75.0313	-1.464844E-2	1.159668E-2	9.155273E-3	7.706909E+0
75.0469	-1.770020E-2	1.342773E-2	1.037598E-2	7.613831E+0
75.0469	-1.373291E-2	1.037598E-2	1.037598E-2	7.503662E+0
75.0625	-1.647949E-2	7.629395E-3	1.098633E-2	7.408447E+0
75.0781	-1.190186E-2	1.098633E-2	1.098633E-2	7.311096E+0
75.0781	-1.556396E-2	8.239746E-3	1.098633E-2	7.204895E+0
75.0938	-1.190186E-2	6.713867E-3	1.129150E-2	7.106323E+0
75.0938	-1.586914E-2	5.187988E-3	1.098633E-2	7.014465E+0
75.1094	-1.403809E-2	7.629395E-3	1.190186E-2	6.904907E+0
75.125	-1.678467E-2	2.746582E-3	1.159668E-2	6.806946E+0
75.125	-1.678467E-2	8.239746E-3	1.129150E-2	6.714478E+0
75.1406	-2.075195E-2	6.103516E-3	1.159668E-2	6.607361E+0
75.1563	-1.007080E-2	7.324219E-3	1.190186E-2	6.508789E+0
75.1563	-1.373291E-2	8.544922E-3	1.190186E-2	6.412048E+0
75.1719	-2.227783E-2	5.493164E-3	1.159668E-2	6.307678E+0
75.1875	-1.922607E-2	4.272461E-3	1.190186E-2	6.209717E+0
75.1875	-1.586914E-2	4.577637E-3	1.159668E-2	6.112366E+0
75.2031	-2.258301E-2	3.356934E-3	1.159668E-2	6.009521E+0
75.2188	-1.708984E-2	3.051758E-3	1.098633E-2	5.912476E+0
75.2188	-1.800537E-2	6.103516E-3	1.159668E-2	5.818176E+0
75.2344	-1.922607E-2	6.103516E-4	1.129150E-2	5.709229E+0
75.25	-2.197266E-2	-3.051758E-4	1.220703E-2	5.610962E+0
75.25	-1.525879E-2	-1.831055E-3	1.098633E-2	5.516663E+0
75.2656	-2.075195E-2	1.831055E-3	1.159668E-2	5.410156E+0
75.2656	-1.373291E-2	-1.525879E-3	1.220703E-2	5.312805E+0
75.2813	-1.617432E-2	3.051758E-4	1.098633E-2	5.213318E+0
75.2969	-2.105713E-2	1.220703E-3	1.190186E-2	5.110474E+0
75.2969	-1.861572E-2	3.356934E-3	1.220703E-2	5.011292E+0
75.3125	-2.288818E-2	-3.051758E-3	1.159668E-2	4.913940E+0
75.3281	-2.014160E-2	-5.187988E-3	1.129150E-2	4.809570E+0
75.3281	-1.739502E-2	-1.525879E-3	1.190186E-2	4.712219E+0
75.3438	-1.647949E-2	-8.239746E-3	1.190186E-2	4.616394E+0
75.3594	-2.075195E-2	-2.441406E-3	1.190186E-2	4.511108E+0
75.3594	-1.922607E-2	-5.493164E-3	1.159668E-2	4.412842E+0
75.375	-1.708984E-2	-2.136230E-3	1.190186E-2	4.313660E+0
75.3906	-1.525879E-2	-9.765625E-3	1.220703E-2	4.211121E+0
75.3906	-2.197266E-2	2.136230E-3	1.190186E-2	4.111633E+0
75.4063	-1.678467E-2	-5.798340E-3	1.068115E-2	4.013672E+0
75.4063	-1.098633E-2	-4.882812E-3	1.190186E-2	3.910828E+0
75.4219	-1.953125E-2	-3.356934E-3	1.190186E-2	3.811951E+0
75.4375	-2.166748E-2	-7.324219E-3	1.159668E-2	3.715210E+0
75.4375	-2.441406E-2	-1.831055E-3	1.251221E-2	3.609924E+0
75.4531	-2.502441E-2	-6.103516E-3	1.159668E-2	3.512268E+0
75.4531	-1.434326E-2	-5.798340E-3	1.159668E-2	3.415527E+0
75.4688	-2.166748E-2	-7.934570E-3	1.159668E-2	3.309326E+0
75.4844	-1.861572E-2	-1.037598E-2	1.190186E-2	3.211060E+0
75.4844	-2.563477E-2	-1.037598E-2	1.098633E-2	3.112488E+0
75.5	-2.105713E-2	-1.373291E-2	1.190186E-2	3.009033E+0
75.5156	-2.777100E-2	-6.103516E-3	1.159668E-2	2.910156E+0
75.5156	-1.983643E-2	-1.525879E-2	1.190186E-2	2.811279E+0
75.5313	-2.288818E-2	-1.495361E-2	1.190186E-2	2.708740E+0
75.5469	-2.410889E-2	-8.544922E-3	1.220703E-2	2.609253E+0
75.5469	-2.349854E-2	-9.460449E-3	1.220703E-2	2.512512E+0
75.5625	-2.899170E-2	-1.373291E-2	1.251221E-2	2.407837E+0
75.5781	-2.410889E-2	-1.556396E-2	1.220703E-2	2.307739E+0
75.5781	-2.593994E-2	-1.312256E-2	1.220703E-2	2.212830E+0
75.5938	-2.777100E-2	-1.068115E-2	1.281738E-2	2.106934E+0
75.6094	-2.105713E-2	-1.678467E-2	1.190186E-2	2.008972E+0
75.6094	-2.044678E-2	-1.647949E-2	1.129150E-2	1.909485E+0
75.625	-1.953125E-2	-1.098633E-2	1.281738E-2	1.806335E+0
75.6406	-2.288818E-2	-1.556396E-2	1.251221E-2	1.707153E+0
75.6406	-1.647949E-2	-1.647949E-2	1.251221E-2	1.610413E+0
75.6563	-2.624512E-2	-1.281738E-2	1.251221E-2	1.506042E+0
75.6563	-2.960205E-2	-1.770020E-2	1.251221E-2	1.406860E+0
75.6719	-1.861572E-2	-1.739502E-2	1.312256E-2	1.310730E+0
75.6875	-2.471924E-2	-1.617432E-2	1.281738E-2	1.204834E+0
75.6875	-2.807617E-2	-1.586914E-2	1.251221E-2	1.106567E+0
75.7031	-2.593994E-2	-2.349854E-2	1.281738E-2	1.006775E+0
75.7188	-2.044678E-2	-1.525879E-2	1.251221E-2	9.057617E-1
75.7188	-2.075195E-2	-1.892090E-2	1.281738E-2	8.044434E-1
75.7344	-2.990723E-2	-1.892090E-2	1.220703E-2	7.070923E-1
75.75	-2.075195E-2	-1.708984E-2	1.251221E-2	6.045532E-1
75.75	-2.532959E-2	-2.197266E-2	1.251221E-2	5.041504E-1
75.7656	-2.563477E-2	-1.525879E-2	1.220703E-2	4.074097E-1
75.7656	-1.861572E-2	-1.739502E-2	1.251221E-2	3.036499E-1
75.7813	-2.899170E-2	-2.319336E-2	1.312256E-2	2.041626E-1
75.7969	-2.258301E-2	-1.617432E-2	1.281738E-2	1.071167E-1
75.7969	-2.410889E-2	-1.312256E-2	1.281738E-2	2.441406E-3
75.8125	-2.655029E-2	-1.831055E-2	1.312256E-2	6.713867E-3
75.8281	-2.777100E-2	-1.800537E-2	1.251221E-2	7.629395E-3
75.8281	-3.051758E-2	-1.495361E-2	1.342773E-2	8.544922E-3
75.8438	-2.929687E-2	-2.349854E-2	1.312256E-2	8.544922E-3
75.8438	-2.136230E-2	-2.166748E-2	1.281738E-2	9.155273E-3
75.8594	-2.471924E-2	-2.136230E-2	1.281738E-2	9.460449E-3
75.875	-2.716064E-2	-1.983643E-2	1.312256E-2	9.765625E-3
75.875	-3.143311E-2	-1.770020E-2	1.281738E-2	9.460449E-3
75.8906	-2.288818E-2	-2.563477E-2	1.312256E-2	9.765625E-3
75.9063	-2.716064E-2	-1.983643E-2	1.312256E-2	9.155273E-3
75.9063	-2.380371E-2	-1.922607E-2	1.281738E-2	9.460449E-3
75.9219	-2.655029E-2	-1.800537E-2	1.312256E-2	1.007080E-2
75.9375	-2.807617E-2	-1.739502E-2	1.251221E-2	1.007080E-2
75.9375	-2.197266E-2	-2.197266E-2	1.312256E-2	9.765625E-3
75.9531	-2.899170E-2	-1.342773E-2	1.251221E-2	1.007080E-2
75.9688	-2.593994E-2	-1.617432E-2	1.281738E-2	1.037598E-2
75.9688	-2.136230E-2	-1.708984E-2	1.434326E-2	1.007080E-2
75.9844	-2.532959E-2	-1.800537E-2	1.281738E-2	1.007080E-2
76.0	-1.983643E-2	-1.434326E-2	1.312256E-2	1.007080E-2
76.0	-2.868652E-2	-1.678467E-2	1.312256E-2	1.007080E-2
76.0156	-2.380371E-2	-2.197266E-2	1.251221E-2	1.037598E-2
76.0313	-2.288818E-2	-2.136230E-2	1.342773E-2	9.460449E-3
76.0313	-3.143311E-2	-2.105713E-2	1.312256E-2	9.765625E-3
76.0469	-2.136230E-2	-2.319336E-2	1.342773E-2	9.765625E-3
76.0469	-2.319336E-2	-1.800537E-2	1.281738E-2	9.460449E-3
76.0625	-2.319336E-2	-1.617432E-2	1.312256E-2	1.007080E-2
76.0781	-2.532959E-2	-2.044678E-2	1.281738E-2	1.068115E-2
76.0781	-2.380371E-2	-1.525879E-2	1.312256E-2	9.765625E-3
76.0938	-2.746582E-2	-1.586914E-2	1.251221E-2	9.765625E-3
76.1094	-2.349854E-2	-2.258301E-2	1.220703E-2	9.765625E-3
76.1094	-2.288818E-2	-2.075195E-2	1.251221E-2	1.007080E-2
76.125	-2.716064E-2	-1.464844E-2	1.281738E-2	1.007080E-2
76.1406	-2.441406E-2	-1.617432E-2	1.312256E-2	1.007080E-2
76.1406	-2.105713E-2	-2.075195E-2	1.220703E-2	1.007080E-2
76.1563	-2.197266E-2	-1.739502E-2	1.312256E-2	1.007080E-2
76.1563	-2.227783E-2	-2.136230E-2	1.312256E-2	9.765625E-3
76.1719	-2.716064E-2	-1.831055E-2	1.251221E-2	9.765625E-3
76.1875	-2.563477E-2	-1.647949E-2	1.312256E-2	9.765625E-3
76.1875	-2.349854E-2	-1.861572E-2	1.281738E-2	1.007080E-2
76.2031	-2.593994E-2	-1.953125E-2	1.312256E-2	1.037598E-2
76.2031	-2.899170E-2	-2.105713E-2	1.281738E-2	9.765625E-3
76.2188	-2.502441E-2	-1.922607E-2	1.251221E-2	1.037598E-2
76.2344	-2.685547E-2	-1.983643E-2	1.251221E-2	1.037598E-2
76.2344	-2.044678E-2	-1.831055E-2	1.342773E-2	1.068115E-2
76.25	-2.380371E-2	-1.251221E-2	1.281738E-2	9.765625E-3
76.2656	-2.441406E-2	-1.678467E-2	1.281738E-2	1.007080E-2
76.2656	-2.655029E-2	-1.434326E-2	1.281738E-2	1.007080E-2
76.2813	-2.532959E-2	-1.647949E-2	1.281738E-2	9.765625E-3
76.2969	-2.288818E-2	-1.678467E-2	1.312256E-2	9.765625E-3
76.2969	-2.593994E-2	-2.044678E-2	1.281738E-2	1.007080E-2
76.3125	-2.746582E-2	-1.251221E-2	1.281738E-2	9.765625E-3
76.3281	-2.349854E-2	-1.556396E-2	1.251221E-2	1.007080E-2
76.3281	-2.746582E-2	-1.159668E-2	1.281738E-2	1.068115E-2
76.3438	-2.777100E-2	-1.312256E-2	1.312256E-2	1.037598E-2
76.3594	-2.929687E-2	-2.014160E-2	1.251221E-2	9.460449E-3
76.3594	-2.471924E-2	-1.739502E-2	1.281738E-2	9.155273E-3
76.375	-3.082275E-2	-1.647949E-2	1.312256E-2	1.007080E-2
76.3906	-2.532959E-2	-1.342773E-2	1.281738E-2	9.765625E-3
76.3906	-2.105713E-2	-1.434326E-2	1.312256E-2	1.037598E-2
76.4063	-2.593994E-2	-1.922607E-2	1.312256E-2	1.007080E-2
76.4063	-2.563477E-2	-1.770020E-2	1.312256E-2	1.068115E-2
76.4219	-2.655029E-2	-2.258301E-2	1.251221E-2	9.460449E-3
76.4375	-2.349854E-2	-2.258301E-2	1.281738E-2	1.037598E-2
76.4375	-2.868652E-2	-1.037598E-2	1.251221E-2	9.460449E-3
76.4531	-2.655029E-2	-1.800537E-2	1.312256E-2	1.007080E-2
76.4688	-2.838135E-2	-2.044678E-2	1.281738E-2	1.068115E-2
76.4688	-2.044678E-2	-1.831055E-2	1.281738E-2	1.037598E-2
76.4844	-2.441406E-2	-1.831055E-2	1.251221E-2	1.068115E-2
76.5	-2.685547E-2	-1.770020E-2	1.281738E-2	9.460449E-3
76.5	-2.716064E-2	-1.953125E-2	1.251221E-2	1.037598E-2
76.5156	-2.136230E-2	-1.953125E-2	1.281738E-2	1.037598E-2
76.5156	-2.105713E-2	-1.525879E-2	1.281738E-2	1.007080E-2
76.5313	-2.655029E-2	-2.075195E-2	1.281738E-2	9.765625E-3
76.5469	-2.593994E-2	-1.434326E-2	1.281738E-2	1.098633E-2
76.5469	-2.227783E-2	-1.953125E-2	1.281738E-2	1.068115E-2
76.5625	-2.471924E-2	-1.800537E-2	1.342773E-2	1.037598E-2
76.5781	-2.258301E-2	-1.342773E-2	1.281738E-2	1.007080E-2
76.5781	-2.349854E-2	-1.495361E-2	1.251221E-2	1.037598E-2
76.5938	-2.563477E-2	-1.617432E-2	1.312256E-2	1.007080E-2
76.5938	-2.136230E-2	-1.983643E-2	1.281738E-2	9.765625E-3
76.6094	-2.716064E-2	-1.708984E-2	1.342773E-2	1.037598E-2
76.625	-2.410889E-2	-1.525879E-2	1.342773E-2	1.068115E-2
76.625	-2.746582E-2	-1.312256E-2	1.281738E-2	1.007080E-2
76.6406	-2.532959E-2	-2.075195E-2	1.312256E-2	9.765625E-3
76.6563	-2.990723E-2	-2.105713E-2	1.342773E-2	1.007080E-2
76.6563	-1.922607E-2	-1.892090E-2	1.312256E-2	9.460449E-3
76.6719	-2.288818E-2	-1.495361E-2	1.312256E-2	9.765625E-3
76.6875	-2.227783E-2	-2.441406E-2	1.312256E-2	1.007080E-2
76.6875	-2.624512E-2	-2.105713E-2	1.251221E-2	1.068115E-2
76.7031	-2.807617E-2	-2.563477E-2	1.281738E-2	9.765625E-3
76.7188	-2.105713E-2	-1.373291E-2	1.281738E-2	1.007080E-2
76.7188	-2.319336E-2	-2.136230E-2	1.251221E-2	1.007080E-2
76.7344	-2.197266E-2	-1.312256E-2	1.281738E-2	9.765625E-3
76.75	-2.349854E-2	-1.525879E-2	1.312256E-2	9.765625E-3
76.75	-2.502441E-2	-2.014160E-2	1.281738E-2	1.068115E-2
76.7656	-2.532959E-2	-1.922607E-2	1.251221E-2	1.007080E-2
76.7656	-2.410889E-2	-1.281738E-2	1.281738E-2	1.007080E-2
76.7813	-2.990723E-2	-1.800537E-2	1.251221E-2	9.765625E-3
76.7969	-2.105713E-2	-1.831055E-2	1.312256E-2	9.765625E-3
76.7969	-2.227783E-2	-1.403809E-2	1.312256E-2	9.460449E-3
76.8125	-2.868652E-2	-1.373291E-2	1.312256E-2	1.068115E-2
76.8281	-2.777100E-2	-1.953125E-2	1.312256E-2	1.037598E-2
76.8281	-2.380371E-2	-1.342773E-2	1.312256E-2	9.765625E-3
76.8438	-1.892090E-2	-1.800537E-2	1.281738E-2	9.765625E-3
76.8594	-2.288818E-2	-1.770020E-2	1.281738E-2	9.460449E-3
76.8594	-2.349854E-2	-1.098633E-2	1.251221E-2	9.765625E-3
