June 02, 2009 16:32
529b02
H:\20090602-sws10-sls\LS_p30_d80_vp20_vd20.traj
lateral amplification = 100
normal amp = 100
pitch angle = -15
roll angle = 294
cantilever = 529b02
<data>
time	voltageForceLateral	voltageForceNormal	voltagePositionX	voltagePositionY
17.1875	3.051758E-4	-1.159668E-2	1.159668E-2	9.155273E-3
17.2031	1.831055E-3	-2.136230E-3	1.159668E-2	8.544922E-3
17.2031	-4.272461E-3	-1.129150E-2	1.159668E-2	7.934570E-3
17.2187	-5.798340E-3	-4.577637E-3	1.098633E-2	8.544922E-3
17.2187	1.220703E-3	-1.129150E-2	1.190186E-2	8.850098E-3
17.2344	3.051758E-3	-1.190186E-2	1.159668E-2	8.850098E-3
17.25	1.220703E-3	-2.349854E-2	1.098633E-2	8.239746E-3
17.25	-6.103516E-4	-1.434326E-2	1.159668E-2	8.544922E-3
17.2656	-3.051758E-4	-1.068115E-2	1.159668E-2	8.544922E-3
17.2812	-4.577637E-3	-1.464844E-2	1.129150E-2	8.239746E-3
17.2812	-5.493164E-3	-8.544922E-3	1.190186E-2	8.544922E-3
17.2969	-2.746582E-3	-1.312256E-2	1.129150E-2	8.239746E-3
17.2969	-5.798340E-3	-1.403809E-2	1.190186E-2	8.544922E-3
17.3125	9.155273E-4	-1.281738E-2	1.190186E-2	8.850098E-3
17.3281	-1.831055E-3	-1.159668E-2	1.190186E-2	8.850098E-3
17.3281	3.967285E-3	-1.190186E-2	1.159668E-2	8.544922E-3
17.3437	-3.051758E-4	-1.037598E-2	1.129150E-2	9.155273E-3
17.3594	2.746582E-3	-1.678467E-2	1.159668E-2	9.155273E-3
17.3594	-6.103516E-4	-1.953125E-2	1.190186E-2	8.544922E-3
17.375	-9.155273E-4	-1.464844E-2	1.098633E-2	8.544922E-3
17.3906	-1.525879E-3	-6.713867E-3	1.159668E-2	8.239746E-3
17.3906	-4.882812E-3	-1.831055E-3	1.190186E-2	8.850098E-3
17.4062	1.220703E-3	-6.713867E-3	1.068115E-2	8.544922E-3
17.4219	0.000000E+0	-1.281738E-2	1.129150E-2	8.544922E-3
17.4219	-6.408691E-3	-1.190186E-2	1.220703E-2	8.239746E-3
17.4375	-6.408691E-3	-6.713867E-3	1.159668E-2	8.850098E-3
17.4531	-4.882812E-3	-7.019043E-3	1.220703E-2	8.544922E-3
17.4531	0.000000E+0	-1.190186E-2	1.159668E-2	8.544922E-3
17.4687	-1.220703E-3	-5.493164E-3	1.190186E-2	8.850098E-3
17.4844	-3.662109E-3	-7.019043E-3	1.190186E-2	8.850098E-3
17.4844	3.967285E-3	-1.892090E-2	1.159668E-2	8.544922E-3
17.5	2.441406E-3	-1.831055E-2	1.159668E-2	9.155273E-3
17.5156	2.746582E-3	-1.159668E-2	1.159668E-2	8.544922E-3
17.5156	-4.272461E-3	-1.586914E-2	1.159668E-2	8.850098E-3
17.5312	-2.136230E-3	-1.464844E-2	1.129150E-2	7.934570E-3
17.5312	-5.493164E-3	-9.155273E-3	1.098633E-2	8.544922E-3
17.5469	-2.136230E-3	-8.544922E-3	1.068115E-2	8.239746E-3
17.5469	4.882812E-3	-1.861572E-2	1.159668E-2	9.155273E-3
17.5625	1.525879E-3	-1.281738E-2	1.190186E-2	9.155273E-3
17.5781	-3.051758E-3	-1.007080E-2	1.220703E-2	8.239746E-3
17.5781	3.356934E-3	-1.342773E-2	1.068115E-2	8.850098E-3
17.5937	-2.441406E-3	-7.019043E-3	1.068115E-2	9.155273E-3
17.6094	-4.272461E-3	-4.577637E-3	1.159668E-2	8.239746E-3
17.6094	2.136230E-3	-1.739502E-2	1.159668E-2	9.155273E-3
17.625	3.662109E-3	-1.647949E-2	1.159668E-2	8.850098E-3
17.6406	3.356934E-3	-1.220703E-2	1.159668E-2	8.850098E-3
17.6406	-5.798340E-3	-1.129150E-2	1.129150E-2	8.544922E-3
17.6562	-4.272461E-3	-1.220703E-2	1.220703E-2	8.544922E-3
17.6719	-6.103516E-4	-1.068115E-2	1.159668E-2	8.544922E-3
17.6719	3.051758E-4	-1.495361E-2	1.129150E-2	8.239746E-3
17.6875	-5.493164E-3	-9.460449E-3	1.159668E-2	8.850098E-3
17.7031	-3.051758E-3	-1.129150E-2	1.220703E-2	9.155273E-3
17.7031	-8.850098E-3	-1.373291E-2	1.159668E-2	8.544922E-3
17.7187	-2.441406E-3	-7.019043E-3	1.159668E-2	8.850098E-3
17.7344	-4.272461E-3	-1.892090E-2	1.098633E-2	9.155273E-3
17.7344	-3.051758E-3	-1.403809E-2	1.129150E-2	8.239746E-3
17.75	-3.051758E-3	-7.324219E-3	1.098633E-2	9.155273E-3
17.7656	-1.220703E-3	-1.922607E-2	1.159668E-2	7.934570E-3
17.7656	-3.356934E-3	-1.220703E-2	1.190186E-2	9.155273E-3
17.7812	0.000000E+0	-1.037598E-2	1.159668E-2	8.850098E-3
17.7812	-3.051758E-3	-8.544922E-3	1.159668E-2	8.544922E-3
17.7969	-6.103516E-4	-1.495361E-2	1.129150E-2	8.544922E-3
17.7969	-6.408691E-3	-1.342773E-2	1.129150E-2	9.460449E-3
17.8125	2.746582E-3	-1.190186E-2	1.159668E-2	8.544922E-3
17.8281	-1.831055E-3	-1.190186E-2	1.159668E-2	8.544922E-3
17.8281	-3.051758E-4	-9.460449E-3	1.129150E-2	8.850098E-3
17.8437	4.577637E-3	-1.770020E-2	1.129150E-2	8.850098E-3
17.8594	-6.103516E-3	-1.373291E-2	1.159668E-2	8.544922E-3
17.8594	-2.136230E-3	-1.007080E-2	1.190186E-2	8.850098E-3
17.875	-9.155273E-4	-1.342773E-2	1.190186E-2	8.850098E-3
17.8906	-1.831055E-3	-1.708984E-2	1.190186E-2	8.850098E-3
17.8906	0.000000E+0	-1.342773E-2	1.129150E-2	9.155273E-3
17.9062	3.356934E-3	-1.922607E-2	1.098633E-2	8.544922E-3
17.9219	2.441406E-3	-1.251221E-2	1.159668E-2	8.544922E-3
17.9219	-3.967285E-3	-1.647949E-2	1.190186E-2	8.239746E-3
17.9375	-1.220703E-3	-2.227783E-2	1.190186E-2	8.239746E-3
17.9531	-8.544922E-3	-2.441406E-2	1.129150E-2	8.850098E-3
17.9531	-6.408691E-3	-8.544922E-3	1.129150E-2	8.544922E-3
17.9687	-6.103516E-4	-6.713867E-3	1.129150E-2	8.544922E-3
17.9844	-7.019043E-3	-8.239746E-3	1.098633E-2	8.850098E-3
17.9844	9.155273E-4	-1.464844E-2	1.220703E-2	8.544922E-3
18.0	3.051758E-4	-1.220703E-2	1.190186E-2	8.544922E-3
18.0156	-2.136230E-3	-1.007080E-2	1.098633E-2	8.239746E-3
18.0156	3.051758E-4	-1.495361E-2	1.159668E-2	8.850098E-3
18.0312	-2.441406E-3	-1.342773E-2	1.159668E-2	9.155273E-3
18.0312	9.155273E-4	-2.166748E-2	1.190186E-2	8.544922E-3
18.0469	-4.882812E-3	-1.251221E-2	1.098633E-2	8.850098E-3
18.0469	-9.155273E-4	-8.239746E-3	1.159668E-2	8.850098E-3
18.0625	-3.967285E-3	-9.460449E-3	1.129150E-2	9.155273E-3
18.0781	0.000000E+0	-4.577637E-3	1.159668E-2	8.544922E-3
18.0781	-7.019043E-3	-1.464844E-2	1.129150E-2	8.850098E-3
18.0937	-5.187988E-3	-6.713867E-3	1.159668E-2	8.850098E-3
18.1094	1.831055E-3	-1.159668E-2	1.190186E-2	8.544922E-3
18.1094	-1.525879E-3	-1.190186E-2	1.190186E-2	8.544922E-3
18.125	2.746582E-3	-8.544922E-3	1.129150E-2	8.544922E-3
18.1406	2.746582E-3	-1.983643E-2	1.159668E-2	8.850098E-3
18.1406	5.187988E-3	-1.556396E-2	1.129150E-2	8.850098E-3
18.1562	0.000000E+0	-1.892090E-2	1.190186E-2	8.544922E-3
18.1719	1.220703E-3	-2.746582E-3	1.129150E-2	8.544922E-3
18.1719	2.746582E-3	-1.129150E-2	1.098633E-2	7.934570E-3
18.1875	-2.136230E-3	-1.190186E-2	1.495361E-2	8.850098E-3
18.2031	0.000000E+0	-1.251221E-2	3.814697E-2	9.155273E-3
18.2031	-9.155273E-4	-1.068115E-2	5.187988E-2	8.544922E-3
18.2187	-2.136230E-3	-1.190186E-2	7.720947E-2	8.544922E-3
18.2344	0.000000E+0	-1.495361E-2	9.979248E-2	8.239746E-3
18.2344	-3.356934E-3	-1.068115E-2	1.129150E-1	9.155273E-3
18.25	-2.441406E-3	-1.251221E-2	1.376343E-1	8.544922E-3
18.25	-1.831055E-3	-2.685547E-2	1.516724E-1	8.544922E-3
18.2656	-2.441406E-3	-1.403809E-2	1.724243E-1	8.850098E-3
18.2812	-5.493164E-3	-1.129150E-2	1.943970E-1	8.850098E-3
18.2812	-2.136230E-3	-1.159668E-2	2.151489E-1	8.850098E-3
18.2969	9.155273E-4	-1.037598E-2	2.371216E-1	8.544922E-3
18.2969	-9.460449E-3	-1.831055E-2	2.526855E-1	8.544922E-3
18.3125	2.441406E-3	-2.258301E-2	2.746582E-1	8.850098E-3
18.3281	2.441406E-3	-2.288818E-2	3.009033E-1	8.544922E-3
18.3281	-3.662109E-3	-1.983643E-2	3.131104E-1	9.155273E-3
18.3437	-2.136230E-3	-1.159668E-2	3.344727E-1	8.544922E-3
18.3594	-2.441406E-3	-1.647949E-2	3.598022E-1	8.239746E-3
18.3594	-2.746582E-3	-2.502441E-2	3.726196E-1	8.239746E-3
18.375	-5.798340E-3	-1.068115E-2	3.976440E-1	8.850098E-3
18.3906	-2.441406E-3	-1.464844E-2	4.208374E-1	8.544922E-3
18.3906	-5.798340E-3	-2.105713E-2	4.324341E-1	8.544922E-3
18.4062	6.103516E-4	-2.441406E-2	4.565430E-1	8.850098E-3
18.4219	-3.051758E-3	-2.319336E-2	4.769897E-1	7.934570E-3
18.4219	-6.408691E-3	-1.770020E-2	4.922485E-1	9.155273E-3
18.4375	-4.882812E-3	-1.312256E-2	5.160522E-1	8.850098E-3
18.4531	-1.220703E-3	-2.136230E-2	5.389404E-1	8.850098E-3
18.4531	-3.662109E-3	-2.380371E-2	5.514526E-1	9.155273E-3
18.4687	-4.577637E-3	-2.288818E-2	5.770874E-1	8.850098E-3
18.4844	-1.068115E-2	-1.464844E-2	5.993652E-1	8.544922E-3
18.4844	-1.220703E-3	-2.014160E-2	6.115723E-1	8.850098E-3
18.5	-1.312256E-2	-2.471924E-2	6.359863E-1	8.239746E-3
18.5156	9.155273E-4	-2.288818E-2	6.570435E-1	9.155273E-3
18.5156	-8.239746E-3	-1.770020E-2	6.701660E-1	8.544922E-3
18.5312	-2.441406E-3	-2.624512E-2	6.887817E-1	9.460449E-3
18.5312	-3.662109E-3	-2.105713E-2	7.125854E-1	9.155273E-3
18.5469	-1.037598E-2	-2.838135E-2	7.351685E-1	9.155273E-3
18.5469	-5.187988E-3	-2.593994E-2	7.516479E-1	8.544922E-3
18.5625	-9.765625E-3	-2.838135E-2	7.748413E-1	8.850098E-3
18.5781	-1.525879E-3	-3.295898E-2	7.986450E-1	8.239746E-3
18.5781	-6.103516E-3	-2.685547E-2	8.102417E-1	8.850098E-3
18.5937	-7.324219E-3	-2.471924E-2	8.325195E-1	8.850098E-3
18.6094	-3.051758E-3	-2.807617E-2	8.581543E-1	8.850098E-3
18.6094	-8.544922E-3	-2.777100E-2	8.706665E-1	9.155273E-3
18.625	-8.239746E-3	-2.593994E-2	8.953857E-1	8.239746E-3
18.6406	-8.239746E-3	-2.838135E-2	9.173584E-1	9.155273E-3
18.6406	-4.882812E-3	-3.326416E-2	9.307861E-1	8.544922E-3
18.6562	-5.493164E-3	-3.814697E-2	9.536743E-1	9.155273E-3
18.6719	-8.239746E-3	-3.082275E-2	9.738159E-1	8.850098E-3
18.6719	-1.586914E-2	-3.143311E-2	9.896851E-1	9.460449E-3
18.6875	-8.850098E-3	-3.540039E-2	1.014099E+0	9.155273E-3
18.7031	-7.629395E-3	-3.265381E-2	1.036377E+0	8.850098E-3
18.7031	-1.434326E-2	-3.265381E-2	1.049805E+0	8.850098E-3
18.7187	-7.934570E-3	-3.265381E-2	1.074829E+0	8.544922E-3
18.7344	-6.713867E-3	-3.417969E-2	1.097717E+0	8.544922E-3
18.7344	-1.739502E-2	-2.960205E-2	1.109009E+0	8.850098E-3
18.75	-9.155273E-3	-3.479004E-2	1.133423E+0	8.239746E-3
18.75	-1.556396E-2	-3.265381E-2	1.147766E+0	9.155273E-3
18.7656	-9.155273E-3	-3.692627E-2	1.169128E+0	8.544922E-3
18.7812	-3.662109E-3	-4.394531E-2	1.190186E+0	8.850098E-3
18.7812	-1.190186E-2	-3.784180E-2	1.211548E+0	8.544922E-3
18.7969	-1.251221E-2	-3.570557E-2	1.233215E+0	8.850098E-3
18.7969	-1.129150E-2	-3.723145E-2	1.248474E+0	8.239746E-3
18.8125	-8.239746E-3	-4.028320E-2	1.270447E+0	9.155273E-3
18.8281	-1.495361E-2	-3.448486E-2	1.296997E+0	8.544922E-3
18.8281	-9.155273E-3	-4.272461E-2	1.309204E+0	8.544922E-3
18.8437	-1.373291E-2	-3.356934E-2	1.330566E+0	8.850098E-3
18.8594	-1.495361E-2	-3.753662E-2	1.355591E+0	8.544922E-3
18.8594	-4.882812E-3	-4.577637E-2	1.369019E+0	8.544922E-3
18.875	-9.155273E-3	-3.723145E-2	1.392822E+0	8.239746E-3
18.8906	-9.460449E-3	-4.577637E-2	1.415710E+0	8.239746E-3
18.8906	-1.678467E-2	-4.486084E-2	1.428528E+0	8.850098E-3
18.9062	-1.983643E-2	-3.753662E-2	1.452026E+0	8.544922E-3
18.9219	-1.708984E-2	-4.333496E-2	1.474609E+0	8.544922E-3
18.9219	-1.190186E-2	-4.760742E-2	1.488037E+0	9.155273E-3
18.9375	-1.129150E-2	-5.249023E-2	1.513062E+0	7.934570E-3
18.9531	-1.159668E-2	-4.577637E-2	1.535034E+0	8.544922E-3
18.9531	-1.770020E-2	-4.058838E-2	1.546936E+0	7.934570E-3
18.9687	-1.190186E-2	-4.241943E-2	1.572266E+0	8.239746E-3
18.9844	-1.129150E-2	-4.943848E-2	1.595154E+0	8.850098E-3
18.9844	-1.556396E-2	-4.486084E-2	1.607666E+0	8.850098E-3
19.0	-1.098633E-2	-5.340576E-2	1.630859E+0	8.544922E-3
19.0	-1.312256E-2	-4.974365E-2	1.645508E+0	8.850098E-3
19.0156	-1.739502E-2	-5.065918E-2	1.667175E+0	9.155273E-3
19.0312	-1.190186E-2	-4.821777E-2	1.688538E+0	8.850098E-3
19.0312	-1.434326E-2	-5.920410E-2	1.709290E+0	8.850098E-3
19.0469	-1.617432E-2	-5.920410E-2	1.726685E+0	8.544922E-3
19.0625	-1.586914E-2	-4.791260E-2	1.754150E+0	8.544922E-3
19.0625	-1.922607E-2	-5.004883E-2	1.766357E+0	8.239746E-3
19.0781	-1.617432E-2	-5.157471E-2	1.789856E+0	8.544922E-3
19.0937	-1.770020E-2	-5.981445E-2	1.810608E+0	8.850098E-3
19.0937	-1.800537E-2	-5.249023E-2	1.826172E+0	8.850098E-3
19.1094	-1.342773E-2	-5.676270E-2	1.850281E+0	8.850098E-3
19.1094	-8.239746E-3	-5.981445E-2	1.874390E+0	8.850098E-3
19.125	-1.281738E-2	-5.950928E-2	1.885681E+0	8.850098E-3
19.1406	-1.281738E-2	-5.767822E-2	1.907959E+0	8.850098E-3
19.1406	-1.525879E-2	-6.042480E-2	1.932373E+0	8.239746E-3
19.1562	-1.708984E-2	-6.134033E-2	1.945496E+0	8.850098E-3
19.1719	-1.434326E-2	-6.042480E-2	1.967468E+0	8.544922E-3
19.1719	-1.342773E-2	-6.256104E-2	1.992493E+0	8.544922E-3
19.1875	-1.464844E-2	-6.103516E-2	2.005310E+0	8.850098E-3
19.2031	-1.953125E-2	-5.950928E-2	2.028809E+0	8.544922E-3
19.2031	-1.464844E-2	-5.706787E-2	2.048950E+0	8.544922E-3
19.2187	-1.953125E-2	-6.530762E-2	2.064514E+0	8.544922E-3
19.2344	-1.464844E-2	-5.737305E-2	2.089233E+0	8.239746E-3
19.2344	-2.258301E-2	-6.805420E-2	2.112427E+0	9.155273E-3
19.25	-1.586914E-2	-6.256104E-2	2.125244E+0	9.460449E-3
19.25	-1.403809E-2	-6.652832E-2	2.149658E+0	8.239746E-3
19.2656	-1.495361E-2	-6.530762E-2	2.163086E+0	8.544922E-3
19.2812	-1.831055E-2	-7.385254E-2	2.181702E+0	8.850098E-3
19.2812	-2.380371E-2	-6.958008E-2	2.205505E+0	9.460449E-3
19.2969	-1.678467E-2	-7.385254E-2	2.228088E+0	8.544922E-3
19.2969	-2.105713E-2	-7.415771E-2	2.244263E+0	9.460449E-3
19.3125	-2.288818E-2	-7.293701E-2	2.265930E+0	7.934570E-3
19.3281	-2.471924E-2	-6.988525E-2	2.291260E+0	9.155273E-3
19.3281	-2.441406E-2	-6.958008E-2	2.304382E+0	9.765625E-3
19.3437	-1.953125E-2	-8.636475E-2	2.326355E+0	8.544922E-3
19.3594	-2.319336E-2	-7.568359E-2	2.351074E+0	8.850098E-3
19.3594	-1.495361E-2	-8.056641E-2	2.363892E+0	8.850098E-3
19.375	-2.258301E-2	-7.659912E-2	2.388306E+0	8.850098E-3
19.3906	-2.716064E-2	-9.307861E-2	2.410278E+0	8.850098E-3
19.3906	-2.563477E-2	-8.789062E-2	2.423096E+0	8.850098E-3
19.4062	-3.021240E-2	-1.281738E-1	2.446899E+0	9.155273E-3
19.4219	-3.265381E-2	-1.147461E-1	2.467346E+0	8.544922E-3
19.4219	-2.471924E-2	-8.514404E-2	2.483215E+0	8.850098E-3
19.4375	-2.807617E-2	-5.126953E-2	2.506714E+0	8.850098E-3
19.4531	-2.471924E-2	-1.037598E-2	2.529602E+0	8.850098E-3
19.4531	-2.807617E-2	1.159668E-2	2.542725E+0	8.544922E-3
19.4687	-2.838135E-2	6.317139E-2	2.567444E+0	8.544922E-3
19.4844	-2.105713E-2	8.300781E-2	2.590332E+0	8.850098E-3
19.4844	-2.197266E-2	9.857178E-2	2.602844E+0	8.850098E-3
19.5	-2.502441E-2	1.425171E-1	2.625732E+0	8.850098E-3
19.5	-2.105713E-2	1.712036E-1	2.640381E+0	8.239746E-3
19.5156	-1.159668E-2	1.968384E-1	2.662048E+0	8.544922E-3
19.5312	-1.037598E-2	2.371216E-1	2.683411E+0	8.850098E-3
19.5312	-7.934570E-3	2.645874E-1	2.703857E+0	8.850098E-3
19.5469	-1.281738E-2	3.033447E-1	2.722168E+0	8.544922E-3
19.5625	-1.220703E-3	3.356934E-1	2.748718E+0	8.239746E-3
19.5625	-1.068115E-2	3.695679E-1	2.761536E+0	8.850098E-3
19.5781	-5.187988E-3	4.022217E-1	2.785645E+0	9.460449E-3
19.5937	-2.746582E-3	4.193115E-1	2.805481E+0	8.850098E-3
19.5937	-3.662109E-3	4.544067E-1	2.820740E+0	8.850098E-3
19.6094	-6.408691E-3	4.879761E-1	2.843018E+0	8.544922E-3
19.6094	4.272461E-3	5.297852E-1	2.868958E+0	8.850098E-3
19.625	4.272461E-3	5.456543E-1	2.880859E+0	8.544922E-3
19.6406	2.136230E-3	5.862427E-1	2.902222E+0	8.239746E-3
19.6406	6.408691E-3	6.246948E-1	2.928162E+0	8.544922E-3
19.6562	8.850098E-3	6.442261E-1	2.940369E+0	9.155273E-3
19.6719	8.239746E-3	6.784058E-1	2.962341E+0	8.544922E-3
19.6719	4.577637E-3	7.281494E-1	2.987976E+0	8.850098E-3
19.6875	7.934570E-3	7.357788E-1	2.997742E+0	8.850098E-3
19.7031	-3.662109E-3	7.366943E-1	2.995911E+0	2.868652E-2
19.7031	-3.662109E-3	7.296753E-1	2.995605E+0	4.730225E-2
19.7187	-5.493164E-3	7.418823E-1	2.994080E+0	6.744385E-2
19.7344	-1.007080E-2	7.284546E-1	2.993774E+0	8.789062E-2
19.7344	-1.556396E-2	7.263184E-1	2.992249E+0	1.080322E-1
19.75	-1.739502E-2	7.257080E-1	2.992554E+0	1.269531E-1
19.75	-3.295898E-2	7.275391E-1	2.991943E+0	1.483154E-1
19.7656	-2.990723E-2	7.217407E-1	2.990112E+0	1.681519E-1
19.7812	-3.417969E-2	7.168579E-1	2.989807E+0	1.864624E-1
19.7812	-3.814697E-2	7.116699E-1	2.989502E+0	2.078247E-1
19.7969	-4.425049E-2	7.104492E-1	2.988281E+0	2.288818E-1
19.8125	-5.340576E-2	6.991577E-1	2.987671E+0	2.478027E-1
19.8125	-5.371094E-2	7.086182E-1	2.987671E+0	2.676392E-1
19.8281	-4.943848E-2	7.052612E-1	2.986450E+0	2.886963E-1
19.8437	-6.195068E-2	6.942749E-1	2.985840E+0	3.085327E-1
19.8437	-6.011963E-2	6.875610E-1	2.985535E+0	3.277588E-1
19.8594	-6.988525E-2	6.857300E-1	2.984314E+0	3.485107E-1
19.8594	-7.873535E-2	6.881714E-1	2.983093E+0	3.680420E-1
19.875	-7.751465E-2	6.729126E-1	2.983398E+0	3.872681E-1
19.8906	-9.094238E-2	6.759644E-1	2.982178E+0	4.095459E-1
19.8906	-8.880615E-2	6.637573E-1	2.981262E+0	4.287720E-1
19.9062	-9.918213E-2	6.591797E-1	2.980957E+0	4.473877E-1
19.9219	-1.028442E-1	6.680298E-1	2.979736E+0	4.687500E-1
19.9219	-1.068115E-1	6.527710E-1	2.979736E+0	4.876709E-1
19.9375	-1.071167E-1	6.585693E-1	2.979431E+0	5.065918E-1
19.9531	-1.211548E-1	6.423950E-1	2.978210E+0	5.285645E-1
19.9531	-1.181030E-1	6.326294E-1	2.977295E+0	5.484009E-1
19.9687	-1.184082E-1	6.280518E-1	2.976685E+0	5.679321E-1
19.9844	-1.275635E-1	6.323242E-1	2.975464E+0	5.886841E-1
19.9844	-1.348877E-1	6.188965E-1	2.974854E+0	6.085205E-1
20.0	-1.379395E-1	6.152344E-1	2.974243E+0	6.274414E-1
20.0	-1.419067E-1	6.137085E-1	2.973633E+0	6.491089E-1
20.0156	-1.397705E-1	5.984497E-1	2.973022E+0	6.686401E-1
20.0312	-1.559448E-1	5.996704E-1	2.972717E+0	6.857300E-1
20.0312	-1.559448E-1	5.889893E-1	2.972107E+0	7.083130E-1
20.0469	-1.693726E-1	5.874634E-1	2.970886E+0	7.281494E-1
20.0469	-1.702881E-1	5.715942E-1	2.970276E+0	7.479858E-1
20.0625	-1.730347E-1	5.673218E-1	2.969666E+0	7.681274E-1
20.0781	-1.751709E-1	5.624390E-1	2.969055E+0	7.882690E-1
20.0781	-1.919556E-1	5.526733E-1	2.967834E+0	8.068848E-1
20.0937	-1.879883E-1	5.450439E-1	2.967224E+0	8.285522E-1
20.1094	-2.053833E-1	5.355835E-1	2.966614E+0	8.465576E-1
20.1094	-2.072144E-1	5.361938E-1	2.966614E+0	8.657837E-1
20.125	-2.148437E-1	5.316162E-1	2.965393E+0	8.871460E-1
20.1406	-2.139282E-1	5.148315E-1	2.964783E+0	9.072876E-1
20.1406	-2.203369E-1	5.157471E-1	2.964172E+0	9.259033E-1
20.1562	-2.243042E-1	5.041504E-1	2.963562E+0	9.478760E-1
20.1719	-2.310181E-1	4.980469E-1	2.962646E+0	9.664917E-1
20.1719	-2.413940E-1	4.873657E-1	2.962646E+0	9.869385E-1
20.1875	-2.435303E-1	4.818726E-1	2.961121E+0	1.008606E+0
20.2031	-2.511597E-1	4.656982E-1	2.960205E+0	1.026917E+0
20.2031	-2.493286E-1	4.614258E-1	2.960205E+0	1.046448E+0
20.2187	-2.600098E-1	4.583740E-1	2.959290E+0	1.067505E+0
20.2344	-2.709961E-1	4.443359E-1	2.958679E+0	1.087036E+0
20.2344	-2.761841E-1	4.403687E-1	2.958374E+0	1.105652E+0
20.25	-2.810669E-1	4.370117E-1	2.956848E+0	1.127625E+0
20.2656	-2.929687E-1	4.150391E-1	2.956238E+0	1.146851E+0
20.2656	-2.969360E-1	4.089355E-1	2.956238E+0	1.167297E+0
20.2812	-2.984619E-1	4.006958E-1	2.955322E+0	1.185913E+0
20.2812	-3.106689E-1	3.897095E-1	2.954407E+0	1.205139E+0
20.2969	-3.170776E-1	3.833008E-1	2.953491E+0	1.227722E+0
20.3125	-3.253174E-1	3.802490E-1	2.952576E+0	1.246033E+0
20.3125	-3.305054E-1	3.607178E-1	2.952271E+0	1.266479E+0
20.3281	-3.457642E-1	3.549194E-1	2.951965E+0	1.286621E+0
20.3437	-3.479004E-1	3.408813E-1	2.950745E+0	1.306763E+0
20.3437	-3.585815E-1	3.341675E-1	2.950439E+0	1.325684E+0
20.3594	-3.659058E-1	3.308105E-1	2.949829E+0	1.347351E+0
20.3594	-3.823853E-1	3.051758E-1	2.948914E+0	1.366272E+0
20.375	-3.784180E-1	3.021240E-1	2.947998E+0	1.386108E+0
20.3906	-3.952026E-1	2.984619E-1	2.947693E+0	1.407166E+0
20.3906	-3.939819E-1	2.822876E-1	2.946472E+0	1.427002E+0
20.4062	-4.046631E-1	2.783203E-1	2.946472E+0	1.445923E+0
20.4219	-4.174805E-1	2.508545E-1	2.944946E+0	1.466980E+0
20.4219	-4.214478E-1	2.563477E-1	2.944641E+0	1.486511E+0
20.4375	-4.373169E-1	2.380371E-1	2.944641E+0	1.505737E+0
20.4531	-4.476929E-1	2.316284E-1	2.943726E+0	1.527405E+0
20.4531	-4.574585E-1	2.194214E-1	2.942200E+0	1.546631E+0
20.4687	-4.626465E-1	2.066040E-1	2.942200E+0	1.566162E+0
20.4844	-4.714966E-1	1.980591E-1	2.941284E+0	1.587830E+0
20.4844	-4.846191E-1	1.748657E-1	2.939758E+0	1.606445E+0
20.5	-4.898071E-1	1.678467E-1	2.939453E+0	1.625366E+0
20.5	-4.971313E-1	1.687622E-1	2.939148E+0	1.647034E+0
20.5156	-5.178833E-1	1.519775E-1	2.937927E+0	1.666565E+0
20.5312	-5.184937E-1	1.327515E-1	2.937622E+0	1.683655E+0
20.5312	-5.377197E-1	1.223755E-1	2.937622E+0	1.707458E+0
20.5469	-5.374146E-1	1.077271E-1	2.936096E+0	1.726379E+0
20.5469	-5.557251E-1	9.460449E-2	2.935791E+0	1.745605E+0
20.5625	-5.630493E-1	9.185791E-2	2.935181E+0	1.766663E+0
20.5781	-5.868530E-1	6.896973E-2	2.933960E+0	1.786194E+0
20.5781	-5.892944E-1	6.469727E-2	2.933044E+0	1.805725E+0
20.5937	-6.024170E-1	5.310059E-2	2.932739E+0	1.826782E+0
20.6094	-6.060791E-1	3.356934E-2	2.931213E+0	1.846313E+0
20.6094	-6.311035E-1	2.593994E-2	2.930908E+0	1.865540E+0
20.625	-6.448364E-1	9.460449E-3	2.931213E+0	1.886902E+0
20.6406	-6.530762E-1	0.000000E+0	2.930298E+0	1.906433E+0
20.6406	-6.655884E-1	-1.129150E-2	2.929382E+0	1.924744E+0
20.6562	-6.759644E-1	-2.288818E-2	2.929077E+0	1.947021E+0
20.6719	-6.857300E-1	-3.356934E-2	2.928162E+0	1.965942E+0
20.6719	-6.958008E-1	-5.920410E-2	2.927551E+0	1.985168E+0
20.6875	-7.192993E-1	-7.141113E-2	2.926331E+0	2.006836E+0
20.7031	-7.302856E-1	-7.202148E-2	2.926025E+0	2.025452E+0
20.7031	-7.418823E-1	-9.094238E-2	2.925720E+0	2.045288E+0
20.7187	-7.482910E-1	-9.704590E-2	2.923584E+0	2.066650E+0
20.7344	-7.727051E-1	-1.089478E-1	2.923279E+0	2.086487E+0
20.7344	-7.788086E-1	-1.266479E-1	2.923584E+0	2.105103E+0
20.75	-8.004761E-1	-1.473999E-1	2.922363E+0	2.126465E+0
20.75	-8.169556E-1	-1.531982E-1	2.921448E+0	2.146606E+0
20.7656	-8.395386E-1	-1.669312E-1	2.922058E+0	2.165527E+0
20.7812	-8.312988E-1	-1.831055E-1	2.921143E+0	2.183228E+0
20.7812	-8.721924E-1	-2.038574E-1	2.919312E+0	2.206726E+0
20.7969	-8.737183E-1	-2.026367E-1	2.919312E+0	2.225952E+0
20.7969	-8.901978E-1	-2.239990E-1	2.918701E+0	2.245789E+0
20.8125	-9.039307E-1	-2.334595E-1	2.917480E+0	2.266541E+0
20.8281	-9.234619E-1	-2.526855E-1	2.916870E+0	2.285767E+0
20.8281	-9.384155E-1	-2.597046E-1	2.916565E+0	2.304993E+0
20.8437	-9.515381E-1	-2.728271E-1	2.915344E+0	2.326965E+0
20.8594	-9.725952E-1	-2.935791E-1	2.914124E+0	2.346191E+0
20.8594	-9.912109E-1	-3.036499E-1	2.914734E+0	2.365112E+0
20.875	-1.011047E+0	-3.195190E-1	2.913513E+0	2.386475E+0
20.8906	-1.017761E+0	-3.240967E-1	2.912903E+0	2.405701E+0
20.8906	-1.041260E+0	-3.424072E-1	2.912598E+0	2.425537E+0
20.9062	-1.049500E+0	-3.558350E-1	2.911987E+0	2.446289E+0
20.9219	-1.085205E+0	-3.805542E-1	2.910156E+0	2.466431E+0
20.9219	-1.076965E+0	-3.799438E-1	2.909241E+0	2.484131E+0
20.9375	-1.119995E+0	-4.010010E-1	2.909241E+0	2.505188E+0
20.9531	-1.117249E+0	-3.979492E-1	2.908325E+0	2.524414E+0
20.9531	-1.142883E+0	-4.168701E-1	2.907715E+0	2.544556E+0
20.9687	-1.148376E+0	-4.272461E-1	2.907104E+0	2.564697E+0
20.9844	-1.183167E+0	-4.418945E-1	2.906799E+0	2.585144E+0
20.9844	-1.175842E+0	-4.513550E-1	2.905273E+0	2.603760E+0
21.0	-1.202087E+0	-4.574585E-1	2.905884E+0	2.625122E+0
21.0	-1.207886E+0	-4.684448E-1	2.904358E+0	2.644958E+0
21.0156	-1.229248E+0	-4.818726E-1	2.903442E+0	2.663269E+0
21.0312	-1.223450E+0	-4.852295E-1	2.902527E+0	2.684631E+0
21.0312	-1.246948E+0	-4.959106E-1	2.902222E+0	2.704773E+0
21.0469	-1.215820E+0	-4.653931E-1	2.901611E+0	2.723999E+0
21.0625	-1.078796E+0	-3.698730E-1	2.900085E+0	2.744446E+0
21.0625	-1.066589E+0	-3.805542E-1	2.899780E+0	2.762451E+0
21.0781	-1.082458E+0	-3.732300E-1	2.899170E+0	2.784729E+0
21.0937	-1.089478E+0	-3.848267E-1	2.898865E+0	2.804871E+0
21.0937	-1.107178E+0	-3.964233E-1	2.898865E+0	2.824097E+0
21.1094	-1.116943E+0	-3.939819E-1	2.897034E+0	2.844543E+0
21.1094	-1.126709E+0	-4.089355E-1	2.896118E+0	2.864380E+0
21.125	-1.133728E+0	-4.144287E-1	2.895203E+0	2.884216E+0
21.1406	-1.129456E+0	-4.214478E-1	2.895203E+0	2.904358E+0
21.1406	-1.144409E+0	-4.260254E-1	2.894592E+0	2.924500E+0
21.1562	-1.137390E+0	-4.244995E-1	2.893677E+0	2.942810E+0
21.1719	-1.127625E+0	-4.098511E-1	2.893066E+0	2.965088E+0
21.1719	-1.113892E+0	-4.016113E-1	2.892151E+0	2.984009E+0
21.1875	-1.113586E+0	-4.003906E-1	2.891541E+0	3.002930E+0
21.2031	-1.099548E+0	-3.890991E-1	2.891235E+0	3.024597E+0
21.2031	-1.094666E+0	-4.006958E-1	2.890015E+0	3.043823E+0
21.2187	-1.099548E+0	-3.927612E-1	2.889404E+0	3.063660E+0
21.2187	-1.097717E+0	-4.000854E-1	2.889709E+0	3.084412E+0
21.2344	-1.096191E+0	-3.970337E-1	2.888184E+0	3.103638E+0
21.25	-1.095276E+0	-3.942871E-1	2.887878E+0	3.122253E+0
21.25	-1.082153E+0	-3.829956E-1	2.886658E+0	3.145142E+0
21.2656	-1.076965E+0	-3.848267E-1	2.886963E+0	3.164368E+0
21.2812	-1.072693E+0	-3.851318E-1	2.886047E+0	3.180847E+0
21.2812	-1.079407E+0	-3.839111E-1	2.884521E+0	3.204041E+0
21.2969	-1.068726E+0	-3.692627E-1	2.884827E+0	3.223572E+0
21.2969	-1.076965E+0	-3.781128E-1	2.883911E+0	3.243103E+0
21.3125	-1.055908E+0	-3.680420E-1	2.882385E+0	3.264465E+0
21.3281	-1.074219E+0	-3.790283E-1	2.882080E+0	3.283997E+0
21.3281	-1.058655E+0	-3.723145E-1	2.881470E+0	3.303223E+0
21.3437	-1.062622E+0	-3.729248E-1	2.880859E+0	3.323669E+0
21.3594	-1.052246E+0	-3.665161E-1	2.880249E+0	3.343811E+0
21.3594	-1.064148E+0	-3.698730E-1	2.879639E+0	3.361816E+0
21.375	-1.048279E+0	-3.643799E-1	2.878418E+0	3.384399E+0
21.3906	-1.060791E+0	-3.738403E-1	2.877808E+0	3.403320E+0
21.3906	-1.056519E+0	-3.613281E-1	2.877808E+0	3.422852E+0
21.4062	-1.057739E+0	-3.735352E-1	2.876587E+0	3.444214E+0
21.4219	-1.052856E+0	-3.649902E-1	2.875977E+0	3.463440E+0
21.4219	-1.056519E+0	-3.732300E-1	2.875366E+0	3.482666E+0
21.4375	-1.051331E+0	-3.723145E-1	2.874451E+0	3.504028E+0
21.4531	-1.048279E+0	-3.680420E-1	2.874146E+0	3.522949E+0
21.4531	-1.053467E+0	-3.723145E-1	2.872620E+0	3.542786E+0
21.4687	-1.047058E+0	-3.598022E-1	2.872314E+0	3.564148E+0
21.4844	-1.041260E+0	-3.713989E-1	2.871094E+0	3.583374E+0
21.4844	-1.049500E+0	-3.695679E-1	2.871094E+0	3.601685E+0
21.5	-1.045227E+0	-3.628540E-1	2.870483E+0	3.623352E+0
21.5	-1.039734E+0	-3.564453E-1	2.869263E+0	3.643799E+0
21.5156	-1.040955E+0	-3.576660E-1	2.868958E+0	3.662415E+0
21.5312	-1.027222E+0	-3.536987E-1	2.869263E+0	3.682861E+0
21.5312	-1.016846E+0	-3.521729E-1	2.867432E+0	3.703308E+0
21.5469	-1.014709E+0	-3.439331E-1	2.865906E+0	3.723145E+0
21.5469	-1.015015E+0	-3.515625E-1	2.865906E+0	3.742371E+0
21.5625	-1.009216E+0	-3.366089E-1	2.865601E+0	3.763123E+0
21.5781	-1.009521E+0	-3.399658E-1	2.864075E+0	3.782959E+0
21.5781	-1.001892E+0	-3.396606E-1	2.864075E+0	3.801575E+0
21.5937	-1.012878E+0	-3.421021E-1	2.863770E+0	3.823547E+0
21.6094	-9.985352E-1	-3.390503E-1	2.862549E+0	3.843079E+0
21.6094	-1.014404E+0	-3.433228E-1	2.861633E+0	3.861084E+0
21.625	-1.008301E+0	-3.372192E-1	2.861633E+0	3.883667E+0
21.6406	-1.023560E+0	-3.494263E-1	2.860413E+0	3.902283E+0
21.6406	-1.019287E+0	-3.479004E-1	2.859497E+0	3.921204E+0
21.6562	-1.010742E+0	-3.479004E-1	2.858582E+0	3.942566E+0
21.6719	-1.006470E+0	-3.460693E-1	2.857971E+0	3.962097E+0
21.6719	-1.018982E+0	-3.396606E-1	2.858276E+0	3.981934E+0
21.6875	-1.007080E+0	-3.372192E-1	2.857056E+0	4.003296E+0
21.7031	-1.018372E+0	-3.359985E-1	2.856445E+0	4.022522E+0
21.7031	-1.002808E+0	-3.375244E-1	2.855530E+0	4.042053E+0
21.7187	-1.004333E+0	-3.323364E-1	2.854919E+0	4.062500E+0
21.7344	-9.878540E-1	-3.353882E-1	2.854309E+0	4.082642E+0
21.7344	-9.988403E-1	-3.295898E-1	2.854004E+0	4.100647E+0
21.75	-1.001282E+0	-3.329468E-1	2.853394E+0	4.121704E+0
21.7656	-9.921265E-1	-3.366089E-1	2.852783E+0	4.140930E+0
21.7656	-9.960937E-1	-3.311157E-1	2.851257E+0	4.160767E+0
21.7812	-9.991455E-1	-3.314209E-1	2.850342E+0	4.178772E+0
21.7812	-1.004028E+0	-3.323364E-1	2.849426E+0	4.201050E+0
21.7969	-9.896851E-1	-3.286743E-1	2.849426E+0	4.220886E+0
21.7969	-1.005859E+0	-3.408813E-1	2.848206E+0	4.239807E+0
21.8125	-1.000061E+0	-3.350830E-1	2.848206E+0	4.260559E+0
21.8281	-1.017151E+0	-3.469849E-1	2.847595E+0	4.280090E+0
21.8281	-1.011353E+0	-3.457642E-1	2.846680E+0	4.299011E+0
21.8437	-1.013184E+0	-3.381348E-1	2.846069E+0	4.320374E+0
21.8594	-9.994507E-1	-3.341675E-1	2.845459E+0	4.340210E+0
21.8594	-1.008301E+0	-3.469849E-1	2.844543E+0	4.358521E+0
21.875	-9.988403E-1	-3.408813E-1	2.843323E+0	4.381104E+0
21.8906	-1.000366E+0	-3.292847E-1	2.843323E+0	4.400330E+0
21.8906	-9.994507E-1	-3.381348E-1	2.842712E+0	4.418335E+0
21.9062	-9.951782E-1	-3.338623E-1	2.841492E+0	4.440918E+0
21.9219	-9.851074E-1	-3.335571E-1	2.839966E+0	4.460144E+0
21.9219	-9.933472E-1	-3.320312E-1	2.841187E+0	4.479065E+0
21.9375	-1.014404E+0	-3.482056E-1	2.839966E+0	4.500122E+0
21.9531	-1.000366E+0	-3.393555E-1	2.839355E+0	4.519348E+0
21.9531	-1.020508E+0	-3.543091E-1	2.838440E+0	4.538574E+0
21.9687	-1.011658E+0	-3.533936E-1	2.837524E+0	4.559021E+0
21.9844	-9.973145E-1	-3.378296E-1	2.836609E+0	4.579773E+0
21.9844	-9.878540E-1	-3.384399E-1	2.836304E+0	4.597778E+0
22.0	-9.765625E-1	-3.070068E-1	2.835083E+0	4.619446E+0
22.0156	-9.710693E-1	-3.140259E-1	2.833862E+0	4.638977E+0
22.0156	-9.652710E-1	-3.091431E-1	2.833862E+0	4.659424E+0
22.0312	-9.692383E-1	-3.094482E-1	2.833862E+0	4.676514E+0
22.0312	-9.790039E-1	-3.134155E-1	2.832642E+0	4.699707E+0
22.0469	-9.661865E-1	-3.146362E-1	2.831726E+0	4.718628E+0
22.0469	-9.729004E-1	-3.231812E-1	2.831726E+0	4.738159E+0
22.0625	-9.613037E-1	-3.103638E-1	2.830505E+0	4.758606E+0
22.0781	-9.667969E-1	-3.231812E-1	2.828979E+0	4.778137E+0
22.0781	-9.643555E-1	-3.070068E-1	2.829285E+0	4.797668E+0
22.0937	-9.716797E-1	-3.277588E-1	2.828674E+0	4.818726E+0
22.1094	-9.707642E-1	-3.292847E-1	2.827454E+0	4.838562E+0
22.1094	-9.826660E-1	-3.244019E-1	2.826538E+0	4.855957E+0
22.125	-9.771729E-1	-3.167725E-1	2.827148E+0	4.879456E+0
22.1406	-9.762573E-1	-3.268433E-1	2.825317E+0	4.897461E+0
22.1406	-9.814453E-1	-3.265381E-1	2.824707E+0	4.916687E+0
22.1562	-9.786987E-1	-3.219604E-1	2.824707E+0	4.937439E+0
22.1719	-9.808350E-1	-3.289795E-1	2.823792E+0	4.956665E+0
22.1719	-9.725952E-1	-3.280640E-1	2.822876E+0	4.976807E+0
22.1875	-9.744263E-1	-3.198242E-1	2.822571E+0	4.997559E+0
22.2031	-9.561157E-1	-3.097534E-1	2.821655E+0	5.016479E+0
22.2031	-9.729004E-1	-3.134155E-1	2.821045E+0	5.036316E+0
22.2187	-9.527588E-1	-3.079224E-1	2.820740E+0	5.057983E+0
22.2344	-9.649658E-1	-3.161621E-1	2.820129E+0	5.076599E+0
22.2344	-9.640503E-1	-3.121948E-1	2.818604E+0	5.095215E+0
22.25	-9.649658E-1	-3.146362E-1	2.817688E+0	5.117493E+0
22.2656	-9.451294E-1	-2.984619E-1	2.817688E+0	5.137329E+0
22.2656	-9.500122E-1	-3.042603E-1	2.817078E+0	5.155945E+0
22.2812	-9.448242E-1	-3.073120E-1	2.816162E+0	5.173645E+0
22.2812	-9.649658E-1	-3.067017E-1	2.816467E+0	5.196533E+0
22.2969	-9.460449E-1	-3.015137E-1	2.814636E+0	5.216370E+0
22.2969	-9.426880E-1	-2.990723E-1	2.814026E+0	5.235596E+0
22.3125	-9.127808E-1	-2.685547E-1	2.813110E+0	5.256042E+0
22.3281	-1.092529E-1	-7.415771E-2	2.813110E+0	5.275879E+0
22.3281	-2.929687E-2	-7.843018E-2	2.811890E+0	5.294800E+0
22.3437	-2.532959E-2	-6.927490E-2	2.811279E+0	5.316162E+0
22.3594	-2.685547E-2	-7.904053E-2	2.810364E+0	5.335083E+0
22.3594	-3.112793E-2	-7.080078E-2	2.809753E+0	5.354309E+0
22.375	-2.349854E-2	-7.049561E-2	2.809143E+0	5.375671E+0
22.3906	-2.655029E-2	-7.476807E-2	2.808838E+0	5.395203E+0
22.3906	-2.502441E-2	-6.835937E-2	2.808533E+0	5.413513E+0
22.4062	-2.532959E-2	-7.659912E-2	2.807312E+0	5.435791E+0
22.4219	-2.807617E-2	-7.781982E-2	2.806702E+0	5.454407E+0
22.4219	-2.593994E-2	-7.446289E-2	2.805786E+0	5.473633E+0
22.4375	-1.647949E-2	-7.965088E-2	2.804565E+0	5.495300E+0
22.4531	-2.441406E-2	-7.141113E-2	2.803955E+0	5.513611E+0
22.4531	-2.593994E-2	-8.300781E-2	2.803650E+0	5.533752E+0
22.4687	-2.593994E-2	-7.690430E-2	2.803040E+0	5.553894E+0
22.4844	-2.624512E-2	-7.232666E-2	2.802124E+0	5.574036E+0
22.4844	-2.563477E-2	-7.141113E-2	2.801514E+0	5.592041E+0
22.5	-2.471924E-2	-7.232666E-2	2.800903E+0	5.614624E+0
22.5156	-2.685547E-2	-6.988525E-2	2.799988E+0	5.633545E+0
22.5156	-2.105713E-2	-7.385254E-2	2.799377E+0	5.653076E+0
22.5312	-2.777100E-2	-6.591797E-2	2.799683E+0	5.670776E+0
22.5312	-2.746582E-2	-7.507324E-2	2.798462E+0	5.693970E+0
22.5469	-2.807617E-2	-7.537842E-2	2.796936E+0	5.713196E+0
22.5469	-2.349854E-2	-7.263184E-2	2.796936E+0	5.732117E+0
22.5625	-2.716064E-2	-6.774902E-2	2.796021E+0	5.753174E+0
22.5781	-2.380371E-2	-7.446289E-2	2.796021E+0	5.771179E+0
22.5781	-2.960205E-2	-6.744385E-2	2.794495E+0	5.790100E+0
22.5937	-2.899170E-2	-7.232666E-2	2.793884E+0	5.811768E+0
22.6094	-2.410889E-2	-6.988525E-2	2.792053E+0	5.831299E+0
22.6094	-2.685547E-2	-7.690430E-2	2.792358E+0	5.850830E+0
22.6406	-2.075195E-2	-7.232666E-2	2.790527E+0	5.907593E+0
22.6562	-2.014160E-2	-7.812500E-2	2.789917E+0	5.931091E+0
22.6719	-2.441406E-2	-6.439209E-2	2.789612E+0	5.948792E+0
22.6719	-2.105713E-2	-7.293701E-2	2.788391E+0	5.970459E+0
22.6875	-2.746582E-2	-6.591797E-2	2.787781E+0	5.989685E+0
22.6875	-2.197266E-2	-8.178711E-2	2.787170E+0	6.007996E+0
22.7031	-2.258301E-2	-6.469727E-2	2.785950E+0	6.030273E+0
22.7187	-2.227783E-2	-7.049561E-2	2.786255E+0	6.049194E+0
22.7187	-2.044678E-2	-7.293701E-2	2.785339E+0	6.066895E+0
22.7344	-2.777100E-2	-6.866455E-2	2.784119E+0	6.089478E+0
22.75	-2.075195E-2	-7.476807E-2	2.782593E+0	6.107483E+0
22.75	-2.349854E-2	-6.866455E-2	2.782898E+0	6.128540E+0
22.7656	-2.868652E-2	-6.896973E-2	2.781982E+0	6.148376E+0
22.7812	-2.807617E-2	-6.744385E-2	2.781067E+0	6.168518E+0
22.7812	-3.295898E-2	-6.835937E-2	2.781067E+0	6.187134E+0
22.7969	-2.105713E-2	-6.561279E-2	2.780151E+0	6.208801E+0
22.8125	-2.655029E-2	-7.690430E-2	2.779541E+0	6.227722E+0
22.8125	-2.349854E-2	-7.354736E-2	2.778931E+0	6.246033E+0
22.8281	-2.349854E-2	-7.019043E-2	2.778320E+0	6.268616E+0
22.8437	-2.075195E-2	-7.019043E-2	2.777100E+0	6.286926E+0
22.8437	-2.471924E-2	-7.293701E-2	2.776184E+0	6.306152E+0
22.8594	-2.227783E-2	-7.476807E-2	2.775879E+0	6.328125E+0
22.8594	-1.770020E-2	-6.866455E-2	2.774963E+0	6.346436E+0
22.875	-1.770020E-2	-8.087158E-2	2.774048E+0	6.366272E+0
22.8906	-2.410889E-2	-7.354736E-2	2.774048E+0	6.387329E+0
22.8906	-2.166748E-2	-7.598877E-2	2.773132E+0	6.407166E+0
22.9062	-2.716064E-2	-6.713867E-2	2.772217E+0	6.424561E+0
22.9219	-2.349854E-2	-7.385254E-2	2.771301E+0	6.446838E+0
22.9219	-2.105713E-2	-6.195068E-2	2.770996E+0	6.465759E+0
22.9375	-2.197266E-2	-7.537842E-2	2.770386E+0	6.484375E+0
22.9531	-2.960205E-2	-6.347656E-2	2.769470E+0	6.506042E+0
22.9531	-2.502441E-2	-7.659912E-2	2.768860E+0	6.525269E+0
22.9687	-2.014160E-2	-6.896973E-2	2.768555E+0	6.545105E+0
22.9687	-2.044678E-2	-7.537842E-2	2.767639E+0	6.565552E+0
22.9844	-1.770020E-2	-7.446289E-2	2.767029E+0	6.584473E+0
23.0	-2.014160E-2	-6.927490E-2	2.766724E+0	6.602783E+0
23.0	-2.014160E-2	-6.713867E-2	2.765503E+0	6.625061E+0
23.0156	-1.922607E-2	-7.873535E-2	2.765503E+0	6.643982E+0
23.0312	-2.227783E-2	-6.225586E-2	2.764282E+0	6.661072E+0
23.0312	-2.685547E-2	-6.988525E-2	2.763062E+0	6.684265E+0
23.0469	-2.349854E-2	-7.354736E-2	2.762146E+0	6.703796E+0
23.0469	-2.868652E-2	-6.103516E-2	2.761841E+0	6.722717E+0
23.0625	-2.166748E-2	-7.568359E-2	2.760315E+0	6.743469E+0
23.0781	-2.136230E-2	-7.080078E-2	2.760620E+0	6.763306E+0
23.0781	-1.586914E-2	-6.896973E-2	2.760620E+0	6.781921E+0
23.0937	-2.441406E-2	-6.713867E-2	2.759094E+0	6.802979E+0
23.1094	-1.831055E-2	-6.866455E-2	2.758179E+0	6.822205E+0
23.1094	-1.892090E-2	-6.927490E-2	2.757874E+0	6.840515E+0
23.125	-2.227783E-2	-7.110596E-2	2.756958E+0	6.862793E+0
23.1406	-2.105713E-2	-6.469727E-2	2.755737E+0	6.881409E+0
23.1406	-1.556396E-2	-7.080078E-2	2.755432E+0	6.900024E+0
23.1562	-2.197266E-2	-7.110596E-2	2.755127E+0	6.922607E+0
23.1719	-2.288818E-2	-7.720947E-2	2.753906E+0	6.940918E+0
23.1719	-1.861572E-2	-7.537842E-2	2.753601E+0	6.960449E+0
23.1875	-1.708984E-2	-7.263184E-2	2.752991E+0	6.980896E+0
23.2031	-2.288818E-2	-6.927490E-2	2.751770E+0	7.000122E+0
23.2031	-2.410889E-2	-6.805420E-2	2.751160E+0	7.019958E+0
23.2187	-2.532959E-2	-6.317139E-2	2.751160E+0	7.040405E+0
23.2344	-2.319336E-2	-6.195068E-2	2.750244E+0	7.060547E+0
23.2344	-2.258301E-2	-7.141113E-2	2.749329E+0	7.078247E+0
23.25	-2.166748E-2	-6.958008E-2	2.749023E+0	7.100525E+0
23.25	-2.593994E-2	-6.347656E-2	2.747803E+0	7.119751E+0
23.2656	-2.380371E-2	-7.446289E-2	2.746887E+0	7.138367E+0
23.2812	-1.708984E-2	-7.385254E-2	2.746277E+0	7.159119E+0
23.2812	-2.868652E-2	-6.378174E-2	2.746277E+0	7.179260E+0
23.2969	-2.380371E-2	-6.774902E-2	2.745361E+0	7.198181E+0
23.3125	-2.288818E-2	-7.080078E-2	2.744446E+0	7.218628E+0
23.3125	-2.227783E-2	-6.408691E-2	2.744751E+0	7.236328E+0
23.3281	-2.838135E-2	-6.500244E-2	2.743225E+0	7.259216E+0
23.3437	-2.380371E-2	-6.866455E-2	2.742920E+0	7.277527E+0
23.3437	-2.471924E-2	-7.141113E-2	2.742615E+0	7.297058E+0
23.3594	-2.380371E-2	-6.591797E-2	2.741394E+0	7.318115E+0
23.3594	-2.624512E-2	-6.225586E-2	2.739563E+0	7.336731E+0
23.375	-2.105713E-2	-7.110596E-2	2.739563E+0	7.356567E+0
23.3906	-2.685547E-2	-7.171631E-2	2.739258E+0	7.375488E+0
23.3906	-2.166748E-2	-6.530762E-2	2.738342E+0	7.395630E+0
23.4062	-1.647949E-2	-7.080078E-2	2.737427E+0	7.413025E+0
23.4219	-1.892090E-2	-7.537842E-2	2.737427E+0	7.435913E+0
23.4219	-2.380371E-2	-6.896973E-2	2.736206E+0	7.454834E+0
23.4375	-1.892090E-2	-7.019043E-2	2.735596E+0	7.473450E+0
23.4531	-2.319336E-2	-6.835937E-2	2.734985E+0	7.494812E+0
23.4531	-1.922607E-2	-6.713867E-2	2.734375E+0	7.514343E+0
23.4687	-2.105713E-2	-6.530762E-2	2.733459E+0	7.533264E+0
23.4844	-1.586914E-2	-6.805420E-2	2.732849E+0	7.554932E+0
23.4844	-2.197266E-2	-6.988525E-2	2.731934E+0	7.573547E+0
23.5	-1.983643E-2	-7.354736E-2	2.731628E+0	7.592163E+0
23.5	-2.227783E-2	-7.171631E-2	2.731018E+0	7.614136E+0
23.5156	-1.861572E-2	-7.476807E-2	2.730103E+0	7.633057E+0
23.5312	-2.685547E-2	-6.317139E-2	2.729187E+0	7.648926E+0
23.5312	-3.448486E-2	-6.439209E-2	2.729187E+0	7.672424E+0
23.5469	-2.410889E-2	-6.256104E-2	2.727661E+0	7.692871E+0
23.5469	-2.075195E-2	-7.080078E-2	2.727356E+0	7.710876E+0
23.5625	-2.014160E-2	-6.958008E-2	2.725525E+0	7.733154E+0
23.5781	-1.556396E-2	-6.561279E-2	2.725220E+0	7.751160E+0
23.5781	-2.319336E-2	-6.835937E-2	2.725525E+0	7.770386E+0
23.5937	-2.044678E-2	-6.927490E-2	2.724609E+0	7.791138E+0
23.6094	-1.739502E-2	-6.591797E-2	2.723389E+0	7.811279E+0
23.6094	-1.922607E-2	-6.103516E-2	2.723389E+0	7.828674E+0
23.625	-2.075195E-2	-6.042480E-2	2.722168E+0	7.851868E+0
23.6406	-2.532959E-2	-7.080078E-2	2.721252E+0	7.869873E+0
23.6406	-1.068115E-2	-6.896973E-2	2.721252E+0	7.888489E+0
23.6562	-1.800537E-2	-7.629395E-2	2.720337E+0	7.910461E+0
23.6719	-1.831055E-2	-6.958008E-2	2.719727E+0	7.929993E+0
23.6719	-2.532959E-2	-5.737305E-2	2.718811E+0	7.948608E+0
23.6875	-2.471924E-2	-6.561279E-2	2.684937E+0	7.969360E+0
23.7031	-2.410889E-2	-5.615234E-2	2.567444E+0	7.969666E+0
23.7031	-2.410889E-2	-5.950928E-2	2.504272E+0	7.969055E+0
23.7187	-1.892090E-2	-5.645752E-2	2.374878E+0	7.969666E+0
23.7344	-1.647949E-2	-4.302979E-2	2.261963E+0	7.969055E+0
23.7344	-1.586914E-2	-5.706787E-2	2.200623E+0	7.969360E+0
23.75	-1.220703E-2	-5.462646E-2	2.078247E+0	7.968445E+0
23.7656	-1.464844E-2	-4.791260E-2	1.970215E+0	7.968750E+0
23.7656	-1.403809E-2	-4.211426E-2	1.869507E+0	7.968750E+0
23.7812	-1.159668E-2	-4.394531E-2	1.759033E+0	7.968750E+0
23.7812	-1.464844E-2	-3.784180E-2	1.700439E+0	7.968445E+0
23.7969	-1.403809E-2	-3.784180E-2	1.576233E+0	7.968750E+0
23.8125	-1.312256E-2	-4.058838E-2	1.476135E+0	7.969055E+0
23.8125	-1.586914E-2	-3.387451E-2	1.398315E+0	7.968750E+0
23.8281	-5.187988E-3	-3.204346E-2	1.290283E+0	7.968445E+0
23.8437	-9.765625E-3	-2.746582E-2	1.170959E+0	7.968140E+0
23.8437	-1.678467E-2	-2.777100E-2	1.098328E+0	7.968140E+0
23.8594	-7.934570E-3	-3.112793E-2	9.753418E-1	7.968750E+0
23.8594	-3.051758E-3	-1.770020E-2	8.566284E-1	7.968445E+0
23.875	-1.220703E-2	-2.563477E-2	7.977295E-1	7.968750E+0
23.8906	-7.019043E-3	-2.929687E-2	6.887817E-1	7.968750E+0
23.8906	-6.713867E-3	-2.197266E-2	5.596924E-1	7.968445E+0
23.9062	-1.037598E-2	-2.349854E-2	4.968262E-1	7.968445E+0
23.9219	-3.662109E-3	-1.800537E-2	3.775024E-1	7.968445E+0
23.9219	-3.967285E-3	-9.765625E-3	2.749634E-1	7.968445E+0
23.9375	1.220703E-3	-2.471924E-2	2.062988E-1	7.968140E+0
23.9531	0.000000E+0	-1.678467E-2	8.728027E-2	7.967834E+0
23.9531	-3.356934E-3	-1.739502E-2	1.129150E-2	7.967529E+0
23.9687	-6.408691E-3	-1.922607E-2	5.798340E-3	7.879639E+0
23.9844	1.525879E-3	-9.155273E-3	7.324219E-3	7.772827E+0
23.9844	-5.187988E-3	-1.403809E-2	8.544922E-3	7.676392E+0
24.0	-6.713867E-3	-6.713867E-3	9.155273E-3	7.581177E+0
24.0	1.831055E-3	-1.617432E-2	1.037598E-2	7.469482E+0
24.0156	-5.493164E-3	-1.251221E-2	1.037598E-2	7.370911E+0
24.0312	-3.051758E-4	-1.281738E-2	9.155273E-3	7.288818E+0
24.0312	-6.713867E-3	-1.708984E-2	9.765625E-3	7.169189E+0
24.0469	-1.098633E-2	-2.075195E-2	1.068115E-2	7.068481E+0
24.0469	-7.019043E-3	-1.403809E-2	1.007080E-2	6.973877E+0
24.0625	-2.746582E-3	-1.739502E-2	1.037598E-2	6.866455E+0
24.0781	-1.525879E-3	-1.037598E-2	1.037598E-2	6.769714E+0
24.0781	-6.713867E-3	-9.460449E-3	9.460449E-3	6.670227E+0
24.0937	-5.187988E-3	-1.190186E-2	1.037598E-2	6.565247E+0
24.1094	-1.525879E-3	-2.319336E-2	1.098633E-2	6.465759E+0
24.1094	-6.103516E-3	-1.861572E-2	1.037598E-2	6.372681E+0
24.125	-2.441406E-3	-1.586914E-2	1.068115E-2	6.263428E+0
24.1406	-5.493164E-3	-2.014160E-2	1.007080E-2	6.164551E+0
24.1406	-2.746582E-3	-1.617432E-2	1.037598E-2	6.068420E+0
24.1562	-5.798340E-3	-1.495361E-2	1.068115E-2	5.960999E+0
24.1719	-2.136230E-3	-2.166748E-2	1.037598E-2	5.863647E+0
24.1719	-1.525879E-3	-1.525879E-2	1.007080E-2	5.764160E+0
24.1875	-1.831055E-3	-1.739502E-2	1.037598E-2	5.658875E+0
24.2031	-4.272461E-3	-1.251221E-2	1.068115E-2	5.560913E+0
24.2031	0.000000E+0	-2.471924E-2	9.765625E-3	5.461731E+0
24.2187	-3.662109E-3	-8.850098E-3	1.007080E-2	5.357971E+0
24.2344	5.798340E-3	-1.831055E-2	1.037598E-2	5.258484E+0
24.2344	-9.155273E-3	-2.349854E-2	1.007080E-2	5.161743E+0
24.25	-9.155273E-3	-1.312256E-2	1.007080E-2	5.055237E+0
24.25	-2.136230E-3	-1.922607E-2	1.037598E-2	4.955139E+0
24.2656	-4.577637E-3	-1.342773E-2	1.098633E-2	4.857788E+0
24.2812	-3.967285E-3	-2.319336E-2	1.007080E-2	4.756470E+0
24.2812	-1.007080E-2	-1.708984E-2	9.765625E-3	4.652405E+0
24.2969	-3.356934E-3	-2.044678E-2	1.129150E-2	4.552002E+0
24.2969	-1.220703E-3	-1.464844E-2	1.007080E-2	4.453125E+0
24.3125	-8.239746E-3	-1.220703E-2	1.007080E-2	4.349670E+0
24.3281	0.000000E+0	-1.037598E-2	1.098633E-2	4.249878E+0
24.3281	-2.746582E-3	-2.380371E-2	1.007080E-2	4.149475E+0
24.3437	-2.441406E-3	-1.342773E-2	1.098633E-2	4.046326E+0
24.3594	-1.525879E-3	-2.166748E-2	1.129150E-2	3.946228E+0
24.3594	-1.037598E-2	-1.800537E-2	1.037598E-2	3.850708E+0
24.375	-4.577637E-3	-1.251221E-2	1.068115E-2	3.743286E+0
24.3906	-7.629395E-3	-2.105713E-2	1.007080E-2	3.643799E+0
24.3906	-5.493164E-3	-1.739502E-2	1.037598E-2	3.545837E+0
24.4062	-8.544922E-3	-1.586914E-2	1.007080E-2	3.439636E+0
24.4219	-7.324219E-3	-2.227783E-2	1.037598E-2	3.341370E+0
24.4219	-7.629395E-3	-2.227783E-2	9.155273E-3	3.241272E+0
24.4375	-5.798340E-3	-1.861572E-2	1.068115E-2	3.136292E+0
24.4531	-8.239746E-3	-2.319336E-2	9.765625E-3	3.036194E+0
24.4531	3.051758E-4	-1.037598E-2	1.007080E-2	2.936096E+0
24.4687	1.220703E-3	-2.441406E-2	1.098633E-2	2.833557E+0
24.4844	-1.251221E-2	-1.739502E-2	1.037598E-2	2.733765E+0
24.4844	-3.051758E-4	-2.014160E-2	1.007080E-2	2.634583E+0
24.5	-5.798340E-3	-2.380371E-2	1.037598E-2	2.529297E+0
24.5156	-5.493164E-3	-2.014160E-2	1.068115E-2	2.429199E+0
24.5156	-9.460449E-3	-1.983643E-2	1.037598E-2	2.329102E+0
24.5312	-9.765625E-3	-1.342773E-2	9.460449E-3	2.235107E+0
24.5312	-5.493164E-3	-2.288818E-2	9.765625E-3	2.124023E+0
24.5469	-3.662109E-3	-1.434326E-2	1.037598E-2	2.024536E+0
24.5469	-1.068115E-2	-1.129150E-2	9.765625E-3	1.926270E+0
24.5625	-4.272461E-3	-2.227783E-2	1.159668E-2	1.821594E+0
24.5781	-9.155273E-3	-1.342773E-2	1.037598E-2	1.721802E+0
24.5781	-3.662109E-3	-1.342773E-2	1.068115E-2	1.620483E+0
24.5937	-6.408691E-3	-2.227783E-2	1.098633E-2	1.518860E+0
24.6094	-9.460449E-3	-2.319336E-2	1.098633E-2	1.418152E+0
24.6094	-8.239746E-3	-1.647949E-2	1.098633E-2	1.321716E+0
24.625	-3.662109E-3	-1.586914E-2	1.159668E-2	1.214600E+0
24.6406	-3.967285E-3	-1.861572E-2	1.129150E-2	1.114502E+0
24.6406	-8.544922E-3	-1.281738E-2	1.098633E-2	1.016541E+0
24.6562	-1.129150E-2	-1.495361E-2	1.129150E-2	9.109497E-1
24.6719	-7.934570E-3	-1.647949E-2	1.129150E-2	8.117676E-1
24.6719	-4.577637E-3	-1.831055E-2	1.098633E-2	7.107544E-1
24.6875	-3.967285E-3	-2.349854E-2	1.129150E-2	6.076050E-1
24.7031	-7.019043E-3	-1.525879E-2	1.098633E-2	5.087280E-1
24.7031	-1.037598E-2	-1.983643E-2	1.129150E-2	4.089355E-1
24.7187	-7.934570E-3	-1.831055E-2	1.098633E-2	3.048706E-1
24.7344	-7.934570E-3	-2.288818E-2	1.037598E-2	2.041626E-1
24.7344	1.525879E-3	-1.586914E-2	1.129150E-2	1.049805E-1
24.75	-3.051758E-3	-1.403809E-2	1.159668E-2	9.155273E-4
24.75	3.051758E-4	-1.983643E-2	1.159668E-2	4.882812E-3
24.7656	-4.577637E-3	-1.556396E-2	1.159668E-2	6.103516E-3
24.7812	-9.765625E-3	-1.037598E-2	1.190186E-2	7.019043E-3
24.7812	-1.007080E-2	-2.105713E-2	1.159668E-2	7.324219E-3
24.7969	-9.155273E-3	-8.544922E-3	1.220703E-2	7.324219E-3
24.8125	-5.187988E-3	-2.105713E-2	1.129150E-2	7.324219E-3
24.8125	-7.629395E-3	-1.525879E-2	1.129150E-2	8.239746E-3
24.8281	0.000000E+0	-2.410889E-2	1.190186E-2	7.629395E-3
24.8437	6.103516E-4	-2.227783E-2	1.129150E-2	7.629395E-3
24.8437	-4.882812E-3	-1.586914E-2	1.129150E-2	7.629395E-3
24.8594	2.441406E-3	-1.190186E-2	1.129150E-2	8.850098E-3
24.8594	-9.155273E-3	-1.708984E-2	1.159668E-2	8.239746E-3
24.875	-1.068115E-2	-1.159668E-2	1.190186E-2	8.544922E-3
24.8906	-2.441406E-3	-1.922607E-2	1.129150E-2	8.544922E-3
24.8906	1.525879E-3	-2.105713E-2	1.159668E-2	7.934570E-3
24.9062	9.155273E-4	-1.892090E-2	1.159668E-2	8.239746E-3
24.9219	1.220703E-3	-2.197266E-2	1.129150E-2	8.239746E-3
24.9219	-1.098633E-2	-1.953125E-2	1.159668E-2	8.239746E-3
24.9375	1.831055E-3	-1.373291E-2	1.190186E-2	7.934570E-3
24.9531	-3.967285E-3	-1.708984E-2	1.159668E-2	7.934570E-3
24.9531	-1.831055E-3	-2.075195E-2	1.190186E-2	8.544922E-3
24.9687	-9.460449E-3	-6.103516E-3	1.159668E-2	7.629395E-3
24.9844	-2.441406E-3	-1.190186E-2	1.129150E-2	8.544922E-3
24.9844	-5.187988E-3	-1.617432E-2	1.159668E-2	8.850098E-3
25.0	-2.136230E-3	-1.922607E-2	1.159668E-2	8.544922E-3
25.0	-2.136230E-3	-1.953125E-2	1.159668E-2	7.629395E-3
25.0156	-5.187988E-3	-1.464844E-2	1.098633E-2	8.850098E-3
25.0312	-4.272461E-3	-1.617432E-2	1.159668E-2	8.544922E-3
25.0312	-3.662109E-3	-1.495361E-2	1.129150E-2	8.544922E-3
25.0469	-7.019043E-3	-1.739502E-2	1.129150E-2	8.239746E-3
25.0469	-3.662109E-3	-1.251221E-2	1.129150E-2	8.544922E-3
25.0625	-9.155273E-3	-1.617432E-2	1.190186E-2	8.544922E-3
25.0781	3.356934E-3	-1.464844E-2	1.098633E-2	8.850098E-3
25.0781	-6.103516E-4	-1.556396E-2	1.159668E-2	8.239746E-3
25.0937	-4.882812E-3	-1.708984E-2	1.220703E-2	9.155273E-3
25.1094	-3.662109E-3	-1.556396E-2	1.129150E-2	8.544922E-3
25.1094	-3.051758E-3	-8.239746E-3	1.129150E-2	9.155273E-3
25.125	-9.155273E-3	-1.617432E-2	1.129150E-2	8.239746E-3
25.1406	-7.629395E-3	-1.312256E-2	1.190186E-2	8.850098E-3
25.1406	-9.155273E-3	-7.324219E-3	1.129150E-2	8.544922E-3
25.1562	-8.850098E-3	-1.586914E-2	1.190186E-2	8.850098E-3
25.1719	-6.103516E-3	-7.324219E-3	1.129150E-2	8.239746E-3
25.1719	-5.187988E-3	-2.319336E-2	1.220703E-2	9.155273E-3
25.1875	0.000000E+0	-1.739502E-2	1.190186E-2	8.544922E-3
25.2031	-4.272461E-3	-9.155273E-3	1.159668E-2	8.544922E-3
25.2031	-6.408691E-3	-2.319336E-2	1.159668E-2	7.934570E-3
25.2187	-6.103516E-4	-1.770020E-2	1.159668E-2	8.239746E-3
25.2344	6.103516E-4	-1.434326E-2	1.159668E-2	8.850098E-3
25.2344	0.000000E+0	-1.220703E-2	1.159668E-2	7.934570E-3
25.25	-5.493164E-3	-9.460449E-3	1.190186E-2	8.239746E-3
25.2656	-1.831055E-3	-9.155273E-3	1.098633E-2	8.850098E-3
25.2656	-8.850098E-3	-7.934570E-3	1.129150E-2	8.239746E-3
25.2812	3.356934E-3	-1.800537E-2	1.098633E-2	8.850098E-3
25.2812	-5.493164E-3	-1.586914E-2	1.159668E-2	8.544922E-3
25.2969	-3.662109E-3	-1.495361E-2	1.190186E-2	8.544922E-3
25.2969	-5.798340E-3	-1.495361E-2	1.159668E-2	8.239746E-3
25.3125	-9.155273E-4	-1.342773E-2	1.129150E-2	8.544922E-3
25.3281	-1.831055E-3	-1.281738E-2	1.159668E-2	8.544922E-3
25.3281	-2.441406E-3	-9.460449E-3	1.159668E-2	8.544922E-3
25.3437	-5.798340E-3	-2.044678E-2	1.098633E-2	8.850098E-3
25.3594	-1.831055E-3	-1.892090E-2	1.159668E-2	9.155273E-3
25.3594	0.000000E+0	-1.312256E-2	1.190186E-2	8.544922E-3
25.375	4.272461E-3	-1.464844E-2	1.129150E-2	8.544922E-3
25.3906	9.155273E-4	-9.460449E-3	1.159668E-2	8.544922E-3
25.3906	-1.007080E-2	-7.019043E-3	1.129150E-2	8.239746E-3
25.4062	2.441406E-3	-1.251221E-2	1.190186E-2	8.544922E-3
25.4219	-3.051758E-3	-1.312256E-2	1.159668E-2	8.544922E-3
25.4219	-3.967285E-3	-1.281738E-2	1.159668E-2	8.850098E-3
25.4375	-1.220703E-3	-1.861572E-2	1.159668E-2	8.239746E-3
25.4531	-1.220703E-3	-1.403809E-2	1.129150E-2	8.850098E-3
25.4531	-8.544922E-3	-1.586914E-2	1.159668E-2	8.544922E-3
25.4687	-2.136230E-3	-9.460449E-3	1.159668E-2	8.850098E-3
25.4844	-5.493164E-3	-1.251221E-2	1.159668E-2	8.544922E-3
25.4844	2.441406E-3	-1.342773E-2	1.190186E-2	8.850098E-3
25.5	3.051758E-4	-8.239746E-3	1.129150E-2	9.155273E-3
25.5156	-2.441406E-3	-1.129150E-2	1.129150E-2	8.544922E-3
25.5156	-9.460449E-3	-1.312256E-2	1.159668E-2	8.544922E-3
25.5312	-7.324219E-3	-1.708984E-2	1.129150E-2	9.155273E-3
25.5312	-5.493164E-3	-2.014160E-2	1.159668E-2	8.239746E-3
25.5469	-2.746582E-3	-1.007080E-2	1.190186E-2	8.544922E-3
25.5469	-1.831055E-3	-1.861572E-2	1.159668E-2	8.850098E-3
25.5625	-2.441406E-3	-1.861572E-2	1.068115E-2	8.544922E-3
25.5781	0.000000E+0	-1.312256E-2	1.159668E-2	8.239746E-3
25.5781	1.831055E-3	-1.098633E-2	1.190186E-2	8.850098E-3
25.5937	5.493164E-3	-1.342773E-2	1.190186E-2	8.850098E-3
25.6094	-1.220703E-3	-1.281738E-2	1.159668E-2	8.850098E-3
25.6094	-3.662109E-3	-2.075195E-2	1.159668E-2	8.544922E-3
25.625	-9.155273E-3	-1.403809E-2	1.159668E-2	8.850098E-3
25.6406	1.831055E-3	-1.647949E-2	1.159668E-2	8.850098E-3
25.6406	-9.460449E-3	-2.166748E-2	1.129150E-2	8.544922E-3
25.6562	-3.051758E-3	-2.258301E-2	1.159668E-2	7.934570E-3
25.6719	-1.098633E-2	-1.403809E-2	1.129150E-2	8.544922E-3
25.6719	-5.493164E-3	-1.586914E-2	1.159668E-2	8.544922E-3
25.6875	-1.007080E-2	-1.586914E-2	1.159668E-2	8.544922E-3
25.7031	-1.831055E-3	-1.342773E-2	1.159668E-2	7.934570E-3
25.7031	-8.239746E-3	-1.800537E-2	1.159668E-2	8.850098E-3
25.7187	-1.525879E-3	-1.892090E-2	1.159668E-2	8.544922E-3
25.7344	-5.493164E-3	-1.098633E-2	1.159668E-2	8.239746E-3
25.7344	-7.934570E-3	-1.495361E-2	1.159668E-2	8.544922E-3
25.75	3.051758E-4	-2.166748E-2	1.159668E-2	8.544922E-3
25.75	-1.190186E-2	-1.373291E-2	1.098633E-2	8.850098E-3
