June 02, 2009 16:20
529b02
H:\20090602-sws10-sls\LS_p30_d80_vp20_vd20.traj
lateral amplification = 100
normal amp = 100
pitch angle = -20
roll angle = 294
cantilever = 529b02
<data>
time	voltageForceLateral	voltageForceNormal	voltagePositionX	voltagePositionY
85.3438	-7.904053E-2	-8.514404E-2	1.159668E-2	8.850098E-3
85.3594	-6.103516E-2	-8.087158E-2	1.129150E-2	8.850098E-3
85.375	-7.171631E-2	-8.819580E-2	1.129150E-2	8.850098E-3
85.375	-6.439209E-2	-8.178711E-2	1.129150E-2	8.850098E-3
85.3906	-7.324219E-2	-8.728027E-2	1.190186E-2	8.850098E-3
85.4063	-7.141113E-2	-9.490967E-2	1.129150E-2	8.850098E-3
85.4063	-6.530762E-2	-8.361816E-2	1.129150E-2	8.239746E-3
85.4219	-5.981445E-2	-8.178711E-2	1.159668E-2	8.544922E-3
85.4375	-6.072998E-2	-7.812500E-2	1.159668E-2	9.155273E-3
85.4375	-6.958008E-2	-9.704590E-2	1.190186E-2	8.239746E-3
85.4531	-6.500244E-2	-8.453369E-2	1.220703E-2	7.934570E-3
85.4688	-6.988525E-2	-8.911133E-2	1.129150E-2	8.239746E-3
85.4688	-7.354736E-2	-9.613037E-2	1.159668E-2	7.934570E-3
85.4844	-7.080078E-2	-9.460449E-2	1.129150E-2	8.850098E-3
85.5	-6.835937E-2	-8.422852E-2	1.129150E-2	8.544922E-3
85.5	-7.049561E-2	-8.605957E-2	1.159668E-2	8.850098E-3
85.5156	-6.652832E-2	-7.995605E-2	1.098633E-2	8.239746E-3
85.5156	-6.469727E-2	-9.429932E-2	1.159668E-2	8.850098E-3
85.5313	-5.615234E-2	-7.629395E-2	1.190186E-2	8.239746E-3
85.5469	-6.774902E-2	-7.598877E-2	1.129150E-2	7.934570E-3
85.5469	-6.622314E-2	-8.972168E-2	1.159668E-2	8.850098E-3
85.5625	-6.805420E-2	-8.972168E-2	1.159668E-2	8.850098E-3
85.5625	-6.317139E-2	-8.697510E-2	1.159668E-2	9.155273E-3
85.5781	-7.049561E-2	-9.429932E-2	1.159668E-2	8.850098E-3
85.5938	-6.408691E-2	-9.735107E-2	1.159668E-2	8.544922E-3
85.5938	-6.530762E-2	-9.521484E-2	1.159668E-2	8.544922E-3
85.6094	-6.072998E-2	-8.453369E-2	1.129150E-2	8.850098E-3
85.625	-7.049561E-2	-8.392334E-2	1.190186E-2	8.850098E-3
85.625	-6.805420E-2	-9.582520E-2	1.129150E-2	8.544922E-3
85.6406	-6.835937E-2	-8.270264E-2	1.159668E-2	8.544922E-3
85.6563	-7.324219E-2	-8.605957E-2	1.129150E-2	8.239746E-3
85.6563	-6.103516E-2	-8.300781E-2	1.159668E-2	8.239746E-3
85.6719	-7.507324E-2	-8.850098E-2	1.129150E-2	8.544922E-3
85.6875	-6.530762E-2	-9.918213E-2	1.190186E-2	9.460449E-3
85.6875	-7.080078E-2	-7.812500E-2	1.159668E-2	9.155273E-3
85.7031	-7.110596E-2	-9.552002E-2	1.159668E-2	9.155273E-3
85.7188	-6.958008E-2	-9.948730E-2	1.098633E-2	8.239746E-3
85.7188	-6.927490E-2	-8.850098E-2	1.129150E-2	8.544922E-3
85.7344	-6.500244E-2	-9.979248E-2	1.159668E-2	8.239746E-3
85.75	-6.530762E-2	-9.246826E-2	1.129150E-2	9.155273E-3
85.75	-6.164551E-2	-8.544922E-2	1.129150E-2	8.544922E-3
85.7656	-6.408691E-2	-8.239746E-2	1.190186E-2	7.934570E-3
85.7656	-6.500244E-2	-8.941650E-2	1.129150E-2	8.544922E-3
85.7813	-5.767822E-2	-7.934570E-2	1.129150E-2	8.544922E-3
85.7969	-6.469727E-2	-8.331299E-2	1.129150E-2	8.850098E-3
85.7969	-7.690430E-2	-1.016235E-1	1.098633E-2	8.544922E-3
85.8125	-6.317139E-2	-8.514404E-2	1.190186E-2	8.850098E-3
85.8281	-6.835937E-2	-9.521484E-2	1.159668E-2	9.155273E-3
85.8281	-6.134033E-2	-8.239746E-2	1.129150E-2	8.544922E-3
85.8438	-6.713867E-2	-8.850098E-2	1.190186E-2	7.934570E-3
85.8594	-6.530762E-2	-8.422852E-2	1.159668E-2	8.239746E-3
85.8594	-7.202148E-2	-9.582520E-2	1.159668E-2	9.155273E-3
85.875	-6.134033E-2	-8.117676E-2	1.281738E-2	8.544922E-3
85.875	-5.950928E-2	-8.300781E-2	1.190186E-2	8.544922E-3
85.8906	-6.988525E-2	-9.948730E-2	1.159668E-2	8.850098E-3
85.9063	-5.920410E-2	-8.331299E-2	1.220703E-2	8.850098E-3
85.9063	-6.896973E-2	-9.124756E-2	1.190186E-2	8.850098E-3
85.9219	-7.049561E-2	-1.040649E-1	1.159668E-2	8.239746E-3
85.9219	-6.042480E-2	-1.010132E-1	1.159668E-2	8.544922E-3
85.9375	-6.164551E-2	-8.087158E-2	1.098633E-2	8.850098E-3
85.9531	-7.385254E-2	-1.010132E-1	1.190186E-2	8.544922E-3
85.9531	-6.561279E-2	-8.483887E-2	1.159668E-2	8.544922E-3
85.9688	-6.896973E-2	-8.880615E-2	1.159668E-2	9.765625E-3
85.9844	-6.805420E-2	-1.007080E-1	1.098633E-2	8.544922E-3
85.9844	-6.195068E-2	-8.178711E-2	1.220703E-2	7.934570E-3
86.0	-6.622314E-2	-8.728027E-2	1.129150E-2	8.850098E-3
86.0156	-6.988525E-2	-8.819580E-2	1.159668E-2	8.850098E-3
86.0156	-7.080078E-2	-9.460449E-2	1.159668E-2	8.544922E-3
86.0313	-6.591797E-2	-9.155273E-2	1.129150E-2	9.155273E-3
86.0469	-7.202148E-2	-9.796143E-2	1.098633E-2	8.850098E-3
86.0469	-6.622314E-2	-7.934570E-2	1.129150E-2	8.544922E-3
86.0625	-6.896973E-2	-8.087158E-2	1.129150E-2	8.544922E-3
86.0781	-6.896973E-2	-8.483887E-2	1.129150E-2	9.155273E-3
86.0781	-7.110596E-2	-1.007080E-1	1.129150E-2	9.155273E-3
86.0938	-7.171631E-2	-9.521484E-2	1.190186E-2	8.544922E-3
86.1094	-7.141113E-2	-9.033203E-2	1.190186E-2	9.155273E-3
86.1094	-6.805420E-2	-8.331299E-2	1.129150E-2	8.850098E-3
86.125	-5.859375E-2	-8.514404E-2	1.190186E-2	8.239746E-3
86.125	-7.110596E-2	-9.613037E-2	1.159668E-2	8.544922E-3
86.1406	-7.293701E-2	-9.155273E-2	1.159668E-2	8.850098E-3
86.1563	-7.415771E-2	-1.077271E-1	1.220703E-2	8.850098E-3
86.1563	-7.873535E-2	-9.033203E-2	1.159668E-2	8.239746E-3
86.1719	-6.530762E-2	-9.796143E-2	1.129150E-2	8.544922E-3
86.1875	-7.110596E-2	-8.300781E-2	1.159668E-2	7.934570E-3
86.1875	-7.080078E-2	-8.819580E-2	1.129150E-2	9.460449E-3
86.2031	-6.896973E-2	-1.031494E-1	1.129150E-2	9.155273E-3
86.2188	-7.659912E-2	-9.399414E-2	1.129150E-2	8.544922E-3
86.2188	-6.561279E-2	-8.392334E-2	1.159668E-2	8.850098E-3
86.2344	-6.134033E-2	-8.270264E-2	1.159668E-2	8.544922E-3
86.25	-6.469727E-2	-8.361816E-2	1.129150E-2	8.850098E-3
86.25	-7.507324E-2	-1.004028E-1	1.922607E-2	8.850098E-3
86.2656	-6.408691E-2	-9.063721E-2	3.204346E-2	8.544922E-3
86.2656	-7.202148E-2	-9.887695E-2	5.706787E-2	9.155273E-3
86.2813	-7.385254E-2	-9.704590E-2	7.781982E-2	7.934570E-3
86.2969	-7.354736E-2	-9.185791E-2	9.948730E-2	8.544922E-3
86.2969	-7.049561E-2	-1.004028E-1	1.129150E-1	8.544922E-3
86.3125	-6.835937E-2	-9.460449E-2	1.376343E-1	8.850098E-3
86.3281	-6.530762E-2	-8.728027E-2	1.556396E-1	8.850098E-3
86.3281	-6.378174E-2	-8.239746E-2	1.733398E-1	8.544922E-3
86.3438	-6.317139E-2	-8.850098E-2	1.940918E-1	8.544922E-3
86.3594	-7.049561E-2	-8.941650E-2	2.197266E-1	8.544922E-3
86.3594	-6.011963E-2	-8.636475E-2	2.334595E-1	8.850098E-3
86.375	-6.805420E-2	-8.880615E-2	2.545166E-1	8.239746E-3
86.375	-6.958008E-2	-1.037598E-1	2.798462E-1	9.155273E-3
86.3906	-6.347656E-2	-8.789062E-2	2.929687E-1	8.544922E-3
86.4063	-6.195068E-2	-8.575439E-2	3.173828E-1	8.850098E-3
86.4063	-6.805420E-2	-8.270264E-2	3.402710E-1	9.460449E-3
86.4219	-7.202148E-2	-9.368896E-2	3.527832E-1	8.850098E-3
86.4375	-6.805420E-2	-9.735107E-2	3.765869E-1	8.544922E-3
86.4375	-7.629395E-2	-1.052856E-1	3.967285E-1	8.850098E-3
86.4531	-5.981445E-2	-9.155273E-2	4.119873E-1	8.544922E-3
86.4688	-7.781982E-2	-1.086426E-1	4.364014E-1	9.460449E-3
86.4688	-7.934570E-2	-1.101685E-1	4.595947E-1	8.239746E-3
86.4844	-6.469727E-2	-9.796143E-2	4.721069E-1	8.850098E-3
86.5	-7.843018E-2	-1.083374E-1	4.977417E-1	8.850098E-3
86.5	-6.896973E-2	-9.918213E-2	5.187988E-1	8.850098E-3
86.5156	-6.896973E-2	-9.674072E-2	5.316162E-1	8.544922E-3
86.5156	-7.019043E-2	-1.040649E-1	5.560303E-1	9.155273E-3
86.5313	-6.896973E-2	-9.490967E-2	5.703735E-1	8.850098E-3
86.5469	-7.720947E-2	-1.046753E-1	5.902100E-1	9.155273E-3
86.5469	-6.866455E-2	-9.399414E-2	6.109619E-1	8.544922E-3
86.5625	-7.812500E-2	-1.119995E-1	6.387329E-1	8.850098E-3
86.5625	-6.530762E-2	-1.098633E-1	6.518555E-1	8.239746E-3
86.5781	-7.293701E-2	-1.028442E-1	6.732178E-1	8.544922E-3
86.5938	-7.202148E-2	-1.028442E-1	6.985474E-1	8.544922E-3
86.5938	-7.019043E-2	-9.948730E-2	7.110596E-1	8.850098E-3
86.6094	-7.507324E-2	-1.034546E-1	7.357788E-1	8.850098E-3
86.625	-7.659912E-2	-1.065063E-1	7.589722E-1	8.544922E-3
86.625	-8.026123E-2	-1.019287E-1	7.705688E-1	8.850098E-3
86.6406	-6.866455E-2	-1.046753E-1	7.940674E-1	8.850098E-3
86.6563	-7.843018E-2	-9.948730E-2	8.148193E-1	8.544922E-3
86.6563	-7.537842E-2	-1.080322E-1	8.303833E-1	8.850098E-3
86.6719	-7.049561E-2	-1.016235E-1	8.520508E-1	8.239746E-3
86.6875	-7.110596E-2	-1.065063E-1	8.779907E-1	8.850098E-3
86.6875	-7.568359E-2	-9.887695E-2	8.898926E-1	8.850098E-3
86.7031	-7.324219E-2	-1.019287E-1	9.146118E-1	8.544922E-3
86.7188	-7.690430E-2	-1.031494E-1	9.375000E-1	8.544922E-3
86.7188	-7.415771E-2	-1.116943E-1	9.497070E-1	8.239746E-3
86.7344	-7.324219E-2	-1.062012E-1	9.722900E-1	8.850098E-3
86.75	-7.446289E-2	-9.948730E-2	9.970093E-1	9.155273E-3
86.75	-7.232666E-2	-1.150513E-1	1.010132E+0	8.850098E-3
86.7656	-7.873535E-2	-1.089478E-1	1.034241E+0	8.239746E-3
86.7656	-7.293701E-2	-9.948730E-2	1.050720E+0	8.239746E-3
86.7813	-7.385254E-2	-1.196289E-1	1.069641E+0	8.544922E-3
86.7969	-7.080078E-2	-1.013184E-1	1.089478E+0	8.850098E-3
86.7969	-6.713867E-2	-1.013184E-1	1.116638E+0	7.934570E-3
86.8125	-7.110596E-2	-1.153564E-1	1.128845E+0	8.239746E-3
86.8281	-7.598877E-2	-1.062012E-1	1.154480E+0	9.155273E-3
86.8281	-7.690430E-2	-1.074219E-1	1.176758E+0	8.544922E-3
86.8438	-7.293701E-2	-1.004028E-1	1.188965E+0	8.544922E-3
86.8594	-7.843018E-2	-1.092529E-1	1.213379E+0	8.544922E-3
86.8594	-7.659912E-2	-1.214600E-1	1.233521E+0	8.850098E-3
86.875	-7.995605E-2	-1.199341E-1	1.248779E+0	8.544922E-3
86.875	-7.812500E-2	-1.159668E-1	1.273499E+0	8.850098E-3
86.8906	-7.995605E-2	-1.141357E-1	1.296692E+0	9.460449E-3
86.9063	-7.659912E-2	-1.193237E-1	1.308594E+0	9.765625E-3
86.9063	-7.659912E-2	-1.132202E-1	1.330566E+0	8.544922E-3
86.9219	-6.683350E-2	-1.123047E-1	1.355591E+0	8.544922E-3
86.9219	-8.392334E-2	-1.245117E-1	1.368408E+0	8.850098E-3
86.9375	-7.446289E-2	-1.098633E-1	1.389465E+0	7.934570E-3
86.9531	-7.904053E-2	-1.269531E-1	1.414490E+0	8.239746E-3
86.9531	-6.835937E-2	-1.126099E-1	1.428223E+0	8.850098E-3
86.9688	-7.232666E-2	-1.132202E-1	1.452332E+0	8.544922E-3
86.9844	-7.202148E-2	-1.126099E-1	1.472168E+0	8.239746E-3
86.9844	-7.232666E-2	-1.174927E-1	1.488037E+0	8.239746E-3
87.0	-7.843018E-2	-1.229858E-1	1.510010E+0	8.850098E-3
87.0156	-8.178711E-2	-1.217651E-1	1.535950E+0	8.239746E-3
87.0156	-8.178711E-2	-1.251221E-1	1.547241E+0	7.934570E-3
87.0313	-8.239746E-2	-1.293945E-1	1.572266E+0	8.544922E-3
87.0469	-7.446289E-2	-1.208496E-1	1.594543E+0	8.544922E-3
87.0469	-8.483887E-2	-1.293945E-1	1.606750E+0	8.850098E-3
87.0625	-7.720947E-2	-1.275635E-1	1.631165E+0	8.239746E-3
87.0781	-7.080078E-2	-1.214600E-1	1.651001E+0	9.155273E-3
87.0781	-7.781982E-2	-1.254272E-1	1.666870E+0	8.544922E-3
87.0938	-7.141113E-2	-1.162720E-1	1.688232E+0	9.460449E-3
87.1094	-8.636475E-2	-1.306152E-1	1.713562E+0	8.850098E-3
87.1094	-7.080078E-2	-1.196289E-1	1.726990E+0	8.850098E-3
87.125	-8.300781E-2	-1.239014E-1	1.748047E+0	8.544922E-3
87.125	-8.117676E-2	-1.229858E-1	1.773682E+0	8.850098E-3
87.1406	-8.483887E-2	-1.281738E-1	1.785889E+0	8.544922E-3
87.1563	-8.056641E-2	-1.330566E-1	1.810303E+0	8.850098E-3
87.1563	-7.476807E-2	-1.199341E-1	1.833496E+0	8.544922E-3
87.1719	-8.300781E-2	-1.220703E-1	1.846313E+0	8.544922E-3
87.1875	-8.331299E-2	-1.318359E-1	1.869812E+0	8.544922E-3
87.1875	-7.965088E-2	-1.315308E-1	1.890259E+0	8.544922E-3
87.2031	-7.659912E-2	-1.333618E-1	1.905823E+0	8.850098E-3
87.2188	-9.094238E-2	-1.367187E-1	1.929626E+0	7.629395E-3
87.2188	-7.812500E-2	-1.205444E-1	1.952515E+0	8.239746E-3
87.2344	-8.514404E-2	-1.400757E-1	1.965637E+0	8.544922E-3
87.25	-8.270264E-2	-1.364136E-1	1.990356E+0	8.850098E-3
87.25	-7.904053E-2	-1.303101E-1	2.012939E+0	8.544922E-3
87.2656	-8.453369E-2	-1.342773E-1	2.025146E+0	9.155273E-3
87.2656	-8.148193E-2	-1.296997E-1	2.049255E+0	8.544922E-3
87.2813	-8.239746E-2	-1.257324E-1	2.071533E+0	8.544922E-3
87.2969	-8.209229E-2	-1.327515E-1	2.091675E+0	9.155273E-3
87.2969	-8.911133E-2	-1.422119E-1	2.104187E+0	8.850098E-3
87.3125	-8.605957E-2	-1.376343E-1	2.128906E+0	8.544922E-3
87.3281	-8.087158E-2	-1.275635E-1	2.148437E+0	8.239746E-3
87.3281	-7.812500E-2	-1.370239E-1	2.164307E+0	9.155273E-3
87.3438	-8.850098E-2	-1.382446E-1	2.185669E+0	8.850098E-3
87.3594	-7.843018E-2	-1.483154E-1	2.212830E+0	8.544922E-3
87.3594	-8.544922E-2	-1.358032E-1	2.224121E+0	9.460449E-3
87.375	-8.758545E-2	-1.477051E-1	2.246094E+0	7.934570E-3
87.375	-9.094238E-2	-1.470947E-1	2.271423E+0	8.239746E-3
87.3906	-8.728027E-2	-1.513672E-1	2.283936E+0	8.544922E-3
87.4063	-7.904053E-2	-1.483154E-1	2.309570E+0	7.934570E-3
87.4063	-9.246826E-2	-1.535034E-1	2.330933E+0	9.155273E-3
87.4219	-8.972168E-2	-1.519775E-1	2.343750E+0	9.155273E-3
87.4375	-7.781982E-2	-1.406860E-1	2.367859E+0	9.155273E-3
87.4375	-8.178711E-2	-1.351929E-1	2.388000E+0	8.850098E-3
87.4531	-8.392334E-2	-1.473999E-1	2.403564E+0	8.544922E-3
87.4688	-8.850098E-2	-1.416016E-1	2.427673E+0	8.239746E-3
87.4688	-9.490967E-2	-1.577759E-1	2.450867E+0	8.544922E-3
87.4844	-8.544922E-2	-1.391602E-1	2.463684E+0	8.544922E-3
87.5	-8.941650E-2	-1.568604E-1	2.488708E+0	8.544922E-3
87.5	-9.094238E-2	-1.596069E-1	2.510376E+0	8.544922E-3
87.5156	-9.368896E-2	-1.623535E-1	2.523499E+0	8.239746E-3
87.5156	-8.087158E-2	-1.467896E-1	2.546997E+0	8.544922E-3
87.5313	-8.941650E-2	-1.675415E-1	2.568054E+0	9.155273E-3
87.5469	-1.016235E-1	-2.111816E-1	2.589417E+0	8.850098E-3
87.5469	-9.155273E-2	-2.038574E-1	2.602539E+0	8.850098E-3
87.5625	-1.062012E-1	-1.675415E-1	2.626648E+0	9.155273E-3
87.5781	-9.429932E-2	-1.287842E-1	2.647095E+0	9.155273E-3
87.5781	-9.277344E-2	-1.141357E-1	2.662354E+0	9.155273E-3
87.5938	-9.826660E-2	-7.293701E-2	2.685242E+0	9.155273E-3
87.6094	-9.674072E-2	-3.967285E-2	2.709351E+0	8.544922E-3
87.6094	-9.002686E-2	-8.850098E-3	2.722168E+0	8.850098E-3
87.625	-9.155273E-2	1.770020E-2	2.742920E+0	8.850098E-3
87.625	-9.704590E-2	6.530762E-2	2.768555E+0	7.934570E-3
87.6406	-9.063721E-2	8.026123E-2	2.781372E+0	8.850098E-3
87.6563	-1.007080E-1	1.123047E-1	2.806396E+0	8.544922E-3
87.6563	-8.850098E-2	1.663208E-1	2.828064E+0	8.239746E-3
87.6719	-1.104736E-1	1.632690E-1	2.840576E+0	9.155273E-3
87.6875	-1.016235E-1	2.142334E-1	2.865295E+0	8.850098E-3
87.6875	-1.000977E-1	2.639771E-1	2.885132E+0	8.544922E-3
87.7031	-1.049805E-1	2.761841E-1	2.901306E+0	8.544922E-3
87.7188	-1.007080E-1	3.121948E-1	2.924194E+0	8.239746E-3
87.7188	-1.092529E-1	3.335571E-1	2.947998E+0	8.850098E-3
87.7344	-9.857178E-2	3.756714E-1	2.960510E+0	8.239746E-3
87.75	-9.246826E-2	4.177856E-1	2.984924E+0	8.544922E-3
87.75	-9.918213E-2	4.351807E-1	2.996216E+0	8.850098E-3
87.7656	-1.062012E-1	4.248047E-1	2.993774E+0	2.685547E-2
87.7656	-1.174927E-1	4.162598E-1	2.989502E+0	4.760742E-2
87.7813	-1.272583E-1	4.168701E-1	2.985229E+0	6.683350E-2
87.7969	-1.232910E-1	4.171753E-1	2.980957E+0	8.636475E-2
87.7969	-1.318359E-1	4.046631E-1	2.979126E+0	1.055908E-1
87.8125	-1.333618E-1	3.924561E-1	2.974243E+0	1.263428E-1
87.8281	-1.422119E-1	3.939819E-1	2.971497E+0	1.452637E-1
87.8281	-1.376343E-1	3.915405E-1	2.968445E+0	1.657104E-1
87.8438	-1.495361E-1	3.942871E-1	2.965088E+0	1.855469E-1
87.8594	-1.608276E-1	3.677368E-1	2.960815E+0	2.059937E-1
87.8594	-1.651001E-1	3.704834E-1	2.958374E+0	2.239990E-1
87.875	-1.504517E-1	3.735352E-1	2.954102E+0	2.450562E-1
87.875	-1.724243E-1	3.640747E-1	2.949829E+0	2.645874E-1
87.8906	-1.727295E-1	3.552246E-1	2.947388E+0	2.835083E-1
87.9063	-1.892090E-1	3.549194E-1	2.943420E+0	3.045654E-1
87.9063	-1.904297E-1	3.448486E-1	2.939148E+0	3.244019E-1
87.9219	-1.882935E-1	3.427124E-1	2.937012E+0	3.433228E-1
87.9375	-1.983643E-1	3.314209E-1	2.932739E+0	3.634644E-1
87.9375	-2.078247E-1	3.320312E-1	2.928772E+0	3.826904E-1
87.9531	-2.117920E-1	3.302002E-1	2.925720E+0	4.019165E-1
87.9688	-2.224731E-1	3.128052E-1	2.922058E+0	4.232788E-1
87.9688	-2.236938E-1	3.112793E-1	2.918701E+0	4.421997E-1
87.9844	-2.221680E-1	3.054810E-1	2.916565E+0	4.617310E-1
88.0	-2.301025E-1	3.030396E-1	2.911377E+0	4.827881E-1
88.0	-2.368164E-1	2.786255E-1	2.908020E+0	5.017090E-1
88.0156	-2.374268E-1	2.835083E-1	2.905884E+0	5.206299E-1
88.0156	-2.505493E-1	2.673340E-1	2.901611E+0	5.416870E-1
88.0313	-2.584839E-1	2.636719E-1	2.899475E+0	5.621338E-1
88.0469	-2.606201E-1	2.600098E-1	2.895508E+0	5.792236E-1
88.0469	-2.725220E-1	2.526855E-1	2.892456E+0	6.002808E-1
88.0625	-2.685547E-1	2.346802E-1	2.887573E+0	6.201172E-1
88.0625	-2.813721E-1	2.322388E-1	2.885132E+0	6.396484E-1
88.0781	-2.896118E-1	2.175903E-1	2.881470E+0	6.600952E-1
88.0938	-2.838135E-1	2.316284E-1	2.877502E+0	6.793213E-1
88.0938	-2.966309E-1	2.175903E-1	2.874451E+0	6.973267E-1
88.1094	-3.097534E-1	2.001953E-1	2.871094E+0	7.199097E-1
88.125	-3.134155E-1	1.843262E-1	2.866516E+0	7.391357E-1
88.125	-3.179932E-1	1.873779E-1	2.864075E+0	7.580566E-1
88.1406	-3.213501E-1	1.806641E-1	2.859802E+0	7.785034E-1
88.1563	-3.344727E-1	1.681519E-1	2.856750E+0	7.977295E-1
88.1563	-3.356934E-1	1.593018E-1	2.853699E+0	8.169556E-1
88.1719	-3.427124E-1	1.431274E-1	2.849731E+0	8.370972E-1
88.1875	-3.533936E-1	1.330566E-1	2.845764E+0	8.572388E-1
88.1875	-3.506470E-1	1.315308E-1	2.844238E+0	8.761597E-1
88.2031	-3.713989E-1	1.226807E-1	2.838440E+0	8.972168E-1
88.2188	-3.680420E-1	1.095581E-1	2.834778E+0	9.161377E-1
88.2188	-3.744507E-1	1.071167E-1	2.832336E+0	9.347534E-1
88.2344	-3.704834E-1	8.880615E-2	2.828979E+0	9.558105E-1
88.25	-3.887939E-1	8.178711E-2	2.823792E+0	9.756470E-1
88.25	-3.921509E-1	8.697510E-2	2.821655E+0	9.939575E-1
88.2656	-4.006958E-1	6.256104E-2	2.817993E+0	1.015625E+0
88.2656	-4.049683E-1	4.730225E-2	2.815247E+0	1.033020E+0
88.2813	-4.162598E-1	4.608154E-2	2.811584E+0	1.054993E+0
88.2969	-4.162598E-1	3.845215E-2	2.809143E+0	1.074219E+0
88.2969	-4.254150E-1	1.617432E-2	2.803955E+0	1.094360E+0
88.3125	-4.309082E-1	1.251221E-2	2.802124E+0	1.112061E+0
88.3281	-4.403687E-1	7.629395E-3	2.797546E+0	1.133728E+0
88.3281	-4.464722E-1	4.272461E-3	2.793579E+0	1.152649E+0
88.3438	-4.528809E-1	-5.187988E-3	2.791748E+0	1.171570E+0
88.3594	-4.733276E-1	-3.265381E-2	2.787170E+0	1.192932E+0
88.3594	-4.754639E-1	-2.777100E-2	2.784424E+0	1.211548E+0
88.375	-4.785156E-1	-6.774902E-2	2.780762E+0	1.230774E+0
88.375	-4.809570E-1	-6.744385E-2	2.777710E+0	1.252441E+0
88.3906	-4.989624E-1	-7.080078E-2	2.772827E+0	1.271973E+0
88.4063	-5.059814E-1	-7.995605E-2	2.770691E+0	1.289978E+0
88.4063	-5.187988E-1	-9.948730E-2	2.767029E+0	1.311035E+0
88.4219	-5.184937E-1	-1.135254E-1	2.762451E+0	1.333618E+0
88.4219	-5.322266E-1	-1.235962E-1	2.760315E+0	1.350098E+0
88.4375	-5.355835E-1	-1.174927E-1	2.756348E+0	1.370239E+0
88.4531	-5.551147E-1	-1.208496E-1	2.752075E+0	1.389465E+0
88.4531	-5.508423E-1	-1.269531E-1	2.749939E+0	1.408691E+0
88.4688	-5.627441E-1	-1.550293E-1	2.745056E+0	1.430054E+0
88.4844	-5.685425E-1	-1.687622E-1	2.742004E+0	1.448669E+0
88.4844	-5.838013E-1	-1.773071E-1	2.739258E+0	1.468201E+0
88.5	-5.889893E-1	-1.934814E-1	2.735291E+0	1.488953E+0
88.5156	-5.966187E-1	-2.069092E-1	2.731018E+0	1.508484E+0
88.5156	-6.069946E-1	-2.203369E-1	2.728577E+0	1.526794E+0
88.5313	-6.130981E-1	-2.291870E-1	2.724609E+0	1.548462E+0
88.5469	-6.222534E-1	-2.429199E-1	2.720337E+0	1.567383E+0
88.5469	-6.329346E-1	-2.532959E-1	2.718201E+0	1.586304E+0
88.5625	-6.558228E-1	-2.444458E-1	2.714539E+0	1.606445E+0
88.5781	-6.481934E-1	-2.902222E-1	2.712097E+0	1.625977E+0
88.5781	-6.665039E-1	-2.731323E-1	2.707825E+0	1.646118E+0
88.5938	-6.759644E-1	-3.027344E-1	2.705383E+0	1.667175E+0
88.6094	-6.808472E-1	-3.109741E-1	2.700195E+0	1.685486E+0
88.6094	-6.900024E-1	-3.121948E-1	2.698059E+0	1.705017E+0
88.625	-6.903076E-1	-3.274536E-1	2.694092E+0	1.725769E+0
88.625	-7.135010E-1	-3.579712E-1	2.689514E+0	1.745911E+0
88.6406	-7.116699E-1	-3.616333E-1	2.687378E+0	1.763306E+0
88.6563	-7.205200E-1	-3.659058E-1	2.683105E+0	1.784973E+0
88.6563	-7.363892E-1	-3.710937E-1	2.679138E+0	1.804199E+0
88.6719	-7.412720E-1	-3.857422E-1	2.677612E+0	1.823425E+0
88.6875	-7.510376E-1	-3.933716E-1	2.673340E+0	1.843567E+0
88.6875	-7.626343E-1	-4.071045E-1	2.669678E+0	1.863403E+0
88.7031	-7.791138E-1	-4.367065E-1	2.666626E+0	1.882935E+0
88.7188	-7.897949E-1	-4.428101E-1	2.662659E+0	1.903992E+0
88.7188	-8.053589E-1	-4.562378E-1	2.658081E+0	1.922607E+0
88.7344	-8.099365E-1	-4.483032E-1	2.656250E+0	1.941223E+0
88.75	-8.160400E-1	-4.733276E-1	2.652588E+0	1.962585E+0
88.75	-8.291626E-1	-4.779053E-1	2.647705E+0	1.982422E+0
88.7656	-8.493042E-1	-4.855347E-1	2.645569E+0	2.000122E+0
88.7656	-8.514404E-1	-5.035400E-1	2.641602E+0	2.021790E+0
88.7813	-8.511353E-1	-5.035400E-1	2.639160E+0	2.041321E+0
88.7969	-8.465576E-1	-5.087280E-1	2.635803E+0	2.059021E+0
88.7969	-8.670044E-1	-5.169678E-1	2.631226E+0	2.080688E+0
88.8125	-8.489990E-1	-4.953003E-1	2.626953E+0	2.100220E+0
88.8125	-6.134033E-1	-3.408813E-1	2.624817E+0	2.119751E+0
88.8281	-6.286621E-1	-3.466797E-1	2.621155E+0	2.139893E+0
88.8438	-6.304932E-1	-3.500366E-1	2.616577E+0	2.159424E+0
88.8438	-6.326294E-1	-3.530884E-1	2.614746E+0	2.178040E+0
88.8594	-6.344604E-1	-3.637695E-1	2.610474E+0	2.199707E+0
88.875	-6.384277E-1	-3.665161E-1	2.606506E+0	2.217407E+0
88.875	-6.521606E-1	-3.713989E-1	2.604370E+0	2.237244E+0
88.8906	-6.436157E-1	-3.878784E-1	2.600403E+0	2.258606E+0
88.9063	-6.387329E-1	-3.796387E-1	2.597046E+0	2.277832E+0
88.9063	-6.268311E-1	-3.610229E-1	2.593994E+0	2.296753E+0
88.9219	-6.243896E-1	-3.823853E-1	2.590637E+0	2.317200E+0
88.9375	-6.188965E-1	-3.829956E-1	2.586365E+0	2.337036E+0
88.9375	-6.100464E-1	-3.677368E-1	2.583618E+0	2.355957E+0
88.9531	-6.210327E-1	-3.802490E-1	2.579041E+0	2.376099E+0
88.9688	-5.862427E-1	-3.524780E-1	2.575378E+0	2.395935E+0
88.9688	-5.902100E-1	-3.643799E-1	2.573853E+0	2.414551E+0
88.9844	-6.060791E-1	-3.692627E-1	2.570190E+0	2.436218E+0
89.0	-5.828857E-1	-3.692627E-1	2.565002E+0	2.455444E+0
89.0	-5.880737E-1	-3.692627E-1	2.562866E+0	2.473450E+0
89.0156	-5.758667E-1	-3.729248E-1	2.557983E+0	2.495728E+0
89.0156	-5.856323E-1	-3.790283E-1	2.555847E+0	2.512817E+0
89.0313	-5.792236E-1	-3.814697E-1	2.551270E+0	2.533264E+0
89.0469	-5.612183E-1	-3.686523E-1	2.549438E+0	2.553406E+0
89.0469	-5.758667E-1	-3.872681E-1	2.544250E+0	2.574463E+0
89.0625	-5.740356E-1	-3.845215E-1	2.542114E+0	2.591858E+0
89.0781	-5.630493E-1	-3.869629E-1	2.537537E+0	2.612915E+0
89.0781	-5.685425E-1	-3.991699E-1	2.532959E+0	2.632751E+0
89.0938	-5.743408E-1	-4.016113E-1	2.530823E+0	2.651978E+0
89.1094	-5.670166E-1	-3.909302E-1	2.526855E+0	2.673035E+0
89.1094	-5.471802E-1	-3.915405E-1	2.523193E+0	2.691345E+0
89.125	-5.642700E-1	-4.086304E-1	2.521057E+0	2.711792E+0
89.125	-5.584717E-1	-3.985596E-1	2.518005E+0	2.731018E+0
89.1406	-5.538940E-1	-3.933716E-1	2.512817E+0	2.752380E+0
89.1563	-5.609131E-1	-4.025269E-1	2.510986E+0	2.769165E+0
89.1563	-5.184937E-1	-3.875732E-1	2.507019E+0	2.790527E+0
89.1719	-5.087280E-1	-3.829956E-1	2.503357E+0	2.810669E+0
89.1719	-5.093384E-1	-3.955078E-1	2.500610E+0	2.828979E+0
89.1875	-5.075073E-1	-3.915405E-1	2.496643E+0	2.849731E+0
89.2031	-5.233765E-1	-3.991699E-1	2.492371E+0	2.869263E+0
89.2031	-5.236816E-1	-4.058838E-1	2.490234E+0	2.888489E+0
89.2188	-5.270386E-1	-4.025269E-1	2.485352E+0	2.910156E+0
89.2344	-5.316162E-1	-4.174805E-1	2.482605E+0	2.928162E+0
89.2344	-5.383301E-1	-4.327393E-1	2.479553E+0	2.947083E+0
89.25	-5.249023E-1	-4.141235E-1	2.475891E+0	2.968445E+0
89.2656	-5.102539E-1	-4.132080E-1	2.471619E+0	2.988281E+0
89.2656	-5.032349E-1	-4.208374E-1	2.469482E+0	3.005981E+0
89.2813	-4.885864E-1	-4.077148E-1	2.464294E+0	3.027039E+0
89.2969	-4.818726E-1	-4.107666E-1	2.461243E+0	3.046875E+0
89.2969	-4.849243E-1	-4.162598E-1	2.458496E+0	3.065796E+0
89.3125	-4.806519E-1	-4.150391E-1	2.454529E+0	3.087158E+0
89.3281	-4.791260E-1	-4.187012E-1	2.450562E+0	3.105164E+0
89.3281	-4.888916E-1	-4.364014E-1	2.448425E+0	3.126221E+0
89.3438	-4.864502E-1	-4.382324E-1	2.444458E+0	3.146057E+0
89.3594	-4.727173E-1	-4.241943E-1	2.440186E+0	3.164673E+0
89.3594	-8.941650E-2	-1.593018E-1	2.437134E+0	3.184814E+0
89.375	-9.735107E-2	-1.632690E-1	2.434082E+0	3.205261E+0
89.375	-9.643555E-2	-1.635742E-1	2.429504E+0	3.224792E+0
89.3906	-8.666992E-2	-1.666260E-1	2.427979E+0	3.242493E+0
89.4063	-9.063721E-2	-1.651001E-1	2.423096E+0	3.264465E+0
89.4063	-9.246826E-2	-1.605225E-1	2.419739E+0	3.283997E+0
89.4219	-9.613037E-2	-1.611328E-1	2.417603E+0	3.302612E+0
89.4375	-9.887695E-2	-1.559448E-1	2.413330E+0	3.323059E+0
89.4375	-9.887695E-2	-1.568604E-1	2.410278E+0	3.342285E+0
89.4531	-9.155273E-2	-1.663208E-1	2.406616E+0	3.362427E+0
89.4688	-9.033203E-2	-1.657104E-1	2.403259E+0	3.381958E+0
89.4688	-9.796143E-2	-1.611328E-1	2.398682E+0	3.400879E+0
89.4844	-9.094238E-2	-1.647949E-1	2.396545E+0	3.421021E+0
89.5	-9.155273E-2	-1.632690E-1	2.392578E+0	3.441772E+0
89.5	-9.399414E-2	-1.626587E-1	2.388611E+0	3.460388E+0
89.5156	-9.674072E-2	-1.583862E-1	2.386169E+0	3.479614E+0
89.5156	-9.155273E-2	-1.593018E-1	2.382202E+0	3.500977E+0
89.5313	-9.948730E-2	-1.541138E-1	2.379456E+0	3.520508E+0
89.5469	-9.277344E-2	-1.599121E-1	2.375793E+0	3.538208E+0
89.5469	-9.582520E-2	-1.589966E-1	2.372131E+0	3.559875E+0
89.5625	-9.277344E-2	-1.657104E-1	2.367249E+0	3.579407E+0
89.5625	-9.552002E-2	-1.605225E-1	2.364197E+0	3.598938E+0
89.5781	-8.850098E-2	-1.605225E-1	2.361450E+0	3.618774E+0
89.5938	-9.613037E-2	-1.614380E-1	2.356873E+0	3.638000E+0
89.5938	-9.368896E-2	-1.632690E-1	2.354736E+0	3.656616E+0
89.6094	-9.399414E-2	-1.589966E-1	2.350159E+0	3.678894E+0
89.625	-9.368896E-2	-1.553345E-1	2.346802E+0	3.696899E+0
89.625	-8.789062E-2	-1.519775E-1	2.344055E+0	3.715820E+0
89.6406	-9.399414E-2	-1.541138E-1	2.340088E+0	3.737793E+0
89.6563	-9.735107E-2	-1.602173E-1	2.336426E+0	3.756714E+0
89.6563	-9.582520E-2	-1.525879E-1	2.333984E+0	3.775635E+0
89.6719	-9.063721E-2	-1.513672E-1	2.330017E+0	3.796387E+0
89.6875	-8.941650E-2	-1.626587E-1	2.325745E+0	3.815613E+0
89.6875	-7.965088E-2	-1.608276E-1	2.324219E+0	3.835449E+0
89.7031	-9.460449E-2	-1.507568E-1	2.319336E+0	3.855286E+0
89.7188	-9.857178E-2	-1.516724E-1	2.315674E+0	3.874817E+0
89.7188	-8.392334E-2	-1.507568E-1	2.313232E+0	3.893433E+0
89.7344	-9.002686E-2	-1.498413E-1	2.310181E+0	3.915405E+0
89.75	-9.887695E-2	-1.528931E-1	2.304993E+0	3.933716E+0
89.75	-8.819580E-2	-1.547241E-1	2.303162E+0	3.951721E+0
89.7656	-9.185791E-2	-1.556396E-1	2.298584E+0	3.974609E+0
89.7656	-9.582520E-2	-1.501465E-1	2.295837E+0	3.992310E+0
89.7813	-9.490967E-2	-1.501465E-1	2.292480E+0	4.012146E+0
89.7969	-9.002686E-2	-1.586914E-1	2.289124E+0	4.031982E+0
89.7969	-9.307861E-2	-1.632690E-1	2.284546E+0	4.051514E+0
89.8125	-8.911133E-2	-1.553345E-1	2.280884E+0	4.072876E+0
89.8125	-9.033203E-2	-1.602173E-1	2.278442E+0	4.089966E+0
89.8281	-8.911133E-2	-1.544189E-1	2.275085E+0	4.111938E+0
89.8438	-9.155273E-2	-1.452637E-1	2.270203E+0	4.132996E+0
89.8438	-9.094238E-2	-1.440430E-1	2.268066E+0	4.151001E+0
89.8594	-9.490967E-2	-1.504517E-1	2.263489E+0	4.170532E+0
89.875	-9.246826E-2	-1.458740E-1	2.260132E+0	4.189453E+0
89.875	-9.033203E-2	-1.501465E-1	2.257690E+0	4.208069E+0
89.8906	-8.819580E-2	-1.492310E-1	2.253418E+0	4.230347E+0
89.9063	-8.911133E-2	-1.443481E-1	2.250671E+0	4.248352E+0
89.9063	-8.605957E-2	-1.565552E-1	2.247925E+0	4.268494E+0
89.9219	-8.819580E-2	-1.510620E-1	2.243958E+0	4.288330E+0
89.9375	-9.246826E-2	-1.486206E-1	2.239380E+0	4.308472E+0
89.9375	-8.941650E-2	-1.422119E-1	2.237549E+0	4.326172E+0
89.9531	-9.155273E-2	-1.477051E-1	2.232666E+0	4.347534E+0
89.9688	-9.246826E-2	-1.535034E-1	2.229309E+0	4.367371E+0
89.9688	-9.124756E-2	-1.513672E-1	2.226562E+0	4.385681E+0
89.9844	-9.002686E-2	-1.440430E-1	2.223511E+0	4.406128E+0
90.0	-8.880615E-2	-1.528931E-1	2.218323E+0	4.426575E+0
90.0	-9.094238E-2	-1.477051E-1	2.216797E+0	4.444885E+0
90.0156	-9.124756E-2	-1.513672E-1	2.212219E+0	4.465637E+0
90.0156	-8.422852E-2	-1.528931E-1	2.210083E+0	4.484253E+0
90.0313	-8.636475E-2	-1.501465E-1	2.205811E+0	4.504700E+0
90.0469	-8.636475E-2	-1.513672E-1	2.202759E+0	4.524841E+0
90.0469	-9.033203E-2	-1.501465E-1	2.199097E+0	4.542847E+0
90.0625	-8.636475E-2	-1.574707E-1	2.195129E+0	4.563293E+0
90.0781	-8.392334E-2	-1.559448E-1	2.191772E+0	4.582825E+0
90.0781	-8.300781E-2	-1.443481E-1	2.188721E+0	4.602661E+0
90.0938	-9.338379E-2	-1.412964E-1	2.184143E+0	4.622498E+0
90.1094	-9.124756E-2	-1.391602E-1	2.180176E+0	4.642334E+0
90.1094	-9.124756E-2	-1.461792E-1	2.177734E+0	4.661255E+0
90.125	-8.636475E-2	-1.394653E-1	2.174377E+0	4.682007E+0
90.125	-8.972168E-2	-1.403809E-1	2.170105E+0	4.700623E+0
90.1406	-9.735107E-2	-1.473999E-1	2.167664E+0	4.718628E+0
90.1563	-9.002686E-2	-1.516724E-1	2.163696E+0	4.741211E+0
90.1563	-8.300781E-2	-1.461792E-1	2.159119E+0	4.759827E+0
90.1719	-8.819580E-2	-1.510620E-1	2.157288E+0	4.778442E+0
90.1875	-9.094238E-2	-1.507568E-1	2.153625E+0	4.800110E+0
90.1875	-8.483887E-2	-1.473999E-1	2.149048E+0	4.818726E+0
90.2031	-9.429932E-2	-1.437378E-1	2.146606E+0	4.838257E+0
90.2188	-9.002686E-2	-1.498413E-1	2.143250E+0	4.857788E+0
90.2188	-9.185791E-2	-1.412964E-1	2.139282E+0	4.877625E+0
90.2344	-8.880615E-2	-1.507568E-1	2.136841E+0	4.897156E+0
90.25	-8.605957E-2	-1.409912E-1	2.132568E+0	4.917908E+0
90.25	-9.429932E-2	-1.446533E-1	2.127991E+0	4.936218E+0
90.2656	-8.666992E-2	-1.477051E-1	2.125244E+0	4.954834E+0
90.2656	-8.850098E-2	-1.531982E-1	2.122192E+0	4.976501E+0
90.2813	-8.697510E-2	-1.416016E-1	2.119141E+0	4.996643E+0
90.2969	-9.368896E-2	-1.397705E-1	2.116699E+0	5.013123E+0
90.2969	-9.674072E-2	-1.406860E-1	2.112427E+0	5.035400E+0
90.3125	-8.728027E-2	-1.434326E-1	2.108154E+0	5.054932E+0
90.3125	-8.453369E-2	-1.495361E-1	2.105408E+0	5.074463E+0
90.3281	-9.277344E-2	-1.483154E-1	2.101746E+0	5.093994E+0
90.3438	-8.239746E-2	-1.425171E-1	2.097168E+0	5.114441E+0
90.3438	-8.941650E-2	-1.458740E-1	2.095032E+0	5.132446E+0
90.3594	-9.063721E-2	-1.367187E-1	2.090454E+0	5.154114E+0
90.375	-8.392334E-2	-1.504517E-1	2.087402E+0	5.170898E+0
90.375	-8.789062E-2	-1.440430E-1	2.084351E+0	5.190430E+0
90.3906	-9.490967E-2	-1.406860E-1	2.080383E+0	5.212402E+0
90.4063	-8.972168E-2	-1.510620E-1	2.076721E+0	5.231323E+0
90.4063	-8.941650E-2	-1.498413E-1	2.074280E+0	5.250854E+0
90.4219	-8.392334E-2	-1.519775E-1	2.069397E+0	5.270996E+0
90.4375	-8.361816E-2	-1.388550E-1	2.066040E+0	5.291138E+0
90.4375	-8.941650E-2	-1.379395E-1	2.063904E+0	5.308838E+0
90.4531	-9.063721E-2	-1.467896E-1	2.059021E+0	5.330200E+0
90.4688	-8.392334E-2	-1.446533E-1	2.055359E+0	5.349121E+0
90.4688	-8.728027E-2	-1.492310E-1	2.053833E+0	5.368347E+0
90.4844	-9.002686E-2	-1.498413E-1	2.050171E+0	5.388794E+0
90.5	-8.453369E-2	-1.379395E-1	2.045593E+0	5.408020E+0
90.5	-8.819580E-2	-1.473999E-1	2.043762E+0	5.426025E+0
90.5156	-8.605957E-2	-1.394653E-1	2.038574E+0	5.448303E+0
90.5156	-8.026123E-2	-1.470947E-1	2.037048E+0	5.466309E+0
90.5313	-9.063721E-2	-1.370239E-1	2.032166E+0	5.486450E+0
90.5469	-8.880615E-2	-1.452637E-1	2.029114E+0	5.506287E+0
90.5469	-9.521484E-2	-1.440430E-1	2.026062E+0	5.526123E+0
90.5625	-8.361816E-2	-1.446533E-1	2.021484E+0	5.545044E+0
90.5625	-8.514404E-2	-1.434326E-1	2.019043E+0	5.564270E+0
90.5781	-9.033203E-2	-1.422119E-1	2.015381E+0	5.584717E+0
90.5938	-9.155273E-2	-1.431274E-1	2.010803E+0	5.606995E+0
90.5938	-9.246826E-2	-1.394653E-1	2.008362E+0	5.623169E+0
90.6094	-8.636475E-2	-1.376343E-1	2.003784E+0	5.643616E+0
90.625	-8.728027E-2	-1.403809E-1	1.999817E+0	5.662842E+0
90.625	-8.819580E-2	-1.345825E-1	1.997681E+0	5.681763E+0
90.6406	-8.880615E-2	-1.388550E-1	1.994324E+0	5.702209E+0
90.6563	-9.216309E-2	-1.412964E-1	1.990051E+0	5.721436E+0
90.6563	-9.155273E-2	-1.461792E-1	1.987305E+0	5.740967E+0
90.6719	-9.765625E-2	-1.361084E-1	1.983337E+0	5.761719E+0
90.6875	-8.331299E-2	-1.382446E-1	1.979675E+0	5.780334E+0
90.6875	-8.636475E-2	-1.412964E-1	1.976929E+0	5.799255E+0
90.7031	-8.880615E-2	-1.382446E-1	1.972351E+0	5.821228E+0
90.7188	-8.544922E-2	-1.409912E-1	1.968689E+0	5.840149E+0
90.7188	-9.033203E-2	-1.400757E-1	1.966553E+0	5.857849E+0
90.7344	-8.972168E-2	-1.449585E-1	1.962585E+0	5.878906E+0
90.75	-9.368896E-2	-1.342773E-1	1.959534E+0	5.898743E+0
90.75	-8.422852E-2	-1.437378E-1	1.955872E+0	5.916443E+0
90.7656	-8.575439E-2	-1.388550E-1	1.952515E+0	5.937805E+0
90.7656	-9.552002E-2	-1.409912E-1	1.949158E+0	5.955811E+0
90.7813	-9.094238E-2	-1.382446E-1	1.946411E+0	5.977173E+0
90.7969	-8.758545E-2	-1.351929E-1	1.943054E+0	5.997314E+0
90.7969	-8.789062E-2	-1.406860E-1	1.937561E+0	6.015625E+0
90.8125	-8.728027E-2	-1.397705E-1	1.936646E+0	6.033020E+0
90.8281	-8.666992E-2	-1.373291E-1	1.931763E+0	6.055603E+0
90.8281	-8.422852E-2	-1.428223E-1	1.927490E+0	6.074829E+0
90.8438	-8.270264E-2	-1.409912E-1	1.925354E+0	6.092224E+0
90.8594	-9.033203E-2	-1.397705E-1	1.921387E+0	6.114502E+0
90.8594	-9.155273E-2	-1.354980E-1	1.918030E+0	6.133118E+0
90.875	-9.277344E-2	-1.416016E-1	1.915283E+0	6.152649E+0
90.875	-8.789062E-2	-1.339722E-1	1.910095E+0	6.172485E+0
90.8906	-8.850098E-2	-1.406860E-1	1.906433E+0	6.191711E+0
90.9063	-8.850098E-2	-1.385498E-1	1.903992E+0	6.211243E+0
90.9063	-9.735107E-2	-1.339722E-1	1.901550E+0	6.232300E+0
90.9219	-8.422852E-2	-1.367187E-1	1.896362E+0	6.250305E+0
90.9219	-8.666992E-2	-1.477051E-1	1.894226E+0	6.268921E+0
90.9375	-7.812500E-2	-1.409912E-1	1.890564E+0	6.290894E+0
90.9531	-8.422852E-2	-1.455688E-1	1.885986E+0	6.309509E+0
90.9531	-8.331299E-2	-1.385498E-1	1.883545E+0	6.327515E+0
90.9688	-7.812500E-2	-1.461792E-1	1.880188E+0	6.349792E+0
90.9844	-8.056641E-2	-1.431274E-1	1.875610E+0	6.368408E+0
90.9844	-8.422852E-2	-1.440430E-1	1.872559E+0	6.387634E+0
91.0	-9.246826E-2	-1.428223E-1	1.868591E+0	6.407776E+0
91.0156	-8.758545E-2	-1.416016E-1	1.865234E+0	6.427307E+0
91.0156	-9.002686E-2	-1.364136E-1	1.862488E+0	6.445007E+0
91.0313	-8.453369E-2	-1.416016E-1	1.858521E+0	6.467590E+0
91.0469	-8.239746E-2	-1.309204E-1	1.854858E+0	6.486206E+0
91.0469	-8.880615E-2	-1.327515E-1	1.852722E+0	6.503906E+0
91.0625	-8.117676E-2	-1.385498E-1	1.848755E+0	6.525879E+0
91.0781	-9.155273E-2	-1.330566E-1	1.845093E+0	6.545105E+0
91.0781	-9.033203E-2	-1.409912E-1	1.842346E+0	6.563416E+0
91.0938	-8.239746E-2	-1.388550E-1	1.838684E+0	6.583557E+0
91.1094	-9.033203E-2	-1.287842E-1	1.834717E+0	6.603394E+0
91.1094	-8.666992E-2	-1.196289E-1	1.832275E+0	6.621399E+0
91.125	-9.185791E-2	-1.422119E-1	1.828003E+0	6.642761E+0
91.125	-8.453369E-2	-1.318359E-1	1.824036E+0	6.662292E+0
91.1406	-8.605957E-2	-1.394653E-1	1.821289E+0	6.679993E+0
91.1563	-9.460449E-2	-1.345825E-1	1.817322E+0	6.701355E+0
91.1563	-8.575439E-2	-1.409912E-1	1.813049E+0	6.720581E+0
91.1719	-8.514404E-2	-1.422119E-1	1.811218E+0	6.738586E+0
91.1875	-9.002686E-2	-1.358032E-1	1.807556E+0	6.760559E+0
91.1875	-8.850098E-2	-1.452637E-1	1.803284E+0	6.778564E+0
91.2031	-8.850098E-2	-1.382446E-1	1.800842E+0	6.798401E+0
91.2188	-7.873535E-2	-1.397705E-1	1.795959E+0	6.818848E+0
91.2188	-8.300781E-2	-1.391602E-1	1.792297E+0	6.838684E+0
91.2344	-7.934570E-2	-1.379395E-1	1.789551E+0	6.856079E+0
91.25	-8.636475E-2	-1.382446E-1	1.785583E+0	6.877136E+0
91.25	-9.185791E-2	-1.394653E-1	1.781616E+0	6.896667E+0
91.2656	-8.026123E-2	-1.336670E-1	1.779785E+0	6.915588E+0
91.2656	-8.575439E-2	-1.348877E-1	1.775208E+0	6.936035E+0
91.2813	-8.453369E-2	-1.382446E-1	1.773071E+0	6.956177E+0
91.2969	-8.331299E-2	-1.287842E-1	1.770325E+0	6.972351E+0
91.2969	-9.063721E-2	-1.419067E-1	1.765747E+0	6.995239E+0
91.3125	-8.361816E-2	-1.397705E-1	1.761169E+0	7.014160E+0
91.3125	-8.605957E-2	-1.303101E-1	1.759033E+0	7.031860E+0
91.3281	-8.911133E-2	-1.385498E-1	1.755676E+0	7.053833E+0
91.3438	-8.514404E-2	-1.333618E-1	1.750793E+0	7.073669E+0
91.3438	-8.392334E-2	-1.367187E-1	1.749573E+0	7.090149E+0
91.3594	-8.300781E-2	-1.245117E-1	1.744690E+0	7.112427E+0
91.375	-8.544922E-2	-1.397705E-1	1.740417E+0	7.130737E+0
91.375	-9.490967E-2	-1.333618E-1	1.738281E+0	7.149353E+0
91.3906	-9.124756E-2	-1.309204E-1	1.734314E+0	7.170410E+0
91.4063	-7.415771E-2	-1.095581E-1	1.730957E+0	7.189636E+0
91.4063	-8.422852E-2	-1.385498E-1	1.727905E+0	7.208557E+0
91.4219	-8.453369E-2	-1.351929E-1	1.723938E+0	7.229919E+0
91.4375	-8.575439E-2	-1.416016E-1	1.719971E+0	7.248230E+0
91.4375	-8.605957E-2	-1.309204E-1	1.717224E+0	7.266235E+0
91.4531	-8.117676E-2	-1.385498E-1	1.713257E+0	7.287903E+0
91.4688	-8.758545E-2	-1.388550E-1	1.709290E+0	7.307129E+0
91.4688	-8.422852E-2	-1.342773E-1	1.707153E+0	7.325134E+0
91.4844	-8.331299E-2	-1.272583E-1	1.703186E+0	7.347107E+0
91.5	-9.307861E-2	-1.284790E-1	1.698914E+0	7.367554E+0
91.5	-8.117676E-2	-1.376343E-1	1.696472E+0	7.384949E+0
91.5156	-9.338379E-2	-1.348877E-1	1.692505E+0	7.405396E+0
91.5156	-8.728027E-2	-1.339722E-1	1.689148E+0	7.422791E+0
91.5313	-8.575439E-2	-1.400757E-1	1.686096E+0	7.444458E+0
91.5469	-8.300781E-2	-1.272583E-1	1.682434E+0	7.463989E+0
91.5469	-8.636475E-2	-1.324463E-1	1.677856E+0	7.483215E+0
91.5625	-7.843018E-2	-1.339722E-1	1.675415E+0	7.500916E+0
91.5781	-8.483887E-2	-1.321411E-1	1.672058E+0	7.523193E+0
91.5781	-8.117676E-2	-1.397705E-1	1.667480E+0	7.542114E+0
91.5938	-8.361816E-2	-1.312256E-1	1.665649E+0	7.559204E+0
91.6094	-9.338379E-2	-1.345825E-1	1.661072E+0	7.581482E+0
91.6094	-7.904053E-2	-1.409912E-1	1.657715E+0	7.599792E+0
91.625	-8.666992E-2	-1.324463E-1	1.655273E+0	7.619324E+0
91.625	-8.300781E-2	-1.263428E-1	1.651001E+0	7.639771E+0
91.6406	-9.002686E-2	-1.251221E-1	1.647339E+0	7.658691E+0
91.6563	-8.209229E-2	-1.373291E-1	1.644897E+0	7.677612E+0
91.6563	-8.209229E-2	-1.327515E-1	1.640625E+0	7.697754E+0
91.6719	-8.026123E-2	-1.382446E-1	1.636658E+0	7.716980E+0
91.6719	-8.453369E-2	-1.260376E-1	1.634827E+0	7.734680E+0
91.6875	-8.819580E-2	-1.330566E-1	1.630554E+0	7.757568E+0
91.7031	-8.911133E-2	-1.385498E-1	1.626282E+0	7.775269E+0
91.7031	-8.605957E-2	-1.296997E-1	1.624756E+0	7.793579E+0
91.7188	-8.850098E-2	-1.208496E-1	1.619568E+0	7.815552E+0
91.7344	-8.819580E-2	-1.293945E-1	1.616516E+0	7.833862E+0
91.7344	-8.331299E-2	-1.364136E-1	1.602478E+0	7.852478E+0
91.75	-7.995605E-2	-1.278687E-1	1.491394E+0	7.854614E+0
91.7656	-8.026123E-2	-1.220703E-1	1.357422E+0	7.853699E+0
91.7656	-7.965088E-2	-1.226807E-1	1.297913E+0	7.853394E+0
91.7813	-7.965088E-2	-1.129150E-1	1.170959E+0	7.853394E+0
91.7969	-7.690430E-2	-1.177979E-1	1.057129E+0	7.853699E+0
91.7969	-7.843018E-2	-1.138306E-1	9.979248E-1	7.853394E+0
91.8125	-8.422852E-2	-1.107788E-1	8.761597E-1	7.853394E+0
91.8281	-7.293701E-2	-9.826660E-2	7.745361E-1	7.852783E+0
91.8281	-7.141113E-2	-7.843018E-2	6.970215E-1	7.852783E+0
91.8438	-7.781982E-2	-1.004028E-1	5.908203E-1	7.853088E+0
91.8594	-7.537842E-2	-1.123047E-1	4.589844E-1	7.853088E+0
91.8594	-7.537842E-2	-1.107788E-1	3.988647E-1	7.853088E+0
91.875	-7.232666E-2	-1.071167E-1	2.969360E-1	7.853088E+0
91.875	-6.896973E-2	-1.055908E-1	1.733398E-1	7.852783E+0
91.8906	-7.476807E-2	-1.000977E-1	1.068115E-1	7.852173E+0
91.9063	-7.934570E-2	-9.735107E-2	8.850098E-3	7.852783E+0
91.9063	-6.835937E-2	-9.674072E-2	7.019043E-3	7.761230E+0
91.9219	-7.781982E-2	-1.049805E-1	7.629395E-3	7.667847E+0
91.9375	-7.232666E-2	-9.887695E-2	8.544922E-3	7.556458E+0
91.9375	-7.049561E-2	-9.429932E-2	9.460449E-3	7.459412E+0
91.9531	-5.523682E-2	-8.819580E-2	8.850098E-3	7.361450E+0
91.9688	-7.568359E-2	-1.037598E-1	9.765625E-3	7.254944E+0
91.9688	-6.622314E-2	-1.077271E-1	1.007080E-2	7.157593E+0
91.9844	-7.324219E-2	-1.034546E-1	9.460449E-3	7.059326E+0
92.0	-7.904053E-2	-1.028442E-1	1.068115E-2	6.953430E+0
92.0	-7.049561E-2	-1.013184E-1	1.037598E-2	6.855469E+0
92.0156	-7.995605E-2	-9.674072E-2	1.037598E-2	6.760559E+0
92.0156	-7.263184E-2	-1.065063E-1	1.007080E-2	6.652527E+0
92.0313	-8.026123E-2	-1.028442E-1	1.037598E-2	6.552734E+0
92.0469	-7.568359E-2	-1.019287E-1	9.765625E-3	6.462402E+0
92.0469	-6.835937E-2	-1.055908E-1	1.098633E-2	6.352539E+0
92.0625	-7.751465E-2	-9.887695E-2	1.068115E-2	6.250916E+0
92.0625	-6.835937E-2	-7.598877E-2	9.765625E-3	6.155090E+0
92.0781	-7.934570E-2	-9.216309E-2	9.460449E-3	6.049805E+0
92.0938	-7.049561E-2	-9.674072E-2	1.098633E-2	5.950317E+0
92.0938	-7.171631E-2	-1.043701E-1	1.068115E-2	5.854187E+0
92.1094	-7.507324E-2	-1.022339E-1	1.098633E-2	5.748291E+0
92.125	-7.385254E-2	-9.582520E-2	1.037598E-2	5.650330E+0
92.125	-7.812500E-2	-1.065063E-1	1.007080E-2	5.554504E+0
92.1406	-7.904053E-2	-1.025391E-1	1.068115E-2	5.447388E+0
92.1563	-7.415771E-2	-1.052856E-1	1.068115E-2	5.349121E+0
92.1563	-7.202148E-2	-1.043701E-1	1.037598E-2	5.249634E+0
92.1719	-7.659912E-2	-9.613037E-2	1.037598E-2	5.146179E+0
92.1875	-6.988525E-2	-9.887695E-2	1.068115E-2	5.045776E+0
92.1875	-7.019043E-2	-7.263184E-2	1.068115E-2	4.948425E+0
92.2031	-7.659912E-2	-1.055908E-1	1.037598E-2	4.844360E+0
92.2188	-7.232666E-2	-1.058960E-1	1.037598E-2	4.744263E+0
92.2188	-7.232666E-2	-1.086426E-1	1.068115E-2	4.649658E+0
92.2344	-7.354736E-2	-1.062012E-1	1.037598E-2	4.541321E+0
92.25	-7.324219E-2	-9.857178E-2	1.037598E-2	4.442139E+0
92.25	-6.866455E-2	-1.065063E-1	1.007080E-2	4.346924E+0
92.2656	-7.171631E-2	-1.058960E-1	1.068115E-2	4.239807E+0
92.2656	-7.202148E-2	-1.025391E-1	9.765625E-3	4.145813E+0
92.2813	-6.958008E-2	-1.049805E-1	1.068115E-2	4.038391E+0
92.2969	-7.263184E-2	-9.643555E-2	1.098633E-2	3.936768E+0
92.2969	-7.537842E-2	-9.704590E-2	1.037598E-2	3.845825E+0
92.3125	-7.019043E-2	-7.812500E-2	1.007080E-2	3.735962E+0
92.3281	-7.110596E-2	-1.046753E-1	1.037598E-2	3.634949E+0
92.3281	-8.239746E-2	-9.887695E-2	9.460449E-3	3.536682E+0
92.3438	-7.324219E-2	-1.004028E-1	1.007080E-2	3.433228E+0
92.3594	-7.202148E-2	-9.918213E-2	1.129150E-2	3.332214E+0
92.3594	-7.781982E-2	-1.025391E-1	1.068115E-2	3.233948E+0
92.375	-7.659912E-2	-1.000977E-1	1.037598E-2	3.130493E+0
92.375	-7.598877E-2	-1.034546E-1	1.068115E-2	3.029175E+0
92.3906	-7.873535E-2	-1.004028E-1	1.037598E-2	2.933350E+0
92.4063	-6.866455E-2	-1.089478E-1	1.098633E-2	2.827454E+0
92.4063	-6.958008E-2	-1.062012E-1	1.037598E-2	2.726746E+0
92.4219	-7.476807E-2	-1.080322E-1	9.765625E-3	2.630310E+0
92.4375	-6.927490E-2	-1.028442E-1	1.068115E-2	2.524414E+0
92.4375	-7.568359E-2	-9.796143E-2	1.007080E-2	2.425537E+0
92.4531	-6.896973E-2	-1.040649E-1	9.765625E-3	2.325439E+0
92.4688	-7.110596E-2	-1.019287E-1	1.037598E-2	2.222290E+0
92.4688	-6.958008E-2	-1.022339E-1	1.068115E-2	2.121277E+0
92.4844	-7.141113E-2	-9.368896E-2	9.765625E-3	2.023010E+0
92.5	-7.354736E-2	-1.000977E-1	1.068115E-2	1.919250E+0
92.5	-7.537842E-2	-1.052856E-1	1.129150E-2	1.819153E+0
92.5156	-6.988525E-2	-8.880615E-2	1.037598E-2	1.720886E+0
92.5156	-7.629395E-2	-9.857178E-2	1.190186E-2	1.616211E+0
92.5313	-7.232666E-2	-1.058960E-1	1.129150E-2	1.515503E+0
92.5469	-7.690430E-2	-9.124756E-2	1.098633E-2	1.421509E+0
92.5469	-6.591797E-2	-8.422852E-2	1.159668E-2	1.313171E+0
92.5625	-7.171631E-2	-1.007080E-1	1.098633E-2	1.212463E+0
92.5625	-6.835937E-2	-1.010132E-1	1.159668E-2	1.115417E+0
92.5781	-7.751465E-2	-1.046753E-1	1.068115E-2	1.010742E+0
92.5938	-7.415771E-2	-9.613037E-2	1.098633E-2	9.100342E-1
92.5938	-7.446289E-2	-1.101685E-1	1.129150E-2	8.145142E-1
92.6094	-6.774902E-2	-9.490967E-2	1.098633E-2	7.077026E-1
92.625	-7.690430E-2	-1.013184E-1	1.129150E-2	6.076050E-1
92.625	-7.080078E-2	-1.004028E-1	1.129150E-2	5.099487E-1
92.6406	-7.934570E-2	-9.582520E-2	1.098633E-2	4.046631E-1
92.6563	-7.019043E-2	-9.002686E-2	1.098633E-2	3.054810E-1
92.6563	-7.263184E-2	-9.277344E-2	1.037598E-2	2.053833E-1
92.6719	-7.110596E-2	-1.046753E-1	1.129150E-2	1.019287E-1
92.6875	-6.652832E-2	-9.552002E-2	1.129150E-2	2.746582E-3
92.6875	-7.904053E-2	-8.697510E-2	1.190186E-2	4.577637E-3
92.7031	-7.171631E-2	-8.026123E-2	1.159668E-2	6.408691E-3
92.7188	-7.873535E-2	-9.521484E-2	1.098633E-2	6.713867E-3
92.7188	-7.507324E-2	-1.000977E-1	1.190186E-2	7.019043E-3
92.7344	-7.934570E-2	-1.010132E-1	1.220703E-2	7.934570E-3
92.75	-7.537842E-2	-8.972168E-2	1.129150E-2	7.629395E-3
92.75	-7.110596E-2	-9.948730E-2	1.190186E-2	8.239746E-3
92.7656	-7.629395E-2	-8.728027E-2	1.159668E-2	7.934570E-3
92.7656	-6.835937E-2	-1.004028E-1	1.098633E-2	7.934570E-3
92.7813	-7.080078E-2	-9.552002E-2	1.159668E-2	8.239746E-3
92.7969	-6.835937E-2	-9.918213E-2	1.098633E-2	7.934570E-3
92.7969	-6.958008E-2	-1.019287E-1	1.129150E-2	8.544922E-3
92.8125	-7.049561E-2	-9.674072E-2	1.129150E-2	7.934570E-3
92.8125	-7.568359E-2	-9.185791E-2	1.129150E-2	8.239746E-3
92.8281	-7.080078E-2	-8.880615E-2	1.159668E-2	8.850098E-3
92.8438	-7.110596E-2	-9.246826E-2	1.129150E-2	7.934570E-3
92.8438	-6.652832E-2	-9.094238E-2	1.190186E-2	8.850098E-3
92.8594	-6.683350E-2	-9.399414E-2	1.159668E-2	8.239746E-3
92.875	-7.110596E-2	-9.002686E-2	1.159668E-2	8.239746E-3
92.875	-6.988525E-2	-8.728027E-2	1.190186E-2	8.239746E-3
92.8906	-7.659912E-2	-1.010132E-1	1.190186E-2	8.544922E-3
92.9063	-7.049561E-2	-1.022339E-1	1.129150E-2	7.934570E-3
92.9063	-7.537842E-2	-9.735107E-2	1.159668E-2	8.544922E-3
92.9219	-6.988525E-2	-9.277344E-2	1.220703E-2	8.239746E-3
92.9375	-7.446289E-2	-9.216309E-2	1.220703E-2	8.239746E-3
92.9375	-7.598877E-2	-9.490967E-2	1.129150E-2	8.544922E-3
92.9531	-7.476807E-2	-9.582520E-2	1.129150E-2	9.155273E-3
92.9688	-7.476807E-2	-9.857178E-2	1.129150E-2	8.850098E-3
92.9688	-7.110596E-2	-9.033203E-2	1.190186E-2	7.934570E-3
92.9844	-7.446289E-2	-1.016235E-1	1.159668E-2	8.239746E-3
93.0	-6.835937E-2	-9.765625E-2	1.190186E-2	9.155273E-3
93.0	-6.683350E-2	-9.185791E-2	1.129150E-2	8.850098E-3
93.0156	-7.385254E-2	-8.972168E-2	1.190186E-2	8.544922E-3
93.0156	-7.019043E-2	-9.368896E-2	1.190186E-2	8.850098E-3
93.0313	-6.713867E-2	-9.735107E-2	1.159668E-2	8.239746E-3
93.0469	-7.354736E-2	-9.613037E-2	1.159668E-2	8.239746E-3
93.0469	-7.202148E-2	-9.948730E-2	1.129150E-2	8.850098E-3
93.0625	-7.080078E-2	-8.666992E-2	1.159668E-2	8.239746E-3
93.0625	-7.629395E-2	-1.071167E-1	1.159668E-2	8.239746E-3
93.0781	-7.080078E-2	-1.083374E-1	1.190186E-2	8.544922E-3
93.0938	-7.659912E-2	-8.453369E-2	1.129150E-2	8.850098E-3
93.0938	-7.446289E-2	-8.697510E-2	1.129150E-2	8.850098E-3
93.1094	-6.195068E-2	-1.086426E-1	1.190186E-2	9.155273E-3
93.125	-6.988525E-2	-1.022339E-1	1.129150E-2	7.629395E-3
93.125	-5.432129E-2	-8.270264E-2	1.159668E-2	7.934570E-3
93.1406	-7.293701E-2	-1.016235E-1	1.159668E-2	7.934570E-3
93.1563	-7.324219E-2	-9.124756E-2	1.159668E-2	8.239746E-3
93.1563	-7.415771E-2	-9.277344E-2	1.220703E-2	8.239746E-3
93.1719	-6.256104E-2	-9.918213E-2	1.190186E-2	8.239746E-3
93.1875	-7.293701E-2	-9.521484E-2	1.251221E-2	8.850098E-3
93.1875	-7.232666E-2	-9.765625E-2	1.159668E-2	9.155273E-3
93.2031	-6.622314E-2	-1.034546E-1	1.190186E-2	8.544922E-3
93.2188	-6.866455E-2	-9.246826E-2	1.190186E-2	8.544922E-3
93.2188	-7.324219E-2	-9.582520E-2	1.190186E-2	7.934570E-3
93.2344	-7.659912E-2	-1.037598E-1	1.159668E-2	8.850098E-3
93.25	-6.896973E-2	-8.972168E-2	1.129150E-2	8.544922E-3
93.25	-7.476807E-2	-1.040649E-1	1.129150E-2	8.544922E-3
93.2656	-7.385254E-2	-9.338379E-2	1.159668E-2	8.239746E-3
93.2656	-7.324219E-2	-9.429932E-2	1.129150E-2	7.934570E-3
93.2813	-7.141113E-2	-1.007080E-1	1.159668E-2	8.850098E-3
93.2969	-6.927490E-2	-9.521484E-2	1.159668E-2	9.155273E-3
93.2969	-7.110596E-2	-9.582520E-2	1.129150E-2	8.239746E-3
93.3125	-7.293701E-2	-8.941650E-2	1.190186E-2	8.544922E-3
93.3125	-7.385254E-2	-9.582520E-2	1.159668E-2	8.544922E-3
93.3281	-7.507324E-2	-9.490967E-2	1.159668E-2	8.850098E-3
93.3438	-6.591797E-2	-9.765625E-2	1.159668E-2	9.155273E-3
93.3438	-7.476807E-2	-9.033203E-2	1.159668E-2	8.544922E-3
93.3594	-7.202148E-2	-9.674072E-2	1.159668E-2	8.239746E-3
93.375	-7.659912E-2	-9.826660E-2	1.129150E-2	8.239746E-3
93.375	-7.263184E-2	-9.429932E-2	1.159668E-2	8.850098E-3
93.3906	-6.774902E-2	-9.765625E-2	1.159668E-2	8.544922E-3
93.4063	-7.324219E-2	-9.796143E-2	1.129150E-2	8.544922E-3
93.4063	-6.866455E-2	-1.000977E-1	1.129150E-2	9.155273E-3
93.4219	-8.056641E-2	-8.544922E-2	1.159668E-2	8.850098E-3
93.4375	-7.537842E-2	-9.368896E-2	1.159668E-2	8.544922E-3
93.4375	-6.500244E-2	-1.028442E-1	1.159668E-2	8.850098E-3
93.4531	-6.927490E-2	-1.068115E-1	1.098633E-2	8.544922E-3
93.4688	-7.843018E-2	-8.544922E-2	1.129150E-2	8.850098E-3
93.4688	-7.720947E-2	-1.065063E-1	1.190186E-2	8.850098E-3
93.4844	-7.171631E-2	-1.019287E-1	1.190186E-2	8.544922E-3
93.5	-7.873535E-2	-8.850098E-2	1.190186E-2	8.850098E-3
93.5	-7.659912E-2	-9.948730E-2	1.159668E-2	8.239746E-3
93.5156	-6.835937E-2	-9.490967E-2	1.098633E-2	8.544922E-3
93.5156	-7.659912E-2	-9.918213E-2	1.159668E-2	8.850098E-3
93.5313	-7.049561E-2	-9.460449E-2	1.159668E-2	8.544922E-3
93.5469	-6.988525E-2	-9.857178E-2	1.190186E-2	8.239746E-3
93.5469	-7.049561E-2	-9.826660E-2	1.129150E-2	8.850098E-3
93.5625	-7.720947E-2	-9.338379E-2	1.159668E-2	8.544922E-3
93.5781	-6.958008E-2	-1.004028E-1	1.129150E-2	8.544922E-3
93.5781	-8.148193E-2	-1.052856E-1	1.159668E-2	8.544922E-3
93.5938	-6.103516E-2	-8.117676E-2	1.220703E-2	8.544922E-3
93.6094	-7.659912E-2	-1.052856E-1	1.129150E-2	9.155273E-3
93.6094	-5.798340E-2	-9.857178E-2	1.159668E-2	8.544922E-3
93.625	-7.385254E-2	-8.056641E-2	1.159668E-2	7.934570E-3
93.625	-7.537842E-2	-9.765625E-2	1.129150E-2	7.934570E-3
93.6406	-6.805420E-2	-9.124756E-2	1.159668E-2	8.850098E-3
93.6563	-7.049561E-2	-9.918213E-2	1.159668E-2	8.239746E-3
93.6563	-7.659912E-2	-9.246826E-2	1.129150E-2	9.155273E-3
93.6719	-7.568359E-2	-9.460449E-2	1.129150E-2	8.544922E-3
93.6719	-7.019043E-2	-9.765625E-2	1.159668E-2	8.850098E-3
93.6875	-7.171631E-2	-9.613037E-2	1.190186E-2	8.544922E-3
93.7031	-7.202148E-2	-9.155273E-2	1.129150E-2	8.544922E-3
93.7031	-6.774902E-2	-1.019287E-1	1.190186E-2	8.544922E-3
93.7188	-6.805420E-2	-9.216309E-2	1.190186E-2	8.850098E-3
93.7344	-7.995605E-2	-8.789062E-2	1.129150E-2	8.850098E-3
93.7344	-6.500244E-2	-8.819580E-2	1.159668E-2	8.544922E-3
93.75	-7.049561E-2	-9.887695E-2	1.190186E-2	8.850098E-3
93.7656	-7.049561E-2	-9.216309E-2	1.098633E-2	8.850098E-3
93.7656	-7.110596E-2	-1.037598E-1	1.129150E-2	8.544922E-3
