June 02, 2009 16:35
529b02
H:\20090602-sws10-sls\LS_p33_d80_vp20_vd20.traj
lateral amplification = 100
normal amp = 100
pitch angle = -15
roll angle = 294
cantilever = 529b02
<data>
time	voltageForceLateral	voltageForceNormal	voltagePositionX	voltagePositionY
61.1406	-5.920410E-2	-8.270264E-2	1.190186E-2	8.544922E-3
61.1562	-6.530762E-2	-8.544922E-2	1.129150E-2	8.544922E-3
61.1562	-6.225586E-2	-8.300781E-2	1.159668E-2	8.850098E-3
61.1718	-6.500244E-2	-8.209229E-2	1.129150E-2	8.544922E-3
61.1875	-5.798340E-2	-7.965088E-2	1.159668E-2	8.544922E-3
61.1875	-6.195068E-2	-8.880615E-2	1.159668E-2	8.850098E-3
61.2031	-6.622314E-2	-8.544922E-2	1.129150E-2	8.544922E-3
61.2031	-5.645752E-2	-7.904053E-2	1.190186E-2	8.544922E-3
61.2187	-6.866455E-2	-9.124756E-2	1.159668E-2	9.460449E-3
61.2343	-5.126953E-2	-8.117676E-2	1.190186E-2	8.544922E-3
61.2343	-6.378174E-2	-8.880615E-2	1.159668E-2	8.850098E-3
61.25	-5.737305E-2	-8.178711E-2	1.159668E-2	8.239746E-3
61.2656	-5.950928E-2	-7.965088E-2	1.159668E-2	8.850098E-3
61.2656	-5.950928E-2	-8.544922E-2	1.129150E-2	8.544922E-3
61.2812	-5.981445E-2	-7.965088E-2	1.190186E-2	8.850098E-3
61.2968	-5.615234E-2	-8.514404E-2	1.129150E-2	7.934570E-3
61.2968	-6.500244E-2	-8.117676E-2	1.190186E-2	9.155273E-3
61.3125	-6.683350E-2	-9.185791E-2	1.159668E-2	8.850098E-3
61.3281	-6.469727E-2	-8.697510E-2	1.098633E-2	8.544922E-3
61.3281	-6.134033E-2	-7.873535E-2	1.159668E-2	8.544922E-3
61.3437	-6.469727E-2	-7.720947E-2	1.129150E-2	9.155273E-3
61.3593	-5.645752E-2	-9.185791E-2	1.129150E-2	7.934570E-3
61.3593	-6.774902E-2	-8.941650E-2	1.129150E-2	8.544922E-3
61.375	-6.378174E-2	-7.843018E-2	1.159668E-2	8.850098E-3
61.3906	-5.981445E-2	-8.056641E-2	1.220703E-2	9.155273E-3
61.3906	-6.408691E-2	-9.033203E-2	1.190186E-2	9.155273E-3
61.4062	-6.225586E-2	-7.476807E-2	1.159668E-2	8.239746E-3
61.4062	-6.439209E-2	-7.751465E-2	1.190186E-2	8.850098E-3
61.4218	-6.011963E-2	-7.141113E-2	1.190186E-2	8.239746E-3
61.4375	-6.072998E-2	-8.422852E-2	1.129150E-2	8.850098E-3
61.4375	-6.805420E-2	-8.392334E-2	1.190186E-2	8.544922E-3
61.4531	-5.798340E-2	-7.934570E-2	1.098633E-2	8.544922E-3
61.4687	-6.042480E-2	-9.185791E-2	1.098633E-2	8.850098E-3
61.4687	-5.371094E-2	-7.781982E-2	1.159668E-2	8.544922E-3
61.4843	-5.187988E-2	-8.331299E-2	1.159668E-2	8.544922E-3
61.5	-6.652832E-2	-8.850098E-2	1.220703E-2	8.850098E-3
61.5	-6.408691E-2	-8.178711E-2	1.159668E-2	8.239746E-3
61.5156	-6.317139E-2	-8.728027E-2	1.190186E-2	9.460449E-3
61.5156	-4.791260E-2	-7.537842E-2	1.159668E-2	9.155273E-3
61.5312	-6.683350E-2	-8.941650E-2	1.220703E-2	7.934570E-3
61.5468	-6.530762E-2	-9.552002E-2	1.220703E-2	8.239746E-3
61.5468	-6.042480E-2	-7.446289E-2	1.129150E-2	9.460449E-3
61.5625	-6.347656E-2	-9.216309E-2	1.190186E-2	8.850098E-3
61.5625	-5.432129E-2	-8.483887E-2	1.159668E-2	9.155273E-3
61.5781	-7.080078E-2	-8.056641E-2	1.190186E-2	8.850098E-3
61.5937	-6.378174E-2	-9.643555E-2	1.190186E-2	8.544922E-3
61.5937	-5.767822E-2	-7.904053E-2	1.098633E-2	9.155273E-3
61.6093	-6.164551E-2	-6.988525E-2	1.220703E-2	8.239746E-3
61.625	-4.882812E-2	-7.659912E-2	1.190186E-2	8.850098E-3
61.625	-5.798340E-2	-7.781982E-2	1.190186E-2	8.544922E-3
61.6406	-6.256104E-2	-9.674072E-2	1.129150E-2	8.544922E-3
61.6562	-7.019043E-2	-8.483887E-2	1.159668E-2	8.850098E-3
61.6562	-5.889893E-2	-9.124756E-2	1.190186E-2	8.850098E-3
61.6718	-5.828857E-2	-7.263184E-2	1.129150E-2	8.544922E-3
61.6875	-5.340576E-2	-6.988525E-2	1.220703E-2	8.544922E-3
61.6875	-5.523682E-2	-7.354736E-2	1.190186E-2	9.155273E-3
61.7031	-5.859375E-2	-7.324219E-2	1.159668E-2	8.850098E-3
61.7187	-6.622314E-2	-8.789062E-2	1.190186E-2	8.544922E-3
61.7187	-6.927490E-2	-7.324219E-2	1.190186E-2	8.544922E-3
61.7343	-6.011963E-2	-7.476807E-2	1.190186E-2	7.629395E-3
61.75	-5.920410E-2	-8.636475E-2	1.159668E-2	9.155273E-3
61.75	-6.225586E-2	-7.598877E-2	1.129150E-2	9.155273E-3
61.7656	-5.828857E-2	-7.812500E-2	1.190186E-2	9.460449E-3
61.7656	-5.371094E-2	-7.873535E-2	1.281738E-2	8.850098E-3
61.7812	-5.523682E-2	-7.324219E-2	1.190186E-2	8.239746E-3
61.7968	-5.462646E-2	-8.850098E-2	1.190186E-2	9.155273E-3
61.7968	-6.042480E-2	-9.277344E-2	1.220703E-2	9.155273E-3
61.8125	-5.554199E-2	-9.033203E-2	1.159668E-2	8.544922E-3
61.8281	-5.279541E-2	-7.843018E-2	1.190186E-2	9.155273E-3
61.8281	-5.981445E-2	-8.544922E-2	1.129150E-2	8.544922E-3
61.8437	-5.859375E-2	-7.995605E-2	1.190186E-2	8.544922E-3
61.8593	-5.798340E-2	-7.415771E-2	1.159668E-2	8.850098E-3
61.8593	-5.096436E-2	-7.446289E-2	1.159668E-2	8.239746E-3
61.875	-5.279541E-2	-7.598877E-2	1.129150E-2	8.850098E-3
61.875	-6.439209E-2	-8.758545E-2	1.159668E-2	9.460449E-3
61.8906	-6.042480E-2	-8.392334E-2	1.159668E-2	8.239746E-3
61.9062	-6.103516E-2	-7.904053E-2	1.129150E-2	8.850098E-3
61.9062	-6.866455E-2	-9.185791E-2	1.129150E-2	8.544922E-3
61.9218	-6.195068E-2	-7.263184E-2	1.129150E-2	8.544922E-3
61.9375	-5.645752E-2	-7.324219E-2	1.129150E-2	8.239746E-3
61.9375	-6.408691E-2	-8.178711E-2	1.190186E-2	8.239746E-3
61.9531	-5.950928E-2	-9.674072E-2	1.190186E-2	8.239746E-3
61.9531	-6.927490E-2	-9.826660E-2	1.159668E-2	9.155273E-3
61.9687	-6.469727E-2	-8.728027E-2	1.159668E-2	8.544922E-3
61.9843	-4.974365E-2	-7.934570E-2	1.129150E-2	8.850098E-3
61.9843	-5.340576E-2	-7.415771E-2	1.159668E-2	8.544922E-3
62.0	-6.439209E-2	-9.277344E-2	1.190186E-2	8.850098E-3
62.0156	-6.774902E-2	-9.613037E-2	1.190186E-2	8.544922E-3
62.0156	-5.523682E-2	-7.904053E-2	1.159668E-2	8.544922E-3
62.0312	-5.615234E-2	-7.629395E-2	1.159668E-2	8.544922E-3
62.0468	-5.401611E-2	-8.758545E-2	1.190186E-2	8.850098E-3
62.0468	-6.958008E-2	-9.246826E-2	1.159668E-2	9.155273E-3
62.0625	-6.378174E-2	-9.429932E-2	1.159668E-2	8.239746E-3
62.0781	-5.859375E-2	-7.537842E-2	1.159668E-2	8.850098E-3
62.0781	-6.652832E-2	-8.728027E-2	1.159668E-2	7.934570E-3
62.0937	-5.645752E-2	-7.293701E-2	1.159668E-2	8.850098E-3
62.1093	-5.126953E-2	-7.751465E-2	1.922607E-2	8.544922E-3
62.1093	-6.195068E-2	-8.941650E-2	3.173828E-2	8.850098E-3
62.125	-6.072998E-2	-8.178711E-2	5.676270E-2	9.460449E-3
62.1406	-5.737305E-2	-8.117676E-2	8.026123E-2	7.934570E-3
62.1406	-5.920410E-2	-9.063721E-2	9.277344E-2	8.544922E-3
62.1562	-5.187988E-2	-7.965088E-2	1.171875E-1	8.544922E-3
62.1562	-5.950928E-2	-9.552002E-2	1.382446E-1	8.544922E-3
62.1718	-5.340576E-2	-7.720947E-2	1.525879E-1	8.850098E-3
62.1875	-5.950928E-2	-7.720947E-2	1.770020E-1	8.850098E-3
62.1875	-6.927490E-2	-9.338379E-2	2.005005E-1	8.239746E-3
62.2031	-5.920410E-2	-8.148193E-2	2.130127E-1	8.239746E-3
62.2187	-6.347656E-2	-8.911133E-2	2.383423E-1	8.850098E-3
62.2187	-5.950928E-2	-9.216309E-2	2.609253E-1	8.850098E-3
62.2343	-6.713867E-2	-9.948730E-2	2.728271E-1	9.155273E-3
62.25	-6.378174E-2	-8.880615E-2	2.954102E-1	9.155273E-3
62.25	-6.988525E-2	-9.796143E-2	3.198242E-1	8.239746E-3
62.2656	-6.378174E-2	-1.025391E-1	3.329468E-1	8.850098E-3
62.2656	-6.072998E-2	-8.819580E-2	3.564453E-1	8.544922E-3
62.2812	-6.896973E-2	-9.277344E-2	3.729248E-1	8.544922E-3
62.2968	-5.645752E-2	-7.934570E-2	3.936768E-1	8.850098E-3
62.2968	-6.439209E-2	-8.666992E-2	4.125977E-1	9.765625E-3
62.3125	-5.218506E-2	-8.300781E-2	4.324341E-1	9.155273E-3
62.3281	-5.859375E-2	-8.544922E-2	4.592896E-1	8.239746E-3
62.3281	-6.011963E-2	-8.544922E-2	4.718018E-1	8.544922E-3
62.3437	-6.164551E-2	-9.552002E-2	4.937744E-1	8.544922E-3
62.3593	-7.110596E-2	-9.979248E-2	5.187988E-1	8.850098E-3
62.3593	-7.354736E-2	-1.068115E-1	5.319214E-1	8.544922E-3
62.375	-7.232666E-2	-1.019287E-1	5.566406E-1	8.544922E-3
62.3906	-5.340576E-2	-8.758545E-2	5.792236E-1	8.544922E-3
62.3906	-6.256104E-2	-8.422852E-2	5.920410E-1	7.934570E-3
62.4062	-7.293701E-2	-8.941650E-2	6.158447E-1	8.544922E-3
62.4062	-6.347656E-2	-9.796143E-2	6.362915E-1	8.544922E-3
62.4218	-6.134033E-2	-9.857178E-2	6.515503E-1	9.155273E-3
62.4375	-6.958008E-2	-1.077271E-1	6.756592E-1	8.544922E-3
62.4375	-5.859375E-2	-9.246826E-2	6.988525E-1	8.544922E-3
62.4531	-6.591797E-2	-1.058960E-1	7.113647E-1	8.850098E-3
62.4687	-6.439209E-2	-9.338379E-2	7.360840E-1	8.544922E-3
62.4687	-6.225586E-2	-8.483887E-2	7.595825E-1	7.934570E-3
62.4843	-7.720947E-2	-1.034546E-1	7.708740E-1	8.239746E-3
62.5	-7.171631E-2	-1.080322E-1	7.928467E-1	8.239746E-3
62.5	-6.347656E-2	-9.002686E-2	8.178711E-1	8.544922E-3
62.5156	-6.652832E-2	-9.429932E-2	8.306885E-1	8.544922E-3
62.5156	-6.652832E-2	-1.028442E-1	8.547974E-1	8.544922E-3
62.5312	-6.835937E-2	-1.110840E-1	8.703613E-1	8.850098E-3
62.5468	-6.011963E-2	-9.246826E-2	8.905029E-1	9.460449E-3
62.5468	-6.683350E-2	-1.025391E-1	9.100342E-1	8.239746E-3
62.5625	-7.263184E-2	-9.490967E-2	9.378052E-1	8.850098E-3
62.5625	-6.896973E-2	-9.552002E-2	9.503174E-1	8.850098E-3
62.5781	-7.232666E-2	-9.124756E-2	9.750366E-1	8.850098E-3
62.5937	-7.080078E-2	-9.765625E-2	9.973145E-1	9.155273E-3
62.5937	-6.469727E-2	-9.613037E-2	1.010132E+0	9.155273E-3
62.6093	-6.713867E-2	-9.735107E-2	1.034241E+0	8.544922E-3
62.625	-7.415771E-2	-1.034546E-1	1.054077E+0	8.239746E-3
62.625	-5.950928E-2	-9.552002E-2	1.069336E+0	9.155273E-3
62.6406	-7.720947E-2	-1.113892E-1	1.094055E+0	8.850098E-3
62.6562	-6.500244E-2	-1.116943E-1	1.117554E+0	8.850098E-3
62.6562	-6.866455E-2	-1.110840E-1	1.129761E+0	8.850098E-3
62.6718	-7.232666E-2	-1.065063E-1	1.151428E+0	8.850098E-3
62.6875	-6.927490E-2	-9.765625E-2	1.176758E+0	9.155273E-3
62.6875	-6.530762E-2	-1.013184E-1	1.188965E+0	8.850098E-3
62.7031	-6.317139E-2	-1.095581E-1	1.211243E+0	9.155273E-3
62.7187	-7.080078E-2	-1.177979E-1	1.236267E+0	8.544922E-3
62.7187	-6.591797E-2	-1.123047E-1	1.248779E+0	8.850098E-3
62.7343	-6.652832E-2	-1.089478E-1	1.272888E+0	8.850098E-3
62.75	-6.988525E-2	-1.107788E-1	1.293030E+0	8.850098E-3
62.75	-6.835937E-2	-1.083374E-1	1.309204E+0	8.850098E-3
62.7656	-7.995605E-2	-1.184082E-1	1.329956E+0	8.544922E-3
62.7656	-6.500244E-2	-1.138306E-1	1.355286E+0	8.239746E-3
62.7812	-7.263184E-2	-1.214600E-1	1.368713E+0	9.155273E-3
62.7968	-6.256104E-2	-1.049805E-1	1.393738E+0	8.850098E-3
62.7968	-7.659912E-2	-1.086426E-1	1.415100E+0	8.850098E-3
62.8125	-7.019043E-2	-1.022339E-1	1.428223E+0	8.850098E-3
62.8281	-7.415771E-2	-1.171875E-1	1.452637E+0	9.155273E-3
62.8281	-6.744385E-2	-1.052856E-1	1.471863E+0	8.544922E-3
62.8437	-6.805420E-2	-1.068115E-1	1.487732E+0	8.850098E-3
62.8593	-6.896973E-2	-1.052856E-1	1.510010E+0	8.544922E-3
62.8593	-7.598877E-2	-1.177979E-1	1.534729E+0	8.544922E-3
62.875	-6.744385E-2	-1.040649E-1	1.547546E+0	9.155273E-3
62.875	-6.378174E-2	-1.080322E-1	1.569214E+0	8.544922E-3
62.8906	-6.744385E-2	-1.147461E-1	1.595459E+0	8.850098E-3
62.9062	-6.927490E-2	-1.089478E-1	1.606750E+0	8.544922E-3
62.9062	-6.866455E-2	-1.193237E-1	1.632690E+0	8.544922E-3
62.9218	-7.019043E-2	-1.110840E-1	1.654663E+0	8.544922E-3
62.9375	-7.354736E-2	-1.254272E-1	1.667175E+0	8.850098E-3
62.9375	-6.774902E-2	-1.156616E-1	1.691895E+0	8.850098E-3
62.9531	-7.293701E-2	-1.260376E-1	1.711121E+0	8.850098E-3
62.9531	-7.446289E-2	-1.062012E-1	1.726990E+0	8.544922E-3
62.9687	-7.202148E-2	-1.220703E-1	1.750793E+0	8.850098E-3
62.9843	-8.270264E-2	-1.208496E-1	1.774597E+0	8.239746E-3
62.9843	-7.202148E-2	-1.123047E-1	1.787109E+0	9.155273E-3
63.0	-7.080078E-2	-1.135254E-1	1.812134E+0	8.239746E-3
63.0156	-7.293701E-2	-1.217651E-1	1.834717E+0	8.850098E-3
63.0156	-6.835937E-2	-1.181030E-1	1.846008E+0	8.850098E-3
63.0312	-7.232666E-2	-1.104736E-1	1.870422E+0	8.239746E-3
63.0468	-7.080078E-2	-1.181030E-1	1.891785E+0	9.155273E-3
63.0468	-6.408691E-2	-1.214600E-1	1.910095E+0	9.460449E-3
63.0625	-7.537842E-2	-1.318359E-1	1.925964E+0	8.850098E-3
63.0781	-7.232666E-2	-1.193237E-1	1.947937E+0	8.850098E-3
63.0781	-8.209229E-2	-1.354980E-1	1.969910E+0	8.850098E-3
63.0937	-7.843018E-2	-1.278687E-1	1.985779E+0	9.155273E-3
63.1093	-8.117676E-2	-1.370239E-1	2.007446E+0	8.239746E-3
63.1093	-7.995605E-2	-1.312256E-1	2.033386E+0	8.850098E-3
63.125	-7.141113E-2	-1.242065E-1	2.045593E+0	8.544922E-3
63.125	-7.873535E-2	-1.330566E-1	2.067566E+0	8.544922E-3
63.1406	-7.965088E-2	-1.266479E-1	2.092590E+0	8.544922E-3
63.1562	-7.720947E-2	-1.290894E-1	2.104797E+0	9.155273E-3
63.1562	-7.781982E-2	-1.361084E-1	2.129517E+0	7.934570E-3
63.1718	-7.324219E-2	-1.345825E-1	2.152100E+0	9.460449E-3
63.1875	-7.232666E-2	-1.312256E-1	2.165222E+0	8.544922E-3
63.1875	-7.476807E-2	-1.324463E-1	2.188416E+0	8.544922E-3
63.2031	-7.751465E-2	-1.312256E-1	2.208862E+0	8.850098E-3
63.2031	-8.087158E-2	-1.281738E-1	2.223511E+0	8.544922E-3
63.2187	-8.056641E-2	-1.406860E-1	2.248230E+0	8.544922E-3
63.2343	-8.056641E-2	-1.269531E-1	2.271423E+0	8.544922E-3
63.2343	-7.293701E-2	-1.394653E-1	2.284241E+0	8.850098E-3
63.25	-7.690430E-2	-1.333618E-1	2.308960E+0	8.850098E-3
63.2656	-8.056641E-2	-1.431274E-1	2.331848E+0	8.544922E-3
63.2656	-8.148193E-2	-1.416016E-1	2.344666E+0	8.544922E-3
63.2812	-8.544922E-2	-1.379395E-1	2.368774E+0	8.850098E-3
63.2968	-7.843018E-2	-1.516724E-1	2.381592E+0	8.850098E-3
63.2968	-7.690430E-2	-1.504517E-1	2.401123E+0	8.544922E-3
63.3125	-8.758545E-2	-1.461792E-1	2.423096E+0	9.155273E-3
63.3281	-8.605957E-2	-1.583862E-1	2.450562E+0	8.544922E-3
63.3281	-8.666992E-2	-1.507568E-1	2.463379E+0	9.155273E-3
63.3437	-9.613037E-2	-1.889038E-1	2.484741E+0	8.544922E-3
63.3593	-9.368896E-2	-1.690674E-1	2.509766E+0	8.544922E-3
63.3593	-9.735107E-2	-1.364136E-1	2.522888E+0	8.850098E-3
63.375	-8.544922E-2	-1.086426E-1	2.547607E+0	9.155273E-3
63.3906	-8.361816E-2	-7.049561E-2	2.570190E+0	8.850098E-3
63.3906	-8.178711E-2	-4.821777E-2	2.582397E+0	8.239746E-3
63.4062	-8.483887E-2	-1.586914E-2	2.606506E+0	8.544922E-3
63.4062	-7.934570E-2	1.281738E-2	2.626648E+0	9.155273E-3
63.4218	-7.598877E-2	4.089355E-2	2.642517E+0	8.239746E-3
63.4375	-8.331299E-2	8.087158E-2	2.663879E+0	8.850098E-3
63.4375	-7.629395E-2	1.083374E-1	2.690735E+0	8.850098E-3
63.4531	-7.080078E-2	1.431274E-1	2.702026E+0	8.544922E-3
63.4687	-7.324219E-2	1.736450E-1	2.727051E+0	8.850098E-3
63.4687	-6.347656E-2	2.050781E-1	2.749329E+0	9.155273E-3
63.4843	-7.324219E-2	2.172852E-1	2.761536E+0	7.934570E-3
63.5	-6.744385E-2	2.593994E-1	2.784119E+0	8.544922E-3
63.5	-6.347656E-2	3.112793E-1	2.808838E+0	8.544922E-3
63.5156	-6.500244E-2	3.262329E-1	2.821350E+0	8.239746E-3
63.5156	-6.225586E-2	3.671265E-1	2.845154E+0	8.239746E-3
63.5312	-6.744385E-2	3.839111E-1	2.861938E+0	8.544922E-3
63.5468	-5.950928E-2	4.217529E-1	2.880859E+0	8.850098E-3
63.5468	-6.469727E-2	4.531860E-1	2.901306E+0	8.239746E-3
63.5625	-4.669189E-2	4.953003E-1	2.928162E+0	9.460449E-3
63.5625	-4.852295E-2	5.160522E-1	2.940979E+0	8.239746E-3
63.5781	-5.035400E-2	5.535889E-1	2.965088E+0	9.155273E-3
63.5937	-5.432129E-2	5.935669E-1	2.987976E+0	8.544922E-3
63.5937	-5.157471E-2	6.118774E-1	2.999878E+0	8.850098E-3
63.6093	-4.394531E-2	6.518555E-1	3.023987E+0	8.850098E-3
63.625	-4.638672E-2	6.936646E-1	3.043518E+0	9.460449E-3
63.625	-4.577637E-2	7.141113E-1	3.059998E+0	9.155273E-3
63.6406	-3.936768E-2	7.479858E-1	3.081665E+0	8.544922E-3
63.6562	-4.577637E-2	7.980347E-1	3.107605E+0	8.544922E-3
63.6562	-4.638672E-2	8.245850E-1	3.120117E+0	8.850098E-3
63.6718	-3.417969E-2	8.517456E-1	3.141479E+0	9.460449E-3
63.6875	-3.601074E-2	8.813477E-1	3.166809E+0	8.544922E-3
63.6875	-4.211426E-2	9.069824E-1	3.179321E+0	8.850098E-3
63.7031	-4.302979E-2	9.393311E-1	3.201599E+0	8.544922E-3
63.7187	-3.265381E-2	9.915161E-1	3.226624E+0	9.155273E-3
63.7187	-3.631592E-2	1.005859E+0	3.239746E+0	9.155273E-3
63.7343	-3.112793E-2	1.044312E+0	3.262939E+0	8.850098E-3
63.75	-4.058838E-2	1.070862E+0	3.283081E+0	9.155273E-3
63.75	-3.540039E-2	1.092529E+0	3.295898E+0	9.155273E-3
63.7656	-3.753662E-2	1.102905E+0	3.293152E+0	2.868652E-2
63.7656	-3.845215E-2	1.085815E+0	3.289490E+0	4.791260E-2
63.7812	-4.455566E-2	1.082153E+0	3.287964E+0	6.683350E-2
63.7968	-4.730225E-2	1.076355E+0	3.284912E+0	8.697510E-2
63.7968	-5.187988E-2	1.073914E+0	3.282166E+0	1.065063E-1
63.8125	-5.187988E-2	1.059265E+0	3.279724E+0	1.263428E-1
63.8281	-5.554199E-2	1.060486E+0	3.277588E+0	1.480103E-1
63.8281	-6.530762E-2	1.057434E+0	3.275146E+0	1.666260E-1
63.8437	-6.225586E-2	1.047668E+0	3.272705E+0	1.870728E-1
63.8593	-6.378174E-2	1.037598E+0	3.270569E+0	2.072144E-1
63.8593	-7.568359E-2	1.044312E+0	3.266907E+0	2.255249E-1
63.875	-7.812500E-2	1.018677E+0	3.266296E+0	2.456665E-1
63.875	-7.202148E-2	1.040344E+0	3.262329E+0	2.661133E-1
63.8906	-8.300781E-2	1.012573E+0	3.259583E+0	2.868652E-1
63.9062	-8.453369E-2	1.006470E+0	3.257751E+0	3.045654E-1
63.9062	-8.392334E-2	1.003418E+0	3.255615E+0	3.271484E-1
63.9218	-9.368896E-2	9.936523E-1	3.252869E+0	3.457642E-1
63.9375	-9.826660E-2	9.948730E-1	3.251038E+0	3.643799E-1
63.9375	-1.083374E-1	9.567261E-1	3.248291E+0	3.857422E-1
63.9531	-1.077271E-1	9.790039E-1	3.245544E+0	4.046631E-1
63.9531	-1.110840E-1	9.573364E-1	3.244019E+0	4.244995E-1
63.9687	-1.065063E-1	9.658813E-1	3.240662E+0	4.458618E-1
63.9843	-1.193237E-1	9.445190E-1	3.238220E+0	4.650879E-1
63.9843	-1.162720E-1	9.384155E-1	3.236389E+0	4.843140E-1
64.0	-1.284790E-1	9.259033E-1	3.233337E+0	5.047607E-1
64.0156	-1.364136E-1	9.097290E-1	3.230591E+0	5.239868E-1
64.0156	-1.287842E-1	9.213257E-1	3.229065E+0	5.429077E-1
64.0312	-1.351929E-1	9.048462E-1	3.225708E+0	5.648804E-1
64.0468	-1.419067E-1	8.911133E-1	3.224487E+0	5.838013E-1
64.0468	-1.400757E-1	8.914185E-1	3.222046E+0	6.024170E-1
64.0625	-1.535034E-1	8.636475E-1	3.218689E+0	6.231689E-1
64.0781	-1.516724E-1	8.724976E-1	3.215942E+0	6.436157E-1
64.0781	-1.562500E-1	8.599854E-1	3.215332E+0	6.622314E-1
64.0937	-1.657104E-1	8.386230E-1	3.211975E+0	6.835937E-1
64.1093	-1.675415E-1	8.377075E-1	3.208923E+0	7.034302E-1
64.1093	-1.791382E-1	8.261108E-1	3.206787E+0	7.217407E-1
64.125	-1.791382E-1	8.209229E-1	3.204346E+0	7.431030E-1
64.1406	-1.858521E-1	8.016968E-1	3.200989E+0	7.623291E-1
64.1406	-1.959229E-1	7.992554E-1	3.199463E+0	7.812500E-1
64.1562	-1.968384E-1	7.879639E-1	3.197327E+0	8.023071E-1
64.1562	-1.950073E-1	7.733154E-1	3.194275E+0	8.224487E-1
64.1718	-2.099609E-1	7.760620E-1	3.192444E+0	8.416748E-1
64.1875	-2.062988E-1	7.589722E-1	3.189392E+0	8.624268E-1
64.1875	-2.212524E-1	7.446289E-1	3.186646E+0	8.816528E-1
64.2031	-2.255249E-1	7.324219E-1	3.184814E+0	9.005737E-1
64.2187	-2.243042E-1	7.284546E-1	3.181763E+0	9.216309E-1
64.2187	-2.362061E-1	7.138062E-1	3.179321E+0	9.408569E-1
64.2343	-2.392578E-1	6.961060E-1	3.178101E+0	9.594727E-1
64.25	-2.410889E-1	7.034302E-1	3.175964E+0	9.814453E-1
64.25	-2.532959E-1	6.707764E-1	3.172302E+0	1.000977E+0
64.2656	-2.606201E-1	6.723022E-1	3.171387E+0	1.018066E+0
64.2656	-2.648926E-1	6.628418E-1	3.167419E+0	1.040649E+0
64.2812	-2.719116E-1	6.442261E-1	3.166504E+0	1.058655E+0
64.2968	-2.761841E-1	6.271362E-1	3.163147E+0	1.080017E+0
64.2968	-2.838135E-1	6.149292E-1	3.160400E+0	1.099854E+0
64.3125	-2.890015E-1	6.039429E-1	3.157959E+0	1.119995E+0
64.3125	-2.990723E-1	6.088257E-1	3.156738E+0	1.138306E+0
64.3281	-3.033447E-1	5.786133E-1	3.153381E+0	1.159363E+0
64.3437	-3.073120E-1	5.575562E-1	3.150330E+0	1.178284E+0
64.3437	-3.106689E-1	5.447388E-1	3.149109E+0	1.198425E+0
64.3593	-3.158569E-1	5.377197E-1	3.146057E+0	1.219788E+0
64.375	-3.311157E-1	5.166626E-1	3.143616E+0	1.238403E+0
64.375	-3.353882E-1	5.181885E-1	3.141174E+0	1.257629E+0
64.3906	-3.472900E-1	4.986572E-1	3.138733E+0	1.278381E+0
64.4062	-3.549194E-1	4.916382E-1	3.135986E+0	1.297913E+0
64.4062	-3.652954E-1	4.898071E-1	3.134460E+0	1.317139E+0
64.4218	-3.704834E-1	4.766846E-1	3.131104E+0	1.338196E+0
64.4375	-3.668213E-1	4.669189E-1	3.128662E+0	1.358337E+0
64.4375	-3.842163E-1	4.406738E-1	3.127441E+0	1.376953E+0
64.4531	-3.918457E-1	4.196167E-1	3.123779E+0	1.397705E+0
64.4687	-4.046631E-1	4.168701E-1	3.121643E+0	1.416321E+0
64.4687	-4.159546E-1	4.071045E-1	3.120117E+0	1.435547E+0
64.4843	-4.244995E-1	3.936768E-1	3.117371E+0	1.457520E+0
64.5	-4.278564E-1	3.750610E-1	3.114624E+0	1.477051E+0
64.5	-4.315186E-1	3.585815E-1	3.112793E+0	1.495972E+0
64.5156	-4.537964E-1	3.433228E-1	3.110046E+0	1.517334E+0
64.5156	-4.592896E-1	3.311157E-1	3.106384E+0	1.536255E+0
64.5312	-4.620361E-1	3.213501E-1	3.105164E+0	1.554260E+0
64.5468	-4.745483E-1	3.030396E-1	3.102112E+0	1.575928E+0
64.5468	-4.754639E-1	2.908325E-1	3.099976E+0	1.595764E+0
64.5625	-4.959106E-1	2.792358E-1	3.097839E+0	1.614380E+0
64.5781	-4.998779E-1	2.593994E-1	3.094788E+0	1.635742E+0
64.5781	-5.181885E-1	2.560425E-1	3.092346E+0	1.654968E+0
64.5937	-5.343628E-1	2.227783E-1	3.090515E+0	1.674194E+0
64.6093	-5.404663E-1	2.117920E-1	3.087158E+0	1.694946E+0
64.6093	-5.496216E-1	2.139282E-1	3.084717E+0	1.713867E+0
64.625	-5.575562E-1	1.821899E-1	3.083496E+0	1.734009E+0
64.625	-5.740356E-1	1.760864E-1	3.081055E+0	1.754761E+0
64.6406	-5.847168E-1	1.651001E-1	3.077698E+0	1.774597E+0
64.6562	-5.953979E-1	1.513672E-1	3.076172E+0	1.793518E+0
64.6562	-6.121826E-1	1.296997E-1	3.073120E+0	1.814270E+0
64.6718	-6.170654E-1	1.159668E-1	3.070679E+0	1.832886E+0
64.6875	-6.365967E-1	1.101685E-1	3.068542E+0	1.852417E+0
64.6875	-6.466675E-1	8.331299E-2	3.066101E+0	1.874390E+0
64.7031	-6.668091E-1	7.751465E-2	3.062744E+0	1.893616E+0
64.7031	-6.741333E-1	6.225586E-2	3.061218E+0	1.912537E+0
64.7187	-6.884766E-1	3.936768E-2	3.059082E+0	1.933289E+0
64.7343	-6.951904E-1	2.593994E-2	3.055115E+0	1.951904E+0
64.7343	-7.128906E-1	1.617432E-2	3.054199E+0	1.971436E+0
64.75	-7.232666E-1	-1.129150E-2	3.051147E+0	1.992798E+0
64.7656	-7.366943E-1	-2.197266E-2	3.048401E+0	2.012634E+0
64.7656	-7.553101E-1	-2.990723E-2	3.046570E+0	2.031860E+0
64.7812	-7.687378E-1	-4.821777E-2	3.043518E+0	2.052307E+0
64.7968	-7.833862E-1	-6.195068E-2	3.041382E+0	2.071228E+0
64.7968	-7.925415E-1	-7.232666E-2	3.039246E+0	2.089844E+0
64.8125	-8.090210E-1	-1.083374E-1	3.037415E+0	2.111206E+0
64.8281	-8.343506E-1	-1.309204E-1	3.034973E+0	2.131042E+0
64.8281	-8.468628E-1	-1.321411E-1	3.032227E+0	2.150879E+0
64.8437	-8.541870E-1	-1.354980E-1	3.030396E+0	2.170105E+0
64.8593	-8.816528E-1	-1.535034E-1	3.027344E+0	2.191772E+0
64.8593	-8.880615E-1	-1.708984E-1	3.024292E+0	2.210083E+0
64.875	-8.932495E-1	-1.950073E-1	3.022461E+0	2.229919E+0
64.875	-9.301758E-1	-2.090454E-1	3.020630E+0	2.250366E+0
64.8906	-9.454346E-1	-2.316284E-1	3.016357E+0	2.269897E+0
64.9062	-9.585571E-1	-2.490234E-1	3.015442E+0	2.288818E+0
64.9062	-9.741211E-1	-2.664185E-1	3.013000E+0	2.310181E+0
64.9218	-9.994507E-1	-2.722168E-1	3.009644E+0	2.330017E+0
64.9375	-1.011047E+0	-2.789307E-1	3.008118E+0	2.348022E+0
64.9375	-1.025085E+0	-2.990723E-1	3.005676E+0	2.369385E+0
64.9531	-1.050720E+0	-3.158569E-1	3.002930E+0	2.388916E+0
64.9531	-1.059875E+0	-3.308105E-1	3.000793E+0	2.408142E+0
64.9687	-1.082764E+0	-3.500366E-1	2.998657E+0	2.428589E+0
64.9843	-1.104736E+0	-3.747559E-1	2.995300E+0	2.449036E+0
64.9843	-1.119995E+0	-3.811646E-1	2.993469E+0	2.468262E+0
65.0	-1.138916E+0	-4.043579E-1	2.991028E+0	2.488098E+0
65.0156	-1.148071E+0	-4.058838E-1	2.987976E+0	2.507324E+0
65.0156	-1.165161E+0	-4.345703E-1	2.985840E+0	2.526245E+0
65.0312	-1.182861E+0	-4.379272E-1	2.983398E+0	2.548523E+0
65.0468	-1.202393E+0	-4.550171E-1	2.980652E+0	2.568359E+0
65.0468	-1.203613E+0	-4.620361E-1	2.978516E+0	2.586365E+0
65.0625	-1.219177E+0	-4.779053E-1	2.977295E+0	2.606201E+0
65.0781	-1.228027E+0	-4.830933E-1	2.973938E+0	2.626343E+0
65.0781	-1.245117E+0	-4.888916E-1	2.971802E+0	2.647095E+0
65.0937	-1.253357E+0	-4.904175E-1	2.968750E+0	2.665710E+0
65.1093	-1.253052E+0	-4.962158E-1	2.966614E+0	2.687378E+0
65.1093	-1.182251E+0	-4.486084E-1	2.963562E+0	2.705994E+0
65.125	-1.188049E+0	-4.681396E-1	2.960815E+0	2.725525E+0
65.125	-1.161194E+0	-4.415894E-1	2.959290E+0	2.745667E+0
65.1406	-1.161499E+0	-4.431152E-1	2.956848E+0	2.765808E+0
65.1562	-1.150818E+0	-4.293823E-1	2.955017E+0	2.784119E+0
65.1562	-1.142883E+0	-4.364014E-1	2.951660E+0	2.806091E+0
65.1718	-1.141052E+0	-4.272461E-1	2.949219E+0	2.825317E+0
65.1875	-1.146545E+0	-4.504395E-1	2.947693E+0	2.844543E+0
65.1875	-1.127625E+0	-4.229736E-1	2.945251E+0	2.865906E+0
65.2031	-1.137085E+0	-4.275513E-1	2.942200E+0	2.884521E+0
65.2031	-1.135864E+0	-4.293823E-1	2.940063E+0	2.903137E+0
65.2187	-1.111755E+0	-4.275513E-1	2.937622E+0	2.924500E+0
65.2343	-1.109009E+0	-4.183960E-1	2.934875E+0	2.944641E+0
65.2343	-1.097412E+0	-4.226685E-1	2.933350E+0	2.963867E+0
65.25	-1.090088E+0	-4.089355E-1	2.929687E+0	2.984924E+0
65.2656	-1.077576E+0	-4.119873E-1	2.927551E+0	3.003540E+0
65.2656	-1.083069E+0	-4.113770E-1	2.926331E+0	3.021851E+0
65.2812	-1.075134E+0	-4.077148E-1	2.922363E+0	3.043518E+0
65.2968	-1.089172E+0	-4.217529E-1	2.920227E+0	3.063354E+0
65.2968	-1.087341E+0	-4.257202E-1	2.917175E+0	3.082581E+0
65.3125	-1.109619E+0	-4.425049E-1	2.915649E+0	3.101807E+0
65.3281	-1.103516E+0	-4.367065E-1	2.912598E+0	3.122864E+0
65.3281	-1.130371E+0	-4.537964E-1	2.910461E+0	3.141785E+0
65.3437	-1.099243E+0	-4.403687E-1	2.908630E+0	3.160400E+0
65.3593	-1.084290E+0	-4.290771E-1	2.906189E+0	3.182678E+0
65.3593	-1.006165E+0	-3.738403E-1	2.903137E+0	3.202209E+0
65.375	-1.027222E+0	-3.936768E-1	2.901611E+0	3.221130E+0
65.375	-1.041260E+0	-3.897095E-1	2.899170E+0	3.242187E+0
65.3906	-1.051941E+0	-4.019165E-1	2.895813E+0	3.262024E+0
65.4062	-1.036072E+0	-4.067993E-1	2.894592E+0	3.279419E+0
65.4062	-1.051636E+0	-4.055786E-1	2.890930E+0	3.301392E+0
65.4218	-1.043396E+0	-3.900146E-1	2.888794E+0	3.320618E+0
65.4375	-1.034851E+0	-4.046631E-1	2.886963E+0	3.339844E+0
65.4375	-1.020203E+0	-3.775024E-1	2.884216E+0	3.361511E+0
65.4531	-1.022644E+0	-3.826904E-1	2.881470E+0	3.379822E+0
65.4531	-1.027222E+0	-4.064941E-1	2.879639E+0	3.399963E+0
65.4687	-1.019287E+0	-4.025269E-1	2.875977E+0	3.419495E+0
65.4843	-1.025696E+0	-4.135132E-1	2.873535E+0	3.439636E+0
65.4843	-1.034241E+0	-4.107666E-1	2.872925E+0	3.458252E+0
65.5	-1.039429E+0	-4.232788E-1	2.868958E+0	3.479614E+0
65.5156	-1.013489E+0	-3.970337E-1	2.867126E+0	3.499451E+0
65.5156	-1.024780E+0	-4.132080E-1	2.864990E+0	3.518677E+0
65.5312	-9.970093E-1	-3.945923E-1	2.862244E+0	3.539124E+0
65.5468	-9.976196E-1	-3.805542E-1	2.859497E+0	3.558350E+0
65.5468	-9.790039E-1	-3.622437E-1	2.857056E+0	3.577576E+0
65.5625	-9.692383E-1	-3.753662E-1	2.855835E+0	3.597107E+0
65.5781	-9.484863E-1	-3.579712E-1	2.852478E+0	3.617859E+0
65.5781	-9.335327E-1	-3.497314E-1	2.849426E+0	3.638306E+0
65.5937	-9.350586E-1	-3.558350E-1	2.848206E+0	3.657532E+0
65.6093	-9.371948E-1	-3.552246E-1	2.846069E+0	3.677063E+0
65.6093	-9.371948E-1	-3.616333E-1	2.842407E+0	3.697510E+0
65.625	-9.521484E-1	-3.701782E-1	2.840271E+0	3.715820E+0
65.625	-9.542847E-1	-3.674316E-1	2.837524E+0	3.737183E+0
65.6406	-9.576416E-1	-3.823853E-1	2.835388E+0	3.757324E+0
65.6562	-9.564209E-1	-3.726196E-1	2.833557E+0	3.775635E+0
65.6562	-9.390259E-1	-3.713989E-1	2.830200E+0	3.797302E+0
65.6718	-9.335327E-1	-3.662109E-1	2.827148E+0	3.815308E+0
65.6875	-9.338379E-1	-3.625488E-1	2.826843E+0	3.834839E+0
65.6875	-9.268188E-1	-3.787231E-1	2.823181E+0	3.856201E+0
65.7031	-9.381104E-1	-3.585815E-1	2.821045E+0	3.875122E+0
65.7031	-9.307861E-1	-3.659058E-1	2.818909E+0	3.894958E+0
65.7187	-9.194946E-1	-3.561401E-1	2.816772E+0	3.916016E+0
65.7343	-9.027100E-1	-3.582764E-1	2.813721E+0	3.934937E+0
65.7343	-9.140015E-1	-3.567505E-1	2.811890E+0	3.953552E+0
65.75	-9.030151E-1	-3.414917E-1	2.809448E+0	3.974915E+0
65.7656	-8.892822E-1	-3.442383E-1	2.805786E+0	3.994141E+0
65.7656	-8.825684E-1	-3.436279E-1	2.805481E+0	4.013672E+0
65.7812	-8.813477E-1	-3.411865E-1	2.801208E+0	4.035645E+0
65.7968	-8.773804E-1	-3.460693E-1	2.799988E+0	4.054871E+0
65.7968	-8.767700E-1	-3.396606E-1	2.797241E+0	4.070740E+0
65.8125	-8.715820E-1	-3.335571E-1	2.794495E+0	4.093018E+0
65.8281	-8.639526E-1	-3.390503E-1	2.790527E+0	4.113464E+0
65.8281	-8.563232E-1	-3.234863E-1	2.790222E+0	4.132385E+0
65.8437	-8.554077E-1	-3.323364E-1	2.787476E+0	4.153748E+0
65.8593	-8.541870E-1	-3.347778E-1	2.784119E+0	4.173279E+0
65.8593	-8.609009E-1	-3.338623E-1	2.782898E+0	4.191589E+0
65.875	-8.447266E-1	-3.283691E-1	2.779236E+0	4.212036E+0
65.8906	-8.508301E-1	-3.363037E-1	2.776794E+0	4.231262E+0
65.8906	-8.453369E-1	-3.311157E-1	2.774963E+0	4.250793E+0
65.9062	-8.386230E-1	-3.277588E-1	2.772217E+0	4.272156E+0
65.9062	-8.465576E-1	-3.244019E-1	2.770081E+0	4.291077E+0
65.9218	-8.413696E-1	-3.228760E-1	2.768555E+0	4.310913E+0
65.9375	-8.389282E-1	-3.237915E-1	2.765198E+0	4.331970E+0
65.9375	-8.297729E-1	-3.402710E-1	2.761536E+0	4.349670E+0
65.9531	-8.325195E-1	-3.302002E-1	2.760620E+0	4.369202E+0
65.9687	-8.285522E-1	-3.173828E-1	2.756958E+0	4.390564E+0
65.9687	-8.004761E-1	-3.210449E-1	2.755127E+0	4.410400E+0
65.9843	-7.937622E-1	-3.088379E-1	2.753296E+0	4.429321E+0
66.0	-8.013916E-1	-3.161621E-1	2.750854E+0	4.450378E+0
66.0	-7.843018E-1	-3.002930E-1	2.747803E+0	4.469299E+0
66.0156	-7.897949E-1	-3.082275E-1	2.745972E+0	4.487305E+0
66.0156	-7.769775E-1	-2.929687E-1	2.743835E+0	4.508972E+0
66.0312	-7.998657E-1	-3.253174E-1	2.741699E+0	4.527588E+0
66.0468	-7.931519E-1	-3.225708E-1	2.739258E+0	4.548645E+0
66.0468	-7.968140E-1	-3.186035E-1	2.736511E+0	4.568481E+0
66.0625	-7.983398E-1	-3.326416E-1	2.733459E+0	4.588623E+0
66.0625	-8.013916E-1	-3.314209E-1	2.732544E+0	4.606323E+0
66.0781	-7.928467E-1	-3.179932E-1	2.728271E+0	4.627686E+0
66.0937	-7.879639E-1	-3.244019E-1	2.726440E+0	4.646912E+0
66.0937	-7.891846E-1	-3.350830E-1	2.724609E+0	4.665527E+0
66.1093	-7.788086E-1	-3.219604E-1	2.721252E+0	4.687805E+0
66.125	-7.736206E-1	-3.057861E-1	2.718811E+0	4.706726E+0
66.125	-7.650757E-1	-2.963257E-1	2.716980E+0	4.725647E+0
66.1406	-7.656860E-1	-3.179932E-1	2.713928E+0	4.746094E+0
66.1562	-7.531738E-1	-2.865601E-1	2.711792E+0	4.765320E+0
66.1562	-7.522583E-1	-3.012085E-1	2.710266E+0	4.784546E+0
66.1718	-7.504272E-1	-2.987671E-1	2.707214E+0	4.805603E+0
66.1875	-7.354736E-1	-2.886963E-1	2.703857E+0	4.825134E+0
66.1875	-7.388306E-1	-2.932739E-1	2.702637E+0	4.844055E+0
66.2031	-7.296753E-1	-2.844238E-1	2.699890E+0	4.864807E+0
66.2187	-7.208252E-1	-2.859497E-1	2.697449E+0	4.884338E+0
66.2187	-6.973267E-1	-2.700806E-1	2.695618E+0	4.902649E+0
66.2343	-6.857300E-1	-2.404785E-1	2.692871E+0	4.924011E+0
66.25	-7.995605E-2	-1.333618E-1	2.690125E+0	4.943237E+0
66.25	-7.354736E-2	-1.364136E-1	2.688599E+0	4.962769E+0
66.2656	-8.331299E-2	-1.315308E-1	2.684631E+0	4.983826E+0
66.2656	-8.361816E-2	-1.354980E-1	2.682495E+0	5.002136E+0
66.2812	-8.209229E-2	-1.348877E-1	2.680664E+0	5.021362E+0
66.2968	-8.605957E-2	-1.354980E-1	2.677307E+0	5.042419E+0
66.2968	-7.507324E-2	-1.306152E-1	2.674866E+0	5.061951E+0
66.3125	-8.117676E-2	-1.330566E-1	2.673340E+0	5.080566E+0
66.3281	-7.904053E-2	-1.266479E-1	2.671204E+0	5.103149E+0
66.3281	-7.598877E-2	-1.327515E-1	2.667847E+0	5.121460E+0
66.3437	-8.117676E-2	-1.425171E-1	2.666931E+0	5.140381E+0
66.3593	-8.087158E-2	-1.452637E-1	2.662964E+0	5.160522E+0
66.3593	-8.666992E-2	-1.330566E-1	2.660522E+0	5.180359E+0
66.375	-7.690430E-2	-1.446533E-1	2.658386E+0	5.199585E+0
66.375	-7.720947E-2	-1.324463E-1	2.656555E+0	5.220337E+0
66.3906	-8.331299E-2	-1.324463E-1	2.653809E+0	5.240784E+0
66.4062	-8.789062E-2	-1.348877E-1	2.652283E+0	5.257568E+0
66.4062	-8.270264E-2	-1.412964E-1	2.648926E+0	5.280151E+0
66.4218	-7.202148E-2	-1.354980E-1	2.645874E+0	5.298462E+0
66.4375	-7.995605E-2	-1.309204E-1	2.644653E+0	5.317078E+0
66.4375	-7.873535E-2	-1.342773E-1	2.641602E+0	5.339050E+0
66.4531	-8.209229E-2	-1.330566E-1	2.639160E+0	5.357971E+0
66.4531	-8.361816E-2	-1.354980E-1	2.637329E+0	5.377197E+0
66.4687	-8.361816E-2	-1.382446E-1	2.634888E+0	5.397034E+0
66.4843	-8.697510E-2	-1.385498E-1	2.632141E+0	5.417175E+0
66.4843	-7.598877E-2	-1.300049E-1	2.629700E+0	5.435791E+0
66.5	-8.636475E-2	-1.379395E-1	2.627258E+0	5.457764E+0
66.5156	-6.896973E-2	-1.251221E-1	2.624512E+0	5.476990E+0
66.5156	-8.087158E-2	-1.382446E-1	2.622681E+0	5.495605E+0
66.5312	-7.751465E-2	-1.293945E-1	2.619019E+0	5.516663E+0
66.5468	-7.843018E-2	-1.400757E-1	2.617798E+0	5.535278E+0
66.5468	-8.056641E-2	-1.312256E-1	2.614746E+0	5.554504E+0
66.5625	-8.331299E-2	-1.315308E-1	2.612610E+0	5.573730E+0
66.5781	-7.720947E-2	-1.220703E-1	2.609863E+0	5.595703E+0
66.5781	-7.629395E-2	-1.333618E-1	2.607117E+0	5.614014E+0
66.5937	-8.178711E-2	-1.287842E-1	2.605896E+0	5.633850E+0
66.6093	-7.293701E-2	-1.220703E-1	2.602234E+0	5.654907E+0
66.6093	-8.636475E-2	-1.342773E-1	2.599487E+0	5.673828E+0
66.625	-7.324219E-2	-1.412964E-1	2.598267E+0	5.692139E+0
66.625	-8.239746E-2	-1.397705E-1	2.595520E+0	5.713501E+0
66.6406	-8.575439E-2	-1.473999E-1	2.593079E+0	5.732117E+0
66.6562	-7.354736E-2	-1.287842E-1	2.590942E+0	5.751343E+0
66.6562	-8.331299E-2	-1.385498E-1	2.588196E+0	5.773621E+0
66.6718	-8.453369E-2	-1.342773E-1	2.585144E+0	5.791321E+0
66.6875	-7.293701E-2	-1.364136E-1	2.583618E+0	5.810242E+0
66.6875	-7.904053E-2	-1.428223E-1	2.580872E+0	5.831299E+0
66.7031	-7.751465E-2	-1.315308E-1	2.578430E+0	5.850830E+0
66.7031	-7.812500E-2	-1.303101E-1	2.576294E+0	5.869141E+0
66.7187	-7.995605E-2	-1.339722E-1	2.573242E+0	5.890808E+0
66.7343	-7.263184E-2	-1.361084E-1	2.570496E+0	5.910339E+0
66.7343	-7.812500E-2	-1.293945E-1	2.568970E+0	5.928955E+0
66.75	-7.751465E-2	-1.409912E-1	2.566528E+0	5.948792E+0
66.7656	-7.537842E-2	-1.220703E-1	2.562866E+0	5.969238E+0
66.7656	-7.385254E-2	-1.266479E-1	2.561951E+0	5.987244E+0
66.7812	-7.812500E-2	-1.281738E-1	2.559204E+0	6.009521E+0
66.7968	-8.087158E-2	-1.272583E-1	2.556458E+0	6.028748E+0
66.7968	-7.568359E-2	-1.315308E-1	2.554016E+0	6.046753E+0
66.8125	-7.720947E-2	-1.257324E-1	2.552490E+0	6.066895E+0
66.8281	-7.141113E-2	-1.266479E-1	2.549438E+0	6.087646E+0
66.8281	-7.537842E-2	-1.327515E-1	2.547302E+0	6.106262E+0
66.8437	-8.331299E-2	-1.342773E-1	2.545166E+0	6.125183E+0
66.8593	-8.422852E-2	-1.272583E-1	2.542419E+0	6.146240E+0
66.8593	-7.568359E-2	-1.342773E-1	2.540283E+0	6.164856E+0
66.875	-8.209229E-2	-1.272583E-1	2.537842E+0	6.185913E+0
66.875	-7.568359E-2	-1.284790E-1	2.534485E+0	6.204529E+0
66.8906	-8.331299E-2	-1.266479E-1	2.533264E+0	6.225281E+0
66.9062	-9.002686E-2	-1.403809E-1	2.529602E+0	6.245422E+0
66.9062	-8.392334E-2	-1.379395E-1	2.527466E+0	6.262817E+0
66.9218	-8.636475E-2	-1.388550E-1	2.525024E+0	6.285706E+0
66.9375	-7.385254E-2	-1.312256E-1	2.521973E+0	6.304321E+0
66.9375	-8.636475E-2	-1.300049E-1	2.520447E+0	6.322327E+0
66.9531	-7.812500E-2	-1.220703E-1	2.518921E+0	6.343079E+0
66.9687	-7.080078E-2	-1.202393E-1	2.515259E+0	6.362915E+0
66.9687	-7.934570E-2	-1.348877E-1	2.513428E+0	6.380615E+0
66.9843	-7.690430E-2	-1.196289E-1	2.510986E+0	6.402893E+0
67.0	-6.805420E-2	-1.226807E-1	2.507935E+0	6.422119E+0
67.0	-8.422852E-2	-1.339722E-1	2.506409E+0	6.441650E+0
67.0156	-8.666992E-2	-1.345825E-1	2.502747E+0	6.461182E+0
67.0156	-7.415771E-2	-1.251221E-1	2.501221E+0	6.480713E+0
67.0312	-7.202148E-2	-1.232910E-1	2.499695E+0	6.499329E+0
67.0468	-8.361816E-2	-1.281738E-1	2.495728E+0	6.520996E+0
67.0468	-8.239746E-2	-1.202393E-1	2.493591E+0	6.540222E+0
67.0625	-7.629395E-2	-1.367187E-1	2.491760E+0	6.559448E+0
67.0781	-7.720947E-2	-1.278687E-1	2.489014E+0	6.580811E+0
67.0781	-7.537842E-2	-1.226807E-1	2.486267E+0	6.598816E+0
67.0937	-7.415771E-2	-1.278687E-1	2.484131E+0	6.618652E+0
67.1093	-7.598877E-2	-1.214600E-1	2.481689E+0	6.638794E+0
67.1093	-7.019043E-2	-1.309204E-1	2.479553E+0	6.658020E+0
67.125	-7.843018E-2	-1.196289E-1	2.477417E+0	6.676941E+0
67.125	-7.293701E-2	-1.287842E-1	2.474365E+0	6.697998E+0
67.1406	-7.904053E-2	-1.269531E-1	2.471924E+0	6.717224E+0
67.1562	-7.446289E-2	-1.287842E-1	2.469482E+0	6.735229E+0
67.1562	-8.300781E-2	-1.260376E-1	2.467041E+0	6.756897E+0
67.1718	-7.202148E-2	-1.345825E-1	2.464294E+0	6.776123E+0
67.1875	-7.354736E-2	-1.260376E-1	2.462463E+0	6.794434E+0
67.1875	-8.117676E-2	-1.260376E-1	2.459717E+0	6.817017E+0
67.2031	-7.446289E-2	-1.153564E-1	2.456665E+0	6.834717E+0
67.2031	-6.866455E-2	-1.196289E-1	2.455444E+0	6.853333E+0
67.2187	-7.202148E-2	-1.312256E-1	2.452087E+0	6.875000E+0
67.2343	-7.537842E-2	-1.226807E-1	2.449951E+0	6.893921E+0
67.2343	-7.476807E-2	-1.318359E-1	2.447510E+0	6.913147E+0
67.25	-7.904053E-2	-1.293945E-1	2.445068E+0	6.933899E+0
67.2656	-6.683350E-2	-1.278687E-1	2.442017E+0	6.953430E+0
67.2656	-8.483887E-2	-1.412964E-1	2.440186E+0	6.971741E+0
67.2812	-7.385254E-2	-1.119995E-1	2.438354E+0	6.993103E+0
67.2968	-7.202148E-2	-1.156616E-1	2.435303E+0	7.011719E+0
67.2968	-7.568359E-2	-1.315308E-1	2.433472E+0	7.030334E+0
67.3125	-8.026123E-2	-1.254272E-1	2.430725E+0	7.051086E+0
67.3281	-7.995605E-2	-1.367187E-1	2.428284E+0	7.071838E+0
67.3281	-7.690430E-2	-1.364136E-1	2.425537E+0	7.091370E+0
67.3437	-8.178711E-2	-1.260376E-1	2.424011E+0	7.109375E+0
67.3593	-7.232666E-2	-1.153564E-1	2.420959E+0	7.129517E+0
67.3593	-8.392334E-2	-1.208496E-1	2.418213E+0	7.149658E+0
67.375	-6.683350E-2	-1.193237E-1	2.417603E+0	7.168274E+0
67.375	-7.293701E-2	-1.211548E-1	2.413940E+0	7.189636E+0
67.3906	-7.507324E-2	-1.235962E-1	2.410889E+0	7.208862E+0
67.4062	-7.202148E-2	-1.168823E-1	2.408447E+0	7.227478E+0
67.4062	-7.293701E-2	-1.168823E-1	2.406311E+0	7.247925E+0
67.4218	-6.805420E-2	-1.248169E-1	2.402344E+0	7.266846E+0
67.4375	-7.019043E-2	-1.269531E-1	2.401733E+0	7.285767E+0
67.4375	-8.087158E-2	-1.205444E-1	2.399292E+0	7.307739E+0
67.4531	-7.720947E-2	-1.190186E-1	2.397156E+0	7.326355E+0
67.4531	-7.507324E-2	-1.245117E-1	2.394409E+0	7.345886E+0
67.4687	-7.080078E-2	-1.220703E-1	2.391968E+0	7.366028E+0
67.4843	-7.598877E-2	-1.284790E-1	2.388916E+0	7.384949E+0
67.4843	-6.988525E-2	-1.275635E-1	2.386780E+0	7.403870E+0
67.5	-7.995605E-2	-1.303101E-1	2.384644E+0	7.424622E+0
67.5156	-7.141113E-2	-1.190186E-1	2.381592E+0	7.444153E+0
67.5156	-7.446289E-2	-1.281738E-1	2.379761E+0	7.462769E+0
67.5312	-7.476807E-2	-1.223755E-1	2.377319E+0	7.485046E+0
67.5468	-7.446289E-2	-1.187134E-1	2.374878E+0	7.501526E+0
67.5468	-7.232666E-2	-1.229858E-1	2.372131E+0	7.521057E+0
67.5625	-7.415771E-2	-1.263428E-1	2.369995E+0	7.541504E+0
67.5781	-6.683350E-2	-1.312256E-1	2.368164E+0	7.562256E+0
67.5781	-7.415771E-2	-1.153564E-1	2.364502E+0	7.581787E+0
67.5937	-7.537842E-2	-1.269531E-1	2.362671E+0	7.600403E+0
67.6093	-7.232666E-2	-1.181030E-1	2.360840E+0	7.622070E+0
67.6093	-8.117676E-2	-1.275635E-1	2.357483E+0	7.640381E+0
67.625	-7.507324E-2	-1.159668E-1	2.355957E+0	7.658386E+0
67.625	-7.324219E-2	-1.242065E-1	2.353516E+0	7.679749E+0
67.6406	-8.117676E-2	-1.300049E-1	2.349548E+0	7.698975E+0
67.6562	-7.537842E-2	-1.153564E-1	2.348022E+0	7.717896E+0
67.6562	-7.537842E-2	-1.153564E-1	2.345886E+0	7.739868E+0
67.6718	-8.148193E-2	-1.211548E-1	2.342224E+0	7.758484E+0
67.6875	-7.171631E-2	-1.214600E-1	2.341003E+0	7.775574E+0
67.6875	-7.507324E-2	-1.184082E-1	2.338562E+0	7.798157E+0
67.7031	-7.202148E-2	-1.159668E-1	2.335510E+0	7.816772E+0
67.7031	-7.568359E-2	-1.242065E-1	2.333984E+0	7.835999E+0
67.7187	-7.232666E-2	-1.208496E-1	2.330627E+0	7.857361E+0
67.7343	-7.476807E-2	-1.220703E-1	2.328796E+0	7.876282E+0
67.7343	-7.690430E-2	-1.187134E-1	2.326660E+0	7.895203E+0
67.75	-7.019043E-2	-1.208496E-1	2.285461E+0	7.915344E+0
67.7656	-6.988525E-2	-1.217651E-1	2.171021E+0	7.915649E+0
67.7656	-7.110596E-2	-1.046753E-1	2.108154E+0	7.915649E+0
67.7812	-7.415771E-2	-1.074219E-1	1.986084E+0	7.914734E+0
67.7968	-6.439209E-2	-1.138306E-1	1.875610E+0	7.914734E+0
67.7968	-6.835937E-2	-1.007080E-1	1.781006E+0	7.915039E+0
67.8125	-6.866455E-2	-1.040649E-1	1.705933E+0	7.914734E+0
67.8281	-6.988525E-2	-1.028442E-1	1.582336E+0	7.914734E+0
67.8281	-7.232666E-2	-9.826660E-2	1.478271E+0	7.914429E+0
67.8437	-6.469727E-2	-1.019287E-1	1.403809E+0	7.914429E+0
67.8593	-6.530762E-2	-9.674072E-2	1.279297E+0	7.914429E+0
67.8593	-6.469727E-2	-9.063721E-2	1.162109E+0	7.914429E+0
67.875	-7.171631E-2	-1.022339E-1	1.100769E+0	7.914429E+0
67.875	-6.927490E-2	-1.004028E-1	9.924316E-1	7.914429E+0
67.8906	-7.019043E-2	-9.490967E-2	8.590698E-1	7.914124E+0
67.9062	-5.432129E-2	-8.819580E-2	8.004761E-1	7.914124E+0
67.9062	-6.225586E-2	-8.239746E-2	6.732178E-1	7.914124E+0
67.9218	-6.652832E-2	-8.453369E-2	5.581665E-1	7.914124E+0
67.9375	-6.378174E-2	-9.155273E-2	4.974365E-1	7.914429E+0
67.9375	-5.493164E-2	-8.514404E-2	3.814697E-1	7.914429E+0
67.9531	-6.256104E-2	-8.056641E-2	2.871704E-1	7.914429E+0
67.9531	-6.439209E-2	-8.422852E-2	2.059937E-1	7.914124E+0
67.9687	-6.011963E-2	-7.690430E-2	9.826660E-2	7.914124E+0
67.9843	-5.493164E-2	-8.361816E-2	1.068115E-2	7.913818E+0
67.9843	-6.347656E-2	-8.453369E-2	6.408691E-3	7.828369E+0
68.0	-6.286621E-2	-6.683350E-2	7.324219E-3	7.719727E+0
68.0156	-6.835937E-2	-5.340576E-2	8.850098E-3	7.622375E+0
68.0156	-5.584717E-2	-9.063721E-2	9.155273E-3	7.529907E+0
68.0312	-5.187988E-2	-7.263184E-2	9.765625E-3	7.420044E+0
68.0468	-5.187988E-2	-7.659912E-2	9.765625E-3	7.320862E+0
68.0468	-6.042480E-2	-8.270264E-2	1.037598E-2	7.229004E+0
68.0625	-6.500244E-2	-7.904053E-2	9.765625E-3	7.124023E+0
68.0781	-6.744385E-2	-7.781982E-2	1.037598E-2	7.014160E+0
68.0781	-6.134033E-2	-7.904053E-2	1.068115E-2	6.921997E+0
68.0937	-6.622314E-2	-7.904053E-2	1.007080E-2	6.824646E+0
68.1093	-6.195068E-2	-7.324219E-2	9.765625E-3	6.721191E+0
68.1093	-6.286621E-2	-8.605957E-2	1.007080E-2	6.622620E+0
68.125	-6.256104E-2	-9.185791E-2	9.765625E-3	6.526489E+0
68.125	-5.767822E-2	-7.476807E-2	9.765625E-3	6.422119E+0
68.1406	-6.591797E-2	-9.277344E-2	1.037598E-2	6.322021E+0
68.1562	-6.042480E-2	-7.629395E-2	1.037598E-2	6.228027E+0
68.1562	-6.896973E-2	-8.819580E-2	1.129150E-2	6.119995E+0
68.1718	-6.042480E-2	-8.178711E-2	1.037598E-2	6.022949E+0
68.1875	-5.706787E-2	-8.056641E-2	9.765625E-3	5.927429E+0
68.1875	-5.889893E-2	-8.636475E-2	1.037598E-2	5.821838E+0
68.2031	-6.134033E-2	-8.270264E-2	1.007080E-2	5.723267E+0
68.2031	-6.286621E-2	-8.087158E-2	1.037598E-2	5.625305E+0
68.2187	-6.164551E-2	-8.697510E-2	1.037598E-2	5.520935E+0
68.2343	-5.798340E-2	-8.270264E-2	1.068115E-2	5.421753E+0
68.2343	-5.828857E-2	-8.087158E-2	1.037598E-2	5.324402E+0
68.25	-5.645752E-2	-8.514404E-2	1.037598E-2	5.220947E+0
68.2656	-5.737305E-2	-8.148193E-2	1.068115E-2	5.122375E+0
68.2656	-6.317139E-2	-8.453369E-2	1.037598E-2	5.027161E+0
68.2812	-6.103516E-2	-7.873535E-2	1.007080E-2	4.920349E+0
68.2968	-6.500244E-2	-7.812500E-2	1.068115E-2	4.822083E+0
68.2968	-6.500244E-2	-8.728027E-2	1.068115E-2	4.726257E+0
68.3125	-6.408691E-2	-8.361816E-2	1.007080E-2	4.623108E+0
68.3281	-6.408691E-2	-9.094238E-2	1.098633E-2	4.520569E+0
68.3281	-6.835937E-2	-8.392334E-2	1.098633E-2	4.419861E+0
68.3437	-6.164551E-2	-9.033203E-2	1.037598E-2	4.321289E+0
68.3593	-5.920410E-2	-8.331299E-2	1.098633E-2	4.219666E+0
68.3593	-6.011963E-2	-8.605957E-2	1.068115E-2	4.120178E+0
68.375	-6.713867E-2	-8.453369E-2	1.068115E-2	4.021606E+0
68.375	-5.920410E-2	-8.666992E-2	1.037598E-2	3.919373E+0
68.3906	-6.866455E-2	-8.605957E-2	1.098633E-2	3.818359E+0
68.4062	-6.408691E-2	-7.934570E-2	1.007080E-2	3.722534E+0
68.4062	-7.049561E-2	-9.826660E-2	1.068115E-2	3.616333E+0
68.4218	-6.927490E-2	-9.277344E-2	1.037598E-2	3.518677E+0
68.4375	-5.523682E-2	-8.087158E-2	9.765625E-3	3.421021E+0
68.4375	-6.164551E-2	-8.483887E-2	1.068115E-2	3.315735E+0
68.4531	-7.232666E-2	-8.697510E-2	1.129150E-2	3.217163E+0
68.4531	-6.713867E-2	-9.246826E-2	1.007080E-2	3.117981E+0
68.4687	-6.713867E-2	-8.941650E-2	1.068115E-2	3.014832E+0
68.4843	-6.622314E-2	-8.544922E-2	1.068115E-2	2.915344E+0
68.4843	-6.713867E-2	-8.483887E-2	1.037598E-2	2.816467E+0
68.5	-6.286621E-2	-9.063721E-2	1.037598E-2	2.713318E+0
68.5156	-5.950928E-2	-8.270264E-2	1.098633E-2	2.614136E+0
68.5156	-6.225586E-2	-9.033203E-2	1.068115E-2	2.518311E+0
68.5312	-5.737305E-2	-8.483887E-2	1.098633E-2	2.411499E+0
68.5468	-6.530762E-2	-8.087158E-2	1.068115E-2	2.312622E+0
68.5468	-5.279541E-2	-8.972168E-2	8.850098E-3	2.220154E+0
68.5625	-5.859375E-2	-8.148193E-2	1.068115E-2	2.110901E+0
68.5781	-6.256104E-2	-8.880615E-2	1.037598E-2	2.009888E+0
68.5781	-6.378174E-2	-7.995605E-2	1.007080E-2	1.913452E+0
68.5937	-6.042480E-2	-8.514404E-2	1.098633E-2	1.809692E+0
68.6093	-6.011963E-2	-8.392334E-2	1.129150E-2	1.710205E+0
68.6093	-6.652832E-2	-8.697510E-2	1.098633E-2	1.613464E+0
68.625	-6.317139E-2	-8.758545E-2	1.220703E-2	1.507263E+0
68.6406	-5.645752E-2	-6.866455E-2	1.159668E-2	1.408386E+0
68.6406	-5.737305E-2	-8.178711E-2	1.190186E-2	1.312256E+0
68.6562	-6.652832E-2	-7.720947E-2	1.159668E-2	1.206360E+0
68.6562	-5.920410E-2	-8.148193E-2	1.129150E-2	1.107788E+0
68.6718	-6.774902E-2	-8.331299E-2	1.129150E-2	1.007690E+0
68.6875	-5.920410E-2	-9.155273E-2	1.190186E-2	9.057617E-1
68.6875	-6.439209E-2	-8.819580E-2	1.098633E-2	8.004761E-1
68.7031	-6.042480E-2	-8.666992E-2	1.159668E-2	7.067871E-1
68.7187	-5.950928E-2	-8.666992E-2	1.129150E-2	4.321289E-1
68.7343	-6.042480E-2	-8.514404E-2	1.159668E-2	4.025269E-1
68.75	-6.042480E-2	-8.514404E-2	1.129150E-2	3.042603E-1
68.75	-5.371094E-2	-8.270264E-2	1.129150E-2	2.038574E-1
68.7656	-6.622314E-2	-9.246826E-2	1.098633E-2	1.071167E-1
68.7656	-6.958008E-2	-9.002686E-2	1.190186E-2	1.220703E-3
68.7812	-5.706787E-2	-7.598877E-2	1.159668E-2	4.272461E-3
68.7968	-5.950928E-2	-9.002686E-2	1.159668E-2	6.103516E-3
68.7968	-5.065918E-2	-7.598877E-2	1.129150E-2	7.019043E-3
68.8125	-5.859375E-2	-7.690430E-2	1.159668E-2	7.324219E-3
68.8281	-6.439209E-2	-7.934570E-2	1.190186E-2	7.629395E-3
68.8281	-5.981445E-2	-8.026123E-2	1.190186E-2	7.934570E-3
68.8437	-6.011963E-2	-8.544922E-2	1.190186E-2	8.239746E-3
68.8593	-5.920410E-2	-7.629395E-2	1.129150E-2	7.629395E-3
68.8593	-5.920410E-2	-8.087158E-2	1.190186E-2	7.934570E-3
68.875	-5.737305E-2	-7.812500E-2	1.190186E-2	7.629395E-3
68.8906	-6.134033E-2	-9.307861E-2	1.190186E-2	7.934570E-3
68.8906	-7.110596E-2	-8.148193E-2	1.129150E-2	8.239746E-3
68.9062	-5.981445E-2	-9.002686E-2	1.159668E-2	8.544922E-3
68.9062	-6.256104E-2	-8.392334E-2	1.159668E-2	8.239746E-3
68.9218	-6.042480E-2	-8.605957E-2	1.129150E-2	8.850098E-3
68.9375	-6.195068E-2	-7.507324E-2	1.159668E-2	8.544922E-3
68.9375	-6.347656E-2	-8.361816E-2	1.159668E-2	7.629395E-3
68.9531	-5.859375E-2	-8.300781E-2	1.159668E-2	8.239746E-3
68.9687	-6.408691E-2	-8.789062E-2	1.220703E-2	8.239746E-3
68.9687	-6.317139E-2	-8.605957E-2	1.159668E-2	8.850098E-3
68.9843	-6.256104E-2	-8.056641E-2	1.190186E-2	8.544922E-3
69.0	-5.950928E-2	-8.361816E-2	1.159668E-2	8.850098E-3
69.0	-6.439209E-2	-9.124756E-2	1.220703E-2	8.544922E-3
69.0156	-6.469727E-2	-8.819580E-2	1.190186E-2	8.850098E-3
69.0156	-6.347656E-2	-7.751465E-2	1.159668E-2	8.544922E-3
69.0312	-6.378174E-2	-8.148193E-2	1.159668E-2	1.007080E-2
69.0468	-6.408691E-2	-8.361816E-2	1.129150E-2	8.544922E-3
69.0468	-6.103516E-2	-8.422852E-2	1.159668E-2	8.850098E-3
69.0625	-6.011963E-2	-8.026123E-2	1.159668E-2	8.544922E-3
69.0625	-6.164551E-2	-8.331299E-2	1.159668E-2	8.850098E-3
69.0781	-6.439209E-2	-7.995605E-2	1.159668E-2	8.239746E-3
69.0937	-5.737305E-2	-7.812500E-2	1.129150E-2	8.544922E-3
69.0937	-6.713867E-2	-8.819580E-2	1.190186E-2	8.239746E-3
69.1093	-5.615234E-2	-7.232666E-2	1.190186E-2	8.544922E-3
69.125	-7.171631E-2	-8.056641E-2	1.098633E-2	7.934570E-3
69.125	-5.126953E-2	-8.117676E-2	1.159668E-2	8.850098E-3
69.1406	-5.249023E-2	-7.354736E-2	1.159668E-2	9.155273E-3
69.1562	-5.676270E-2	-8.666992E-2	1.129150E-2	8.850098E-3
69.1562	-6.317139E-2	-9.704590E-2	1.190186E-2	8.544922E-3
69.1718	-6.103516E-2	-7.965088E-2	1.159668E-2	8.544922E-3
69.1875	-5.798340E-2	-7.995605E-2	1.129150E-2	8.239746E-3
69.1875	-6.042480E-2	-8.331299E-2	1.159668E-2	8.239746E-3
69.2031	-6.164551E-2	-8.117676E-2	1.159668E-2	7.934570E-3
69.2187	-6.408691E-2	-8.636475E-2	1.159668E-2	8.544922E-3
69.2187	-5.828857E-2	-8.178711E-2	1.190186E-2	8.544922E-3
69.2343	-5.828857E-2	-8.300781E-2	1.190186E-2	8.544922E-3
69.25	-5.920410E-2	-7.415771E-2	1.190186E-2	8.544922E-3
69.25	-5.950928E-2	-7.843018E-2	1.129150E-2	8.239746E-3
69.2656	-6.072998E-2	-8.544922E-2	1.190186E-2	8.239746E-3
69.2656	-6.286621E-2	-7.171631E-2	1.129150E-2	8.544922E-3
69.2812	-5.950928E-2	-8.148193E-2	1.220703E-2	9.155273E-3
69.2968	-6.011963E-2	-8.300781E-2	1.159668E-2	8.850098E-3
69.2968	-5.950928E-2	-8.544922E-2	1.190186E-2	8.239746E-3
69.3125	-6.347656E-2	-7.720947E-2	1.190186E-2	8.544922E-3
69.3281	-5.981445E-2	-7.690430E-2	1.159668E-2	8.850098E-3
69.3281	-5.310059E-2	-8.422852E-2	1.159668E-2	9.460449E-3
69.3437	-6.195068E-2	-8.087158E-2	1.159668E-2	8.544922E-3
69.3593	-5.950928E-2	-8.697510E-2	1.190186E-2	7.934570E-3
69.3593	-6.744385E-2	-8.636475E-2	1.098633E-2	8.544922E-3
69.375	-6.561279E-2	-7.476807E-2	1.159668E-2	9.155273E-3
69.375	-6.134033E-2	-7.598877E-2	1.190186E-2	8.850098E-3
69.3906	-6.286621E-2	-8.300781E-2	1.159668E-2	8.239746E-3
69.4062	-5.889893E-2	-7.629395E-2	1.159668E-2	8.850098E-3
69.4062	-6.317139E-2	-8.422852E-2	1.190186E-2	9.155273E-3
69.4218	-5.737305E-2	-8.087158E-2	1.159668E-2	8.544922E-3
69.4375	-5.645752E-2	-8.270264E-2	1.190186E-2	7.934570E-3
69.4375	-5.920410E-2	-8.331299E-2	1.220703E-2	8.850098E-3
69.4531	-4.821777E-2	-8.392334E-2	1.159668E-2	8.850098E-3
69.4531	-6.286621E-2	-7.873535E-2	1.190186E-2	8.544922E-3
69.4687	-6.408691E-2	-8.026123E-2	1.190186E-2	8.544922E-3
69.4843	-5.859375E-2	-7.781982E-2	1.159668E-2	8.544922E-3
69.4843	-6.744385E-2	-8.697510E-2	1.159668E-2	8.544922E-3
69.5	-6.134033E-2	-7.324219E-2	1.129150E-2	7.934570E-3
69.5156	-5.859375E-2	-8.636475E-2	1.159668E-2	8.544922E-3
69.5156	-5.859375E-2	-7.934570E-2	1.129150E-2	8.850098E-3
69.5312	-6.713867E-2	-8.514404E-2	1.129150E-2	9.155273E-3
69.5468	-5.737305E-2	-8.544922E-2	1.129150E-2	8.239746E-3
69.5468	-6.286621E-2	-7.141113E-2	1.129150E-2	8.239746E-3
69.5625	-5.859375E-2	-8.148193E-2	1.129150E-2	8.239746E-3
69.5781	-5.920410E-2	-8.056641E-2	1.159668E-2	8.544922E-3
69.5781	-5.401611E-2	-8.300781E-2	1.220703E-2	9.155273E-3
69.5937	-6.195068E-2	-7.812500E-2	1.190186E-2	8.850098E-3
69.6093	-6.500244E-2	-7.904053E-2	1.129150E-2	8.544922E-3
69.6093	-6.164551E-2	-7.751465E-2	1.159668E-2	8.544922E-3
69.625	-6.134033E-2	-8.789062E-2	1.159668E-2	8.544922E-3
69.6406	-5.462646E-2	-8.270264E-2	1.220703E-2	8.544922E-3
69.6406	-5.493164E-2	-9.002686E-2	1.220703E-2	9.460449E-3
69.6562	-6.195068E-2	-6.988525E-2	1.129150E-2	8.850098E-3
69.6562	-6.988525E-2	-9.185791E-2	1.159668E-2	8.544922E-3
69.6718	-5.767822E-2	-6.988525E-2	1.129150E-2	8.544922E-3
69.6875	-6.011963E-2	-8.758545E-2	1.129150E-2	9.155273E-3
69.6875	-6.805420E-2	-8.636475E-2	1.159668E-2	8.239746E-3
69.7031	-6.072998E-2	-7.995605E-2	1.098633E-2	8.850098E-3
69.7187	-6.286621E-2	-7.629395E-2	1.129150E-2	7.934570E-3
69.7187	-6.622314E-2	-8.514404E-2	1.159668E-2	8.544922E-3
69.7343	-5.798340E-2	-8.392334E-2	1.190186E-2	9.155273E-3
69.75	-5.798340E-2	-7.904053E-2	1.159668E-2	9.155273E-3
69.75	-6.469727E-2	-8.209229E-2	1.129150E-2	8.850098E-3
69.7656	-6.378174E-2	-8.209229E-2	1.159668E-2	8.239746E-3
69.7656	-6.256104E-2	-8.666992E-2	1.129150E-2	9.155273E-3
69.7812	-6.317139E-2	-8.270264E-2	1.190186E-2	8.850098E-3
69.7968	-6.042480E-2	-8.819580E-2	1.190186E-2	8.850098E-3
69.7968	-5.584717E-2	-8.575439E-2	1.190186E-2	9.155273E-3
69.8125	-5.981445E-2	-8.514404E-2	1.159668E-2	7.934570E-3
