June 02, 2009 17:07
529b02
H:\20090602-sws10-sls\LS_p36_d80_vp20_vd20.traj
lateral amplification = 100
normal amp = 100
pitch angle = -05
roll angle = 294
cantilever = 529b02
<data>
time	voltageForceLateral	voltageForceNormal	voltagePositionX	voltagePositionY
26.8281	-5.218506E-2	-8.850098E-2	1.129150E-2	9.155273E-3
26.8438	-6.408691E-2	-8.148193E-2	1.190186E-2	8.850098E-3
26.8594	-5.767822E-2	-8.178711E-2	1.190186E-2	9.155273E-3
26.8594	-5.981445E-2	-8.056641E-2	1.190186E-2	8.544922E-3
26.875	-5.523682E-2	-9.277344E-2	1.190186E-2	8.544922E-3
26.8906	-5.889893E-2	-8.392334E-2	1.190186E-2	9.155273E-3
26.8906	-5.920410E-2	-8.666992E-2	1.159668E-2	8.544922E-3
26.9063	-6.195068E-2	-8.850098E-2	1.129150E-2	9.460449E-3
26.9063	-6.530762E-2	-9.033203E-2	1.129150E-2	9.155273E-3
26.9219	-5.615234E-2	-9.185791E-2	1.190186E-2	9.155273E-3
26.9375	-6.134033E-2	-8.361816E-2	1.159668E-2	9.155273E-3
26.9375	-6.134033E-2	-9.155273E-2	1.190186E-2	8.544922E-3
26.9531	-6.011963E-2	-8.819580E-2	1.190186E-2	8.850098E-3
26.9531	-6.256104E-2	-8.514404E-2	1.190186E-2	8.850098E-3
26.9688	-5.920410E-2	-9.552002E-2	1.159668E-2	9.155273E-3
26.9844	-6.072998E-2	-8.789062E-2	1.159668E-2	8.850098E-3
26.9844	-5.798340E-2	-9.124756E-2	1.159668E-2	8.850098E-3
27.0	-5.798340E-2	-9.033203E-2	1.190186E-2	9.155273E-3
27.0156	-5.737305E-2	-8.300781E-2	1.159668E-2	8.850098E-3
27.0156	-5.737305E-2	-8.666992E-2	1.129150E-2	9.460449E-3
27.0313	-5.584717E-2	-9.399414E-2	1.159668E-2	8.850098E-3
27.0469	-5.676270E-2	-8.819580E-2	1.220703E-2	8.850098E-3
27.0469	-5.767822E-2	-8.575439E-2	1.159668E-2	8.850098E-3
27.0625	-6.072998E-2	-8.514404E-2	1.220703E-2	8.850098E-3
27.0781	-5.950928E-2	-8.728027E-2	1.220703E-2	8.850098E-3
27.0781	-6.103516E-2	-8.300781E-2	1.190186E-2	8.850098E-3
27.0938	-5.737305E-2	-8.087158E-2	1.159668E-2	8.544922E-3
27.1094	-5.859375E-2	-9.063721E-2	1.159668E-2	8.544922E-3
27.1094	-5.828857E-2	-8.453369E-2	1.159668E-2	8.544922E-3
27.125	-5.706787E-2	-8.941650E-2	1.129150E-2	8.544922E-3
27.1406	-6.286621E-2	-8.758545E-2	1.159668E-2	8.544922E-3
27.1406	-5.584717E-2	-9.094238E-2	1.190186E-2	9.460449E-3
27.1563	-6.561279E-2	-8.544922E-2	1.129150E-2	8.544922E-3
27.1563	-5.889893E-2	-9.124756E-2	1.159668E-2	8.850098E-3
27.1719	-6.072998E-2	-9.674072E-2	1.251221E-2	8.544922E-3
27.1875	-6.622314E-2	-8.056641E-2	1.190186E-2	9.155273E-3
27.1875	-5.676270E-2	-9.063721E-2	1.190186E-2	8.544922E-3
27.2031	-6.256104E-2	-8.850098E-2	1.159668E-2	8.850098E-3
27.2188	-6.103516E-2	-8.636475E-2	1.129150E-2	9.460449E-3
27.2188	-6.011963E-2	-8.666992E-2	1.220703E-2	9.460449E-3
27.2344	-6.256104E-2	-9.002686E-2	1.159668E-2	8.544922E-3
27.25	-6.225586E-2	-8.758545E-2	1.190186E-2	8.850098E-3
27.25	-5.615234E-2	-8.361816E-2	1.220703E-2	9.460449E-3
27.2656	-5.249023E-2	-9.063721E-2	1.220703E-2	8.850098E-3
27.2656	-5.401611E-2	-8.636475E-2	1.190186E-2	8.544922E-3
27.2813	-6.195068E-2	-8.728027E-2	1.190186E-2	8.850098E-3
27.2969	-5.981445E-2	-8.544922E-2	1.129150E-2	8.850098E-3
27.2969	-6.530762E-2	-8.636475E-2	1.220703E-2	8.850098E-3
27.3125	-6.134033E-2	-8.819580E-2	1.159668E-2	8.544922E-3
27.3281	-6.225586E-2	-7.781982E-2	1.129150E-2	8.850098E-3
27.3281	-5.645752E-2	-8.148193E-2	1.159668E-2	8.544922E-3
27.3438	-5.249023E-2	-8.666992E-2	1.159668E-2	9.155273E-3
27.3438	-5.676270E-2	-9.033203E-2	1.220703E-2	8.544922E-3
27.3594	-4.974365E-2	-9.368896E-2	1.159668E-2	9.155273E-3
27.375	-5.584717E-2	-8.972168E-2	1.159668E-2	8.544922E-3
27.375	-5.584717E-2	-8.636475E-2	1.190186E-2	8.544922E-3
27.3906	-5.462646E-2	-8.605957E-2	1.159668E-2	8.544922E-3
27.4063	-5.859375E-2	-8.361816E-2	1.159668E-2	8.544922E-3
27.4063	-6.195068E-2	-7.873535E-2	1.098633E-2	8.239746E-3
27.4219	-5.981445E-2	-8.911133E-2	1.159668E-2	8.850098E-3
27.4375	-5.615234E-2	-8.178711E-2	1.220703E-2	8.544922E-3
27.4375	-6.286621E-2	-8.880615E-2	1.129150E-2	8.850098E-3
27.4531	-6.195068E-2	-8.422852E-2	1.190186E-2	9.155273E-3
27.4688	-6.225586E-2	-8.392334E-2	1.220703E-2	8.544922E-3
27.4688	-5.401611E-2	-9.033203E-2	1.220703E-2	8.239746E-3
27.4844	-5.432129E-2	-8.514404E-2	1.159668E-2	8.850098E-3
27.5	-5.371094E-2	-8.392334E-2	1.190186E-2	8.850098E-3
27.5	-5.767822E-2	-8.209229E-2	1.190186E-2	9.155273E-3
27.5156	-5.493164E-2	-9.429932E-2	1.190186E-2	8.544922E-3
27.5156	-6.134033E-2	-8.209229E-2	1.190186E-2	8.239746E-3
27.5313	-6.561279E-2	-7.995605E-2	1.159668E-2	8.850098E-3
27.5469	-5.950928E-2	-8.117676E-2	1.190186E-2	8.239746E-3
27.5469	-5.767822E-2	-8.300781E-2	1.129150E-2	8.850098E-3
27.5625	-5.401611E-2	-8.758545E-2	1.220703E-2	8.850098E-3
27.5781	-6.378174E-2	-8.331299E-2	1.159668E-2	8.239746E-3
27.5781	-6.195068E-2	-7.751465E-2	1.220703E-2	8.850098E-3
27.5938	-6.347656E-2	-8.636475E-2	1.129150E-2	9.155273E-3
27.6094	-5.737305E-2	-8.392334E-2	1.190186E-2	9.460449E-3
27.6094	-6.500244E-2	-8.758545E-2	1.190186E-2	8.850098E-3
27.625	-5.706787E-2	-9.521484E-2	1.190186E-2	9.155273E-3
27.6406	-5.889893E-2	-9.307861E-2	1.190186E-2	8.544922E-3
27.6406	-6.195068E-2	-8.636475E-2	1.190186E-2	9.155273E-3
27.6563	-5.676270E-2	-7.781982E-2	1.220703E-2	8.850098E-3
27.6563	-5.920410E-2	-8.544922E-2	1.190186E-2	9.155273E-3
27.6719	-6.011963E-2	-8.758545E-2	1.220703E-2	8.850098E-3
27.6875	-5.889893E-2	-9.002686E-2	1.190186E-2	8.544922E-3
27.6875	-5.249023E-2	-8.361816E-2	1.159668E-2	8.850098E-3
27.7031	-6.103516E-2	-8.941650E-2	1.220703E-2	8.850098E-3
27.7031	-6.408691E-2	-7.934570E-2	1.190186E-2	8.850098E-3
27.7188	-6.561279E-2	-8.300781E-2	1.190186E-2	8.544922E-3
27.7344	-5.889893E-2	-9.094238E-2	1.098633E-2	9.155273E-3
27.7344	-6.103516E-2	-8.239746E-2	1.159668E-2	8.850098E-3
27.75	-5.706787E-2	-8.331299E-2	1.159668E-2	8.544922E-3
27.7656	-5.981445E-2	-8.239746E-2	1.159668E-2	8.544922E-3
27.7656	-6.134033E-2	-8.514404E-2	1.220703E-2	8.850098E-3
27.7813	-5.401611E-2	-8.544922E-2	1.098633E-2	9.765625E-3
27.7969	-5.187988E-2	-8.422852E-2	1.159668E-2	8.544922E-3
27.7969	-5.737305E-2	-9.124756E-2	1.190186E-2	8.544922E-3
27.8125	-6.225586E-2	-8.270264E-2	1.159668E-2	8.544922E-3
27.8281	-5.157471E-2	-9.399414E-2	1.708984E-2	8.850098E-3
27.8281	-5.310059E-2	-8.758545E-2	3.234863E-2	8.850098E-3
27.8438	-5.706787E-2	-8.453369E-2	5.615234E-2	8.544922E-3
27.8594	-6.530762E-2	-8.270264E-2	7.904053E-2	8.239746E-3
27.8594	-5.676270E-2	-8.636475E-2	9.277344E-2	8.544922E-3
27.875	-6.439209E-2	-8.422852E-2	1.153564E-1	8.239746E-3
27.8906	-5.798340E-2	-9.063721E-2	1.397705E-1	8.544922E-3
27.8906	-6.561279E-2	-9.094238E-2	1.531982E-1	8.850098E-3
27.9063	-6.317139E-2	-9.155273E-2	1.788330E-1	8.850098E-3
27.9063	-6.164551E-2	-8.056641E-2	2.008057E-1	8.544922E-3
27.9219	-5.767822E-2	-9.613037E-2	2.133179E-1	8.544922E-3
27.9375	-6.988525E-2	-8.728027E-2	2.371216E-1	8.544922E-3
27.9375	-6.072998E-2	-8.972168E-2	2.578735E-1	8.544922E-3
27.9531	-5.584717E-2	-8.728027E-2	2.728271E-1	8.850098E-3
27.9688	-5.462646E-2	-1.004028E-1	2.972412E-1	8.544922E-3
27.9688	-5.493164E-2	-9.948730E-2	3.195190E-1	9.155273E-3
27.9844	-5.035400E-2	-9.674072E-2	3.326416E-1	8.850098E-3
28.0	-6.439209E-2	-8.178711E-2	3.579712E-1	8.850098E-3
28.0	-6.378174E-2	-9.582520E-2	3.802490E-1	9.155273E-3
28.0156	-6.652832E-2	-9.246826E-2	3.927612E-1	9.460449E-3
28.0156	-6.469727E-2	-9.094238E-2	4.153442E-1	8.544922E-3
28.0313	-7.019043E-2	-9.338379E-2	4.400635E-1	8.850098E-3
28.0469	-6.103516E-2	-9.490967E-2	4.528809E-1	8.544922E-3
28.0469	-5.737305E-2	-1.022339E-1	4.763794E-1	8.850098E-3
28.0625	-5.767822E-2	-9.735107E-2	4.995728E-1	8.544922E-3
28.0781	-6.225586E-2	-9.399414E-2	5.123901E-1	8.544922E-3
28.0781	-5.889893E-2	-8.850098E-2	5.334473E-1	8.544922E-3
28.0938	-5.889893E-2	-9.460449E-2	5.596924E-1	8.850098E-3
28.0938	-6.469727E-2	-9.674072E-2	5.722046E-1	9.155273E-3
28.1094	-6.347656E-2	-1.028442E-1	5.969238E-1	8.239746E-3
28.125	-7.019043E-2	-9.124756E-2	6.192017E-1	9.155273E-3
28.125	-6.408691E-2	-9.948730E-2	6.320190E-1	8.850098E-3
28.1406	-5.798340E-2	-9.887695E-2	6.558228E-1	8.850098E-3
28.1563	-6.591797E-2	-9.185791E-2	6.762695E-1	8.544922E-3
28.1563	-5.920410E-2	-1.019287E-1	6.900024E-1	9.155273E-3
28.1719	-5.981445E-2	-1.016235E-1	7.159424E-1	9.155273E-3
28.1875	-5.920410E-2	-1.058960E-1	7.385254E-1	8.544922E-3
28.1875	-6.683350E-2	-9.033203E-2	7.513428E-1	9.155273E-3
28.2031	-6.744385E-2	-1.062012E-1	7.763672E-1	8.850098E-3
28.2188	-6.652832E-2	-1.007080E-1	7.986450E-1	9.155273E-3
28.2188	-6.317139E-2	-1.077271E-1	8.108521E-1	8.850098E-3
28.2344	-6.439209E-2	-9.582520E-2	8.328247E-1	8.544922E-3
28.25	-6.042480E-2	-1.055908E-1	8.535767E-1	8.850098E-3
28.25	-6.134033E-2	-1.022339E-1	8.703613E-1	9.155273E-3
28.2656	-6.652832E-2	-1.019287E-1	8.950806E-1	8.850098E-3
28.2656	-7.293701E-2	-1.028442E-1	9.146118E-1	8.850098E-3
28.2813	-6.530762E-2	-1.074219E-1	9.301758E-1	8.239746E-3
28.2969	-5.920410E-2	-1.065063E-1	9.542847E-1	8.239746E-3
28.2969	-6.713867E-2	-1.071167E-1	9.768677E-1	8.850098E-3
28.3125	-6.439209E-2	-9.826660E-2	9.906006E-1	9.155273E-3
28.3281	-6.591797E-2	-9.857178E-2	1.015320E+0	8.544922E-3
28.3281	-6.866455E-2	-1.043701E-1	1.036377E+0	9.155273E-3
28.3438	-6.134033E-2	-1.135254E-1	1.050110E+0	8.850098E-3
28.3594	-6.164551E-2	-1.040649E-1	1.074219E+0	8.850098E-3
28.3594	-6.988525E-2	-1.007080E-1	1.093750E+0	8.850098E-3
28.375	-6.408691E-2	-1.052856E-1	1.109314E+0	9.155273E-3
28.3906	-6.927490E-2	-9.857178E-2	1.133728E+0	8.850098E-3
28.3906	-6.317139E-2	-1.028442E-1	1.156616E+0	9.155273E-3
28.4063	-6.042480E-2	-1.181030E-1	1.170654E+0	8.850098E-3
28.4063	-6.713867E-2	-1.113892E-1	1.190796E+0	8.850098E-3
28.4219	-6.439209E-2	-1.141357E-1	1.216736E+0	8.850098E-3
28.4375	-7.141113E-2	-9.979248E-2	1.229248E+0	8.850098E-3
28.4375	-7.019043E-2	-1.046753E-1	1.250916E+0	8.850098E-3
28.4531	-6.713867E-2	-1.123047E-1	1.276550E+0	8.850098E-3
28.4531	-6.744385E-2	-1.068115E-1	1.289062E+0	8.544922E-3
28.4688	-6.164551E-2	-1.101685E-1	1.312866E+0	9.460449E-3
28.4844	-6.500244E-2	-1.126099E-1	1.333008E+0	9.155273E-3
28.4844	-6.164551E-2	-1.138306E-1	1.348877E+0	9.460449E-3
28.5	-6.927490E-2	-1.046753E-1	1.373291E+0	8.850098E-3
28.5156	-7.110596E-2	-1.220703E-1	1.395874E+0	8.850098E-3
28.5156	-7.019043E-2	-1.239014E-1	1.408386E+0	8.239746E-3
28.5313	-7.202148E-2	-1.211548E-1	1.433105E+0	8.850098E-3
28.5469	-6.500244E-2	-1.071167E-1	1.455994E+0	8.850098E-3
28.5469	-6.744385E-2	-1.177979E-1	1.467896E+0	8.850098E-3
28.5625	-6.195068E-2	-1.251221E-1	1.492920E+0	8.850098E-3
28.5781	-6.469727E-2	-1.232910E-1	1.512146E+0	8.544922E-3
28.5781	-6.591797E-2	-1.226807E-1	1.527710E+0	9.460449E-3
28.5938	-6.896973E-2	-1.138306E-1	1.552124E+0	8.239746E-3
28.6094	-7.263184E-2	-1.107788E-1	1.574402E+0	8.544922E-3
28.6094	-6.744385E-2	-1.113892E-1	1.587524E+0	9.155273E-3
28.625	-7.232666E-2	-1.184082E-1	1.609497E+0	8.850098E-3
28.6406	-7.080078E-2	-1.107788E-1	1.634827E+0	9.155273E-3
28.6406	-6.896973E-2	-1.290894E-1	1.647644E+0	8.850098E-3
28.6563	-6.927490E-2	-1.217651E-1	1.672058E+0	8.850098E-3
28.6563	-6.622314E-2	-1.281738E-1	1.694031E+0	8.544922E-3
28.6719	-7.171631E-2	-1.278687E-1	1.707153E+0	8.850098E-3
28.6875	-6.744385E-2	-1.248169E-1	1.731262E+0	8.544922E-3
28.6875	-6.835937E-2	-1.263428E-1	1.751404E+0	9.460449E-3
28.7031	-7.263184E-2	-1.251221E-1	1.766663E+0	9.155273E-3
28.7188	-7.232666E-2	-1.287842E-1	1.790771E+0	8.850098E-3
28.7188	-6.896973E-2	-1.300049E-1	1.813965E+0	8.850098E-3
28.7344	-7.324219E-2	-1.272583E-1	1.826172E+0	9.155273E-3
28.75	-6.744385E-2	-1.205444E-1	1.851501E+0	8.850098E-3
28.75	-7.263184E-2	-1.260376E-1	1.873779E+0	8.239746E-3
28.7656	-7.141113E-2	-1.232910E-1	1.886597E+0	9.460449E-3
28.7656	-7.385254E-2	-1.330566E-1	1.908264E+0	9.460449E-3
28.7813	-7.537842E-2	-1.239014E-1	1.932983E+0	8.544922E-3
28.7969	-7.934570E-2	-1.275635E-1	1.945801E+0	9.460449E-3
28.7969	-8.087158E-2	-1.364136E-1	1.970215E+0	9.155273E-3
28.8125	-7.812500E-2	-1.287842E-1	1.989136E+0	9.155273E-3
28.8281	-8.331299E-2	-1.217651E-1	2.005310E+0	8.544922E-3
28.8281	-7.141113E-2	-1.324463E-1	2.030334E+0	8.850098E-3
28.8438	-6.988525E-2	-1.339722E-1	2.052917E+0	8.850098E-3
28.8438	-7.843018E-2	-1.409912E-1	2.065430E+0	9.155273E-3
28.8594	-7.690430E-2	-1.422119E-1	2.090759E+0	8.239746E-3
28.875	-7.263184E-2	-1.403809E-1	2.112427E+0	9.460449E-3
28.875	-7.110596E-2	-1.419067E-1	2.125244E+0	8.850098E-3
28.8906	-7.446289E-2	-1.412964E-1	2.149658E+0	9.155273E-3
28.9063	-7.202148E-2	-1.428223E-1	2.169495E+0	8.850098E-3
28.9063	-7.843018E-2	-1.388550E-1	2.182007E+0	9.460449E-3
28.9219	-8.453369E-2	-1.321411E-1	2.203064E+0	8.850098E-3
28.9375	-6.958008E-2	-1.416016E-1	2.226562E+0	9.155273E-3
28.9375	-7.751465E-2	-1.397705E-1	2.244263E+0	9.155273E-3
28.9531	-7.751465E-2	-1.391602E-1	2.268982E+0	9.155273E-3
28.9688	-7.446289E-2	-1.464844E-1	2.290955E+0	8.850098E-3
28.9688	-7.202148E-2	-1.446533E-1	2.304077E+0	9.155273E-3
28.9844	-7.232666E-2	-1.477051E-1	2.325745E+0	8.544922E-3
29.0	-8.056641E-2	-1.434326E-1	2.350464E+0	8.850098E-3
29.0	-7.995605E-2	-1.458740E-1	2.363586E+0	8.850098E-3
29.0156	-7.324219E-2	-1.541138E-1	2.388000E+0	9.155273E-3
29.0156	-8.087158E-2	-1.528931E-1	2.407837E+0	8.239746E-3
29.0313	-7.873535E-2	-1.565552E-1	2.423401E+0	8.850098E-3
29.0469	-8.331299E-2	-1.553345E-1	2.447815E+0	8.850098E-3
29.0469	-8.087158E-2	-1.632690E-1	2.470093E+0	8.544922E-3
29.0625	-7.629395E-2	-1.589966E-1	2.481995E+0	8.850098E-3
29.0781	-8.605957E-2	-1.632690E-1	2.507935E+0	8.850098E-3
29.0781	-1.004028E-1	-2.389526E-1	2.530823E+0	8.544922E-3
29.0938	-8.819580E-2	-2.267456E-1	2.542725E+0	8.850098E-3
29.1094	-9.979248E-2	-1.977539E-1	2.567139E+0	8.544922E-3
29.1094	-7.476807E-2	-1.632690E-1	2.586670E+0	9.155273E-3
29.125	-7.659912E-2	-1.428223E-1	2.601929E+0	9.155273E-3
29.125	-6.469727E-2	-1.071167E-1	2.625122E+0	8.850098E-3
29.1406	-6.683350E-2	-6.103516E-2	2.649841E+0	9.460449E-3
29.1563	-5.828857E-2	-3.936768E-2	2.661743E+0	8.544922E-3
29.1563	-5.554199E-2	-1.007080E-2	2.683411E+0	9.155273E-3
29.1719	-4.638672E-2	2.593994E-2	2.708740E+0	9.460449E-3
29.1875	-4.974365E-2	5.676270E-2	2.721863E+0	8.850098E-3
29.1875	-3.997803E-2	8.972168E-2	2.743530E+0	8.850098E-3
29.2031	-3.173828E-2	1.296997E-1	2.769470E+0	8.239746E-3
29.2031	-3.082275E-2	1.528931E-1	2.781067E+0	8.850098E-3
29.2188	-2.227783E-2	1.904297E-1	2.805786E+0	9.155273E-3
29.2344	-2.014160E-2	2.203369E-1	2.825928E+0	9.155273E-3
29.2344	-8.544922E-3	2.511597E-1	2.841187E+0	9.460449E-3
29.25	-1.525879E-2	2.899170E-1	2.865906E+0	8.850098E-3
29.2656	2.136230E-3	3.292847E-1	2.888489E+0	8.850098E-3
29.2656	1.220703E-3	3.524780E-1	2.900696E+0	8.544922E-3
29.2813	1.281738E-2	3.839111E-1	2.926636E+0	8.544922E-3
29.2969	1.403809E-2	4.248047E-1	2.948608E+0	9.460449E-3
29.2969	2.838135E-2	4.425049E-1	2.961121E+0	8.850098E-3
29.3125	2.288818E-2	4.876709E-1	2.985229E+0	8.850098E-3
29.3281	3.326416E-2	5.114746E-1	3.004761E+0	8.850098E-3
29.3281	3.692627E-2	5.514526E-1	3.020325E+0	9.155273E-3
29.3438	4.150391E-2	5.810547E-1	3.044434E+0	8.850098E-3
29.3594	5.187988E-2	6.225586E-1	3.067932E+0	8.544922E-3
29.3594	5.920410E-2	6.500244E-1	3.079834E+0	9.155273E-3
29.375	6.042480E-2	6.768799E-1	3.101807E+0	8.850098E-3
29.3906	6.927490E-2	7.278442E-1	3.126221E+0	9.765625E-3
29.3906	6.439209E-2	7.534790E-1	3.139343E+0	8.544922E-3
29.4063	7.598877E-2	7.922363E-1	3.164978E+0	8.544922E-3
29.4063	8.422852E-2	8.154297E-1	3.184509E+0	8.239746E-3
29.4219	9.002686E-2	8.532715E-1	3.199463E+0	8.850098E-3
29.4375	1.010132E-1	8.990479E-1	3.223572E+0	9.155273E-3
29.4375	1.025391E-1	9.274292E-1	3.244324E+0	9.155273E-3
29.4531	1.025391E-1	9.487915E-1	3.259583E+0	7.934570E-3
29.4688	1.156616E-1	9.896851E-1	3.283997E+0	9.155273E-3
29.4688	1.269531E-1	1.033020E+0	3.305664E+0	9.155273E-3
29.4844	1.278687E-1	1.055298E+0	3.318787E+0	9.765625E-3
29.5	1.287842E-1	1.108704E+0	3.343506E+0	9.155273E-3
29.5	1.348877E-1	1.140442E+0	3.367004E+0	8.544922E-3
29.5156	1.498413E-1	1.163940E+0	3.378906E+0	9.155273E-3
29.5156	1.473999E-1	1.196899E+0	3.400574E+0	8.850098E-3
29.5313	1.531982E-1	1.252136E+0	3.426208E+0	9.155273E-3
29.5469	1.593018E-1	1.276855E+0	3.437805E+0	8.850098E-3
29.5469	1.632690E-1	1.311951E+0	3.462219E+0	8.850098E-3
29.5625	1.766968E-1	1.357727E+0	3.484497E+0	9.155273E-3
29.5781	1.788330E-1	1.369019E+0	3.497620E+0	8.239746E-3
29.5781	1.837158E-1	1.418762E+0	3.519592E+0	9.460449E-3
29.5938	1.937866E-1	1.453552E+0	3.545532E+0	9.460449E-3
29.5938	1.928711E-1	1.483765E+0	3.556824E+0	8.850098E-3
29.6094	2.020264E-1	1.528625E+0	3.581848E+0	8.850098E-3
29.625	2.102661E-1	1.541443E+0	3.593750E+0	9.155273E-3
29.625	2.062988E-1	1.523437E+0	3.593445E+0	2.655029E-2
29.6406	1.980591E-1	1.520996E+0	3.592224E+0	4.852295E-2
29.6563	1.928711E-1	1.516113E+0	3.590393E+0	6.744385E-2
29.6563	1.947021E-1	1.505127E+0	3.589172E+0	8.697510E-2
29.6719	1.950073E-1	1.496582E+0	3.588867E+0	1.080322E-1
29.6875	1.922607E-1	1.483765E+0	3.586731E+0	1.278687E-1
29.6875	1.861572E-1	1.482849E+0	3.587036E+0	1.486206E-1
29.7031	1.815796E-1	1.472168E+0	3.585205E+0	1.684570E-1
29.7188	1.782227E-1	1.462708E+0	3.583984E+0	1.879883E-1
29.7188	1.806641E-1	1.450500E+0	3.583069E+0	2.072144E-1
29.7344	1.760864E-1	1.430664E+0	3.580933E+0	2.288818E-1
29.75	1.782227E-1	1.428223E+0	3.580017E+0	2.484131E-1
29.75	1.614380E-1	1.410522E+0	3.579102E+0	2.667236E-1
29.7656	1.647949E-1	1.411133E+0	3.578186E+0	2.890015E-1
29.7813	1.580811E-1	1.387024E+0	3.576355E+0	3.076172E-1
29.7813	1.605225E-1	1.386108E+0	3.576050E+0	3.277588E-1
29.7969	1.596069E-1	1.363220E+0	3.575134E+0	3.488159E-1
29.7969	1.556396E-1	1.354980E+0	3.573608E+0	3.683472E-1
29.8125	1.544189E-1	1.350708E+0	3.572998E+0	3.857422E-1
29.8281	1.406860E-1	1.325378E+0	3.572693E+0	4.074097E-1
29.8281	1.385498E-1	1.329041E+0	3.570557E+0	4.272461E-1
29.8438	1.336670E-1	1.307373E+0	3.570557E+0	4.464722E-1
29.8594	1.211548E-1	1.303406E+0	3.569336E+0	4.675293E-1
29.8594	1.226807E-1	1.282043E+0	3.567810E+0	4.870605E-1
29.875	1.141357E-1	1.274109E+0	3.567810E+0	5.062866E-1
29.8906	1.101685E-1	1.268311E+0	3.566284E+0	5.279541E-1
29.8906	1.016235E-1	1.253052E+0	3.565369E+0	5.468750E-1
29.9063	1.010132E-1	1.231079E+0	3.564148E+0	5.667114E-1
29.9063	8.453369E-2	1.228027E+0	3.563538E+0	5.880737E-1
29.9219	8.666992E-2	1.213074E+0	3.561401E+0	6.079102E-1
29.9375	8.392334E-2	1.197205E+0	3.561707E+0	6.262207E-1
29.9375	7.568359E-2	1.181335E+0	3.560486E+0	6.475830E-1
29.9531	6.256104E-2	1.178589E+0	3.558044E+0	6.671143E-1
29.9531	6.622314E-2	1.152039E+0	3.557739E+0	6.860352E-1
29.9688	5.279541E-2	1.148376E+0	3.556213E+0	7.080078E-1
29.9844	5.249023E-2	1.127014E+0	3.555298E+0	7.275391E-1
29.9844	4.211426E-2	1.118774E+0	3.554687E+0	7.476807E-1
30.0	3.173828E-2	1.099243E+0	3.553467E+0	7.675171E-1
30.0156	2.990723E-2	1.075134E+0	3.552246E+0	7.873535E-1
30.0156	1.892090E-2	1.066895E+0	3.551636E+0	8.062744E-1
30.0313	1.525879E-2	1.056213E+0	3.549805E+0	8.276367E-1
30.0469	1.617432E-2	1.040649E+0	3.548889E+0	8.468628E-1
30.0469	-3.051758E-3	1.027222E+0	3.547668E+0	8.660889E-1
30.0625	4.272461E-3	1.008301E+0	3.547363E+0	8.871460E-1
30.0781	-1.800537E-2	9.802246E-1	3.545532E+0	9.063721E-1
30.0781	-1.953125E-2	9.844971E-1	3.544922E+0	9.268188E-1
30.0938	-2.807617E-2	9.689331E-1	3.544617E+0	9.472656E-1
30.1094	-3.570557E-2	9.512329E-1	3.542786E+0	9.667969E-1
30.1094	-3.967285E-2	9.252930E-1	3.542175E+0	9.863281E-1
30.125	-5.035400E-2	9.045410E-1	3.540955E+0	1.007690E+0
30.1406	-6.378174E-2	9.033203E-1	3.539734E+0	1.027222E+0
30.1406	-6.713867E-2	8.978271E-1	3.539734E+0	1.045532E+0
30.1563	-7.537842E-2	8.663940E-1	3.538208E+0	1.067810E+0
30.1563	-8.911133E-2	8.477783E-1	3.536377E+0	1.086121E+0
30.1719	-9.765625E-2	8.242798E-1	3.535461E+0	1.105347E+0
30.1875	-9.918213E-2	8.120728E-1	3.533936E+0	1.126099E+0
30.1875	-1.181030E-1	8.010864E-1	3.533325E+0	1.146240E+0
30.2031	-1.254272E-1	7.806396E-1	3.532104E+0	1.165771E+0
30.2188	-1.416016E-1	7.614136E-1	3.531494E+0	1.186218E+0
30.2188	-1.452637E-1	7.385254E-1	3.530579E+0	1.206360E+0
30.2344	-1.611328E-1	7.305908E-1	3.528748E+0	1.225281E+0
30.25	-1.754761E-1	7.141113E-1	3.527832E+0	1.246643E+0
30.25	-1.821899E-1	6.976318E-1	3.526611E+0	1.266174E+0
30.2656	-1.956177E-1	6.854248E-1	3.526306E+0	1.285095E+0
30.2656	-2.081299E-1	6.542969E-1	3.525391E+0	1.306763E+0
30.2813	-2.188110E-1	6.289673E-1	3.523865E+0	1.325684E+0
30.2969	-2.252197E-1	6.231689E-1	3.523254E+0	1.344299E+0
30.2969	-2.450562E-1	6.054687E-1	3.522034E+0	1.365967E+0
30.3125	-2.597046E-1	5.865479E-1	3.521118E+0	1.385803E+0
30.3281	-2.819824E-1	5.590820E-1	3.520203E+0	1.405029E+0
30.3281	-2.923584E-1	5.545044E-1	3.518982E+0	1.426392E+0
30.3438	-3.091431E-1	5.282593E-1	3.518066E+0	1.452026E+0
30.3438	-3.225708E-1	5.130005E-1	3.517151E+0	1.466064E+0
30.3594	-3.308105E-1	4.989624E-1	3.515930E+0	1.486816E+0
30.375	-3.503418E-1	4.690552E-1	3.513794E+0	1.504822E+0
30.375	-3.692627E-1	4.608154E-1	3.513184E+0	1.526184E+0
30.3906	-3.826904E-1	4.309082E-1	3.512878E+0	1.546326E+0
30.4063	-3.952026E-1	4.214478E-1	3.511353E+0	1.565857E+0
30.4063	-4.180908E-1	4.043579E-1	3.510132E+0	1.584167E+0
30.4219	-4.348755E-1	3.750610E-1	3.508911E+0	1.605835E+0
30.4375	-4.461670E-1	3.585815E-1	3.507996E+0	1.625671E+0
30.4375	-4.693604E-1	3.353882E-1	3.507690E+0	1.645508E+0
30.4531	-4.812622E-1	3.277588E-1	3.506165E+0	1.665955E+0
30.4688	-5.035400E-1	3.009033E-1	3.504944E+0	1.684875E+0
30.4688	-5.200195E-1	2.844238E-1	3.504639E+0	1.703796E+0
30.4844	-5.322266E-1	2.618408E-1	3.503418E+0	1.726685E+0
30.5	-5.554199E-1	2.343750E-1	3.502197E+0	1.745605E+0
30.5	-5.734253E-1	2.340698E-1	3.501587E+0	1.764832E+0
30.5156	-6.018066E-1	2.038574E-1	3.500061E+0	1.786194E+0
30.5313	-6.112671E-1	1.797485E-1	3.499146E+0	1.805420E+0
30.5313	-6.329346E-1	1.712036E-1	3.498535E+0	1.824951E+0
30.5469	-6.475830E-1	1.434326E-1	3.497314E+0	1.844788E+0
30.5469	-6.744385E-1	1.205444E-1	3.496094E+0	1.864014E+0
30.5625	-6.826782E-1	1.077271E-1	3.495483E+0	1.883545E+0
30.5781	-7.077026E-1	8.758545E-2	3.493958E+0	1.904907E+0
30.5781	-7.373047E-1	7.080078E-2	3.492737E+0	1.924438E+0
30.5938	-7.540894E-1	5.004883E-2	3.491516E+0	1.943054E+0
30.6094	-7.803345E-1	2.960205E-2	3.490295E+0	1.964722E+0
30.6094	-8.111572E-1	7.019043E-3	3.489380E+0	1.983948E+0
30.625	-8.227539E-1	-7.629395E-3	3.488770E+0	2.004089E+0
30.6406	-8.590698E-1	-2.349854E-2	3.487549E+0	2.024231E+0
30.6406	-8.712769E-1	-4.333496E-2	3.486633E+0	2.044373E+0
30.6563	-9.066772E-1	-6.225586E-2	3.484802E+0	2.063293E+0
30.6563	-9.237671E-1	-8.087158E-2	3.484497E+0	2.084656E+0
30.6719	-9.542847E-1	-1.132202E-1	3.483276E+0	2.103882E+0
30.6875	-9.750366E-1	-1.235962E-1	3.482971E+0	2.122803E+0
30.6875	-9.970093E-1	-1.498413E-1	3.481445E+0	2.144470E+0
30.7031	-1.016846E+0	-1.647949E-1	3.481140E+0	2.164612E+0
30.7031	-1.058655E+0	-1.950073E-1	3.479614E+0	2.183228E+0
30.7188	-1.073303E+0	-2.114868E-1	3.478394E+0	2.204590E+0
30.7344	-1.095581E+0	-2.313232E-1	3.477173E+0	2.224426E+0
30.7344	-1.128845E+0	-2.380371E-1	3.477173E+0	2.243958E+0
30.75	-1.157227E+0	-2.606201E-1	3.475342E+0	2.264709E+0
30.7656	-1.183777E+0	-2.926636E-1	3.474426E+0	2.283936E+0
30.7656	-1.211243E+0	-3.097534E-1	3.473206E+0	2.303467E+0
30.7813	-1.246338E+0	-3.262329E-1	3.472290E+0	2.324829E+0
30.7969	-1.276855E+0	-3.424072E-1	3.470459E+0	2.343750E+0
30.7969	-1.296082E+0	-3.643799E-1	3.470154E+0	2.362976E+0
30.8125	-1.329041E+0	-3.976440E-1	3.468323E+0	2.384949E+0
30.8281	-1.362000E+0	-4.251099E-1	3.467102E+0	2.403564E+0
30.8281	-1.379700E+0	-4.577637E-1	3.467102E+0	2.423096E+0
30.8438	-1.429749E+0	-4.626465E-1	3.465576E+0	2.443848E+0
30.8594	-1.451721E+0	-4.974365E-1	3.464966E+0	2.463379E+0
30.8594	-1.500244E+0	-5.139160E-1	3.463440E+0	2.484741E+0
30.875	-1.509705E+0	-5.456543E-1	3.462219E+0	2.503967E+0
30.8906	-1.558533E+0	-5.603027E-1	3.461609E+0	2.523804E+0
30.8906	-1.565857E+0	-5.746460E-1	3.460388E+0	2.542419E+0
30.9063	-1.624756E+0	-5.981445E-1	3.459167E+0	2.563171E+0
30.9063	-1.636963E+0	-6.112671E-1	3.458557E+0	2.582703E+0
30.9219	-1.702881E+0	-6.469727E-1	3.457336E+0	2.601624E+0
30.9375	-1.714783E+0	-6.604004E-1	3.456116E+0	2.623291E+0
30.9375	-1.754761E+0	-6.832886E-1	3.455505E+0	2.642822E+0
30.9531	-1.777649E+0	-7.025146E-1	3.454895E+0	2.662659E+0
30.9688	-1.823730E+0	-7.180786E-1	3.453979E+0	2.682800E+0
30.9688	-1.857605E+0	-7.443237E-1	3.452454E+0	2.702332E+0
30.9844	-1.895752E+0	-7.714844E-1	3.451538E+0	2.721558E+0
31.0	-1.943054E+0	-7.907104E-1	3.450317E+0	2.742615E+0
31.0	-1.970520E+0	-8.010864E-1	3.449707E+0	2.762451E+0
31.0156	-2.004395E+0	-8.135986E-1	3.448486E+0	2.781372E+0
31.0156	-2.043152E+0	-8.361816E-1	3.446655E+0	2.803040E+0
31.0313	-2.091064E+0	-8.572388E-1	3.445435E+0	2.822266E+0
31.0469	-2.132874E+0	-8.810425E-1	3.444519E+0	2.841492E+0
31.0469	-2.185974E+0	-9.060669E-1	3.444214E+0	2.863464E+0
31.0625	-2.194519E+0	-9.194946E-1	3.442078E+0	2.882080E+0
31.0781	-2.246399E+0	-9.359741E-1	3.441772E+0	2.901611E+0
31.0781	-2.265015E+0	-9.494019E-1	3.440552E+0	2.921753E+0
31.0938	-2.345886E+0	-9.732056E-1	3.439331E+0	2.942200E+0
31.0938	-2.359314E+0	-9.854126E-1	3.438110E+0	2.961121E+0
31.1094	-2.422791E+0	-1.013184E+0	3.437500E+0	2.983398E+0
31.125	-2.415161E+0	-1.021423E+0	3.436279E+0	3.002319E+0
31.125	-2.483215E+0	-1.038513E+0	3.435364E+0	3.020325E+0
31.1406	-2.502747E+0	-1.052856E+0	3.434143E+0	3.042297E+0
31.1563	-2.572327E+0	-1.081543E+0	3.433533E+0	3.061829E+0
31.1563	-2.589722E+0	-1.091614E+0	3.432312E+0	3.081665E+0
31.1719	-2.646179E+0	-1.116943E+0	3.432007E+0	3.102722E+0
31.1875	-2.665405E+0	-1.127625E+0	3.430176E+0	3.121643E+0
31.1875	-2.735596E+0	-1.146545E+0	3.429871E+0	3.141785E+0
31.2031	-2.750854E+0	-1.160583E+0	3.428955E+0	3.162231E+0
31.2188	-2.803650E+0	-1.187744E+0	3.427429E+0	3.181458E+0
31.2188	-2.835999E+0	-1.195679E+0	3.426208E+0	3.200989E+0
31.2344	-2.874451E+0	-1.218872E+0	3.425293E+0	3.222351E+0
31.25	-2.901001E+0	-1.219788E+0	3.422852E+0	3.241577E+0
31.25	-2.919617E+0	-1.236267E+0	3.422546E+0	3.260803E+0
31.2656	-2.901611E+0	-1.234131E+0	3.421631E+0	3.282166E+0
31.2656	-2.757568E+0	-1.187744E+0	3.420715E+0	3.301086E+0
31.2813	-2.684631E+0	-1.145325E+0	3.420105E+0	3.320007E+0
31.2969	-2.654114E+0	-1.133728E+0	3.418884E+0	3.340759E+0
31.2969	-2.671204E+0	-1.156006E+0	3.417358E+0	3.360901E+0
31.3125	-2.680054E+0	-1.156006E+0	3.416748E+0	3.379211E+0
31.3281	-2.711487E+0	-1.155701E+0	3.415833E+0	3.401794E+0
31.3281	-2.713928E+0	-1.166992E+0	3.414307E+0	3.421021E+0
31.3438	-2.763367E+0	-1.178894E+0	3.414307E+0	3.439941E+0
31.3594	-2.771301E+0	-1.191711E+0	3.413086E+0	3.460999E+0
31.3594	-2.832336E+0	-1.213074E+0	3.411560E+0	3.480530E+0
31.375	-2.838745E+0	-1.221008E+0	3.410645E+0	3.500366E+0
31.3906	-2.855225E+0	-1.217651E+0	3.410645E+0	3.521118E+0
31.3906	-2.814026E+0	-1.202393E+0	3.408813E+0	3.539734E+0
31.4063	-2.785339E+0	-1.207275E+0	3.407898E+0	3.560486E+0
31.4063	-2.708130E+0	-1.174011E+0	3.407288E+0	3.581238E+0
31.4219	-2.722168E+0	-1.171875E+0	3.405151E+0	3.600159E+0
31.4375	-2.707214E+0	-1.167603E+0	3.404846E+0	3.618774E+0
31.4375	-2.734070E+0	-1.187134E+0	3.402710E+0	3.641052E+0
31.4531	-2.749939E+0	-1.184082E+0	3.402100E+0	3.660889E+0
31.4531	-2.764893E+0	-1.198730E+0	3.400879E+0	3.678589E+0
31.4688	-2.768555E+0	-1.194153E+0	3.399658E+0	3.701172E+0
31.4844	-2.727356E+0	-1.169739E+0	3.398437E+0	3.719788E+0
31.4844	-2.742615E+0	-1.181641E+0	3.397827E+0	3.740234E+0
31.5	-2.724915E+0	-1.172791E+0	3.395996E+0	3.760071E+0
31.5156	-2.742004E+0	-1.184387E+0	3.395996E+0	3.779907E+0
31.5156	-2.738342E+0	-1.180420E+0	3.395081E+0	3.798828E+0
31.5313	-2.759399E+0	-1.185913E+0	3.393860E+0	3.820190E+0
31.5469	-2.747803E+0	-1.191101E+0	3.392334E+0	3.839417E+0
31.5469	-2.783508E+0	-1.205139E+0	3.391418E+0	3.858337E+0
31.5625	-2.757568E+0	-1.206055E+0	3.391113E+0	3.880310E+0
31.5781	-2.799377E+0	-1.201782E+0	3.389587E+0	3.899841E+0
31.5781	-2.788086E+0	-1.211548E+0	3.389282E+0	3.919067E+0
31.5938	-2.776489E+0	-1.195068E+0	3.387146E+0	3.939819E+0
31.6094	-2.758789E+0	-1.196594E+0	3.386536E+0	3.959045E+0
31.6094	-2.775574E+0	-1.208801E+0	3.385925E+0	3.978882E+0
31.625	-2.749023E+0	-1.191711E+0	3.385315E+0	3.999634E+0
31.6406	-2.751160E+0	-1.195679E+0	3.383789E+0	4.018555E+0
31.6406	-2.758484E+0	-1.192017E+0	3.382568E+0	4.037476E+0
31.6563	-2.742920E+0	-1.196899E+0	3.381958E+0	4.059143E+0
31.6563	-2.743225E+0	-1.191711E+0	3.380127E+0	4.078674E+0
31.6719	-2.760925E+0	-1.198425E+0	3.379517E+0	4.096680E+0
31.6875	-2.760315E+0	-1.189575E+0	3.378296E+0	4.118347E+0
31.6875	-2.741699E+0	-1.184998E+0	3.376770E+0	4.137878E+0
31.7031	-2.771912E+0	-1.202087E+0	3.376160E+0	4.157104E+0
31.7188	-2.763367E+0	-1.198730E+0	3.375244E+0	4.178162E+0
31.7188	-2.780457E+0	-1.208496E+0	3.374023E+0	4.198608E+0
31.7344	-2.763367E+0	-1.199341E+0	3.373413E+0	4.217224E+0
31.75	-2.767639E+0	-1.204834E+0	3.372192E+0	4.238281E+0
31.75	-2.752686E+0	-1.200256E+0	3.371277E+0	4.258118E+0
31.7656	-2.767334E+0	-1.212769E+0	3.369751E+0	4.276428E+0
31.7656	-2.759705E+0	-1.202698E+0	3.369141E+0	4.299011E+0
31.7813	-2.779236E+0	-1.210632E+0	3.367920E+0	4.317627E+0
31.7969	-2.782898E+0	-1.221619E+0	3.367615E+0	4.336853E+0
31.7969	-2.802124E+0	-1.221008E+0	3.366394E+0	4.357910E+0
31.8125	-2.819824E+0	-1.239319E+0	3.364258E+0	4.377441E+0
31.8281	-2.831116E+0	-1.227112E+0	3.364258E+0	4.396057E+0
31.8281	-2.804260E+0	-1.227417E+0	3.363037E+0	4.417419E+0
31.8438	-2.766418E+0	-1.206360E+0	3.362122E+0	4.436340E+0
31.8438	-2.775269E+0	-1.211243E+0	3.361511E+0	4.455566E+0
31.8594	-2.745056E+0	-1.211548E+0	3.359680E+0	4.477844E+0
31.875	-2.778320E+0	-1.218262E+0	3.358154E+0	4.496765E+0
31.875	-2.792664E+0	-1.227417E+0	3.357239E+0	4.515381E+0
31.8906	-2.826538E+0	-1.225586E+0	3.355713E+0	4.537354E+0
31.9063	-2.804871E+0	-1.235352E+0	3.354797E+0	4.556580E+0
31.9063	-2.841797E+0	-1.234741E+0	3.354492E+0	4.575806E+0
31.9219	-2.791443E+0	-1.218262E+0	3.352966E+0	4.597778E+0
31.9375	-2.791748E+0	-1.224976E+0	3.351440E+0	4.616089E+0
31.9375	-2.774658E+0	-1.216431E+0	3.351746E+0	4.635315E+0
31.9531	-2.777405E+0	-1.229858E+0	3.350525E+0	4.656677E+0
31.9688	-2.792969E+0	-1.222839E+0	3.348999E+0	4.675903E+0
31.9688	-2.842407E+0	-1.254883E+0	3.348999E+0	4.694519E+0
31.9844	-2.883911E+0	-1.250000E+0	3.347473E+0	4.716797E+0
32.0	-2.913513E+0	-1.276550E+0	3.346558E+0	4.735718E+0
32.0	-2.925415E+0	-1.284485E+0	3.345337E+0	4.753113E+0
32.0156	-2.964783E+0	-1.300659E+0	3.344116E+0	4.774475E+0
32.0156	-2.979431E+0	-1.307373E+0	3.343201E+0	4.794312E+0
32.0313	-2.994080E+0	-1.310120E+0	3.342285E+0	4.813538E+0
32.0469	-2.911682E+0	-1.279297E+0	3.340759E+0	4.834595E+0
32.0469	-2.819214E+0	-1.247559E+0	3.339539E+0	4.853516E+0
32.0625	-2.830200E+0	-1.255188E+0	3.338928E+0	4.872742E+0
32.0781	-2.854004E+0	-1.260681E+0	3.338013E+0	4.894104E+0
32.0781	-2.904053E+0	-1.275635E+0	3.336487E+0	4.913635E+0
32.0938	-2.936707E+0	-1.285095E+0	3.335876E+0	4.932556E+0
32.1094	-2.949524E+0	-1.283875E+0	3.334045E+0	4.954224E+0
32.1094	-2.944031E+0	-1.301270E+0	3.333130E+0	4.973450E+0
32.125	-2.964783E+0	-1.294556E+0	3.333130E+0	4.992676E+0
32.1406	-2.864685E+0	-1.262512E+0	3.330383E+0	5.014038E+0
32.1406	-2.823792E+0	-1.244507E+0	3.329773E+0	5.033264E+0
32.1563	-2.792969E+0	-1.235352E+0	3.329163E+0	5.052185E+0
32.1563	-2.822876E+0	-1.251831E+0	3.328857E+0	5.073242E+0
32.1719	-2.797852E+0	-1.235352E+0	3.327637E+0	5.093384E+0
32.1875	-2.817078E+0	-1.243286E+0	3.326111E+0	5.111389E+0
32.1875	-2.807922E+0	-1.235046E+0	3.325806E+0	5.133057E+0
32.2031	-2.801819E+0	-1.242981E+0	3.323669E+0	5.152588E+0
32.2031	-2.794800E+0	-1.230469E+0	3.323059E+0	5.170593E+0
32.2188	-2.794495E+0	-1.242371E+0	3.321838E+0	5.193481E+0
32.2344	-2.784729E+0	-1.224365E+0	3.321533E+0	5.212402E+0
32.2344	-2.805481E+0	-1.243896E+0	3.320618E+0	5.231628E+0
32.25	-2.808228E+0	-1.248474E+0	3.318787E+0	5.252075E+0
32.2656	-2.816772E+0	-1.240540E+0	3.317871E+0	5.271912E+0
32.2656	-2.820129E+0	-1.250610E+0	3.317566E+0	5.290527E+0
32.2813	-2.826538E+0	-1.246948E+0	3.316040E+0	5.312500E+0
32.2969	-2.816467E+0	-1.245422E+0	3.314209E+0	5.331116E+0
32.2969	-2.796936E+0	-1.237183E+0	3.313904E+0	5.349731E+0
32.3125	-2.758179E+0	-1.228943E+0	3.311462E+0	5.372314E+0
32.3281	-2.783203E+0	-1.230774E+0	3.311157E+0	5.390625E+0
32.3281	-2.796326E+0	-1.234131E+0	3.310547E+0	5.410461E+0
32.3438	-2.760620E+0	-1.220703E+0	3.309021E+0	5.431519E+0
32.3594	-2.750244E+0	-1.212463E+0	3.307800E+0	5.450439E+0
32.3594	-2.713928E+0	-1.195679E+0	3.307495E+0	5.469055E+0
32.375	-2.297974E+0	-9.991455E-1	3.306885E+0	5.489502E+0
32.3906	-7.812500E-2	-1.327515E-1	3.305054E+0	5.509644E+0
32.3906	-8.178711E-2	-1.251221E-1	3.304749E+0	5.528564E+0
32.4063	-8.148193E-2	-1.278687E-1	3.303528E+0	5.549927E+0
32.4063	-8.026123E-2	-1.345825E-1	3.301392E+0	5.568237E+0
32.4219	-8.056641E-2	-1.300049E-1	3.301697E+0	5.587158E+0
32.4375	-7.934570E-2	-1.321411E-1	3.300781E+0	5.609436E+0
32.4375	-8.117676E-2	-1.324463E-1	3.299561E+0	5.628357E+0
32.4531	-7.843018E-2	-1.342773E-1	3.298950E+0	5.647583E+0
32.4688	-8.117676E-2	-1.342773E-1	3.297424E+0	5.668335E+0
32.4688	-8.575439E-2	-1.312256E-1	3.297119E+0	5.688171E+0
32.4844	-7.995605E-2	-1.330566E-1	3.295593E+0	5.707397E+0
32.5	-8.331299E-2	-1.263428E-1	3.294373E+0	5.728149E+0
32.5	-7.781982E-2	-1.339722E-1	3.292847E+0	5.747375E+0
32.5156	-7.598877E-2	-1.339722E-1	3.291931E+0	5.766602E+0
32.5156	-7.415771E-2	-1.287842E-1	3.290405E+0	5.788574E+0
32.5313	-8.728027E-2	-1.269531E-1	3.288879E+0	5.807495E+0
32.5469	-8.148193E-2	-1.361084E-1	3.288879E+0	5.825500E+0
32.5469	-8.361816E-2	-1.333618E-1	3.287659E+0	5.848083E+0
32.5625	-7.873535E-2	-1.242065E-1	3.286133E+0	5.867004E+0
32.5781	-8.117676E-2	-1.315308E-1	3.285217E+0	5.885925E+0
32.5781	-7.934570E-2	-1.284790E-1	3.284302E+0	5.907288E+0
32.5938	-8.331299E-2	-1.211548E-1	3.283081E+0	5.926514E+0
32.5938	-7.446289E-2	-1.300049E-1	3.281860E+0	5.944824E+0
32.6094	-7.934570E-2	-1.287842E-1	3.281860E+0	5.967102E+0
32.625	-6.958008E-2	-1.354980E-1	3.279724E+0	5.985413E+0
32.625	-8.361816E-2	-1.272583E-1	3.279724E+0	6.004333E+0
32.6406	-7.446289E-2	-1.266479E-1	3.278809E+0	6.026611E+0
32.6563	-8.026123E-2	-1.303101E-1	3.277283E+0	6.044922E+0
32.6563	-8.270264E-2	-1.257324E-1	3.276062E+0	6.064453E+0
32.6719	-7.354736E-2	-1.351929E-1	3.275452E+0	6.086121E+0
32.6875	-8.026123E-2	-1.272583E-1	3.273926E+0	6.104736E+0
32.6875	-8.422852E-2	-1.300049E-1	3.273315E+0	6.124268E+0
32.7031	-7.873535E-2	-1.333618E-1	3.272400E+0	6.145630E+0
32.7188	-8.331299E-2	-1.239014E-1	3.271484E+0	6.164551E+0
32.7188	-7.415771E-2	-1.293945E-1	3.270874E+0	6.184082E+0
32.7344	-8.178711E-2	-1.239014E-1	3.268433E+0	6.203308E+0
32.75	-6.835937E-2	-1.300049E-1	3.267517E+0	6.223145E+0
32.75	-7.598877E-2	-1.287842E-1	3.265991E+0	6.241760E+0
32.7656	-7.690430E-2	-1.284790E-1	3.265686E+0	6.263428E+0
32.7656	-8.331299E-2	-1.208496E-1	3.264465E+0	6.282043E+0
32.7813	-7.843018E-2	-1.284790E-1	3.263550E+0	6.301880E+0
32.7969	-8.026123E-2	-1.290894E-1	3.262939E+0	6.322632E+0
32.7969	-7.476807E-2	-1.269531E-1	3.261108E+0	6.341858E+0
32.8125	-7.629395E-2	-1.287842E-1	3.261414E+0	6.360474E+0
32.8281	-8.087158E-2	-1.312256E-1	3.259583E+0	6.382446E+0
32.8281	-7.934570E-2	-1.315308E-1	3.258362E+0	6.401367E+0
32.8438	-8.392334E-2	-1.272583E-1	3.257751E+0	6.419678E+0
32.8594	-8.117676E-2	-1.266479E-1	3.256226E+0	6.441650E+0
32.8594	-7.873535E-2	-1.263428E-1	3.255615E+0	6.461182E+0
32.875	-7.659912E-2	-1.287842E-1	3.255005E+0	6.480713E+0
32.8906	-8.056641E-2	-1.312256E-1	3.253784E+0	6.501465E+0
32.8906	-7.659912E-2	-1.223755E-1	3.252563E+0	6.520386E+0
32.9063	-8.483887E-2	-1.245117E-1	3.251953E+0	6.539307E+0
32.9063	-7.751465E-2	-1.321411E-1	3.250732E+0	6.560974E+0
32.9219	-7.354736E-2	-1.272583E-1	3.249207E+0	6.580811E+0
32.9375	-7.629395E-2	-1.248169E-1	3.248596E+0	6.598816E+0
32.9375	-7.293701E-2	-1.336670E-1	3.247070E+0	6.620178E+0
32.9531	-7.629395E-2	-1.296997E-1	3.245239E+0	6.640015E+0
32.9531	-7.812500E-2	-1.263428E-1	3.244934E+0	6.657410E+0
32.9688	-7.659912E-2	-1.300049E-1	3.243713E+0	6.680298E+0
32.9844	-8.026123E-2	-1.336670E-1	3.242493E+0	6.698914E+0
32.9844	-7.049561E-2	-1.223755E-1	3.241882E+0	6.718445E+0
33.0	-7.446289E-2	-1.235962E-1	3.240967E+0	6.739502E+0
33.0156	-7.324219E-2	-1.315308E-1	3.239746E+0	6.758118E+0
33.0156	-8.453369E-2	-1.263428E-1	3.239136E+0	6.777039E+0
33.0313	-7.324219E-2	-1.312256E-1	3.237000E+0	6.798096E+0
33.0469	-7.415771E-2	-1.293945E-1	3.236694E+0	6.817017E+0
33.0469	-8.209229E-2	-1.202393E-1	3.235779E+0	6.836853E+0
33.0625	-7.202148E-2	-1.266479E-1	3.234253E+0	6.858215E+0
33.0781	-7.995605E-2	-1.284790E-1	3.233337E+0	6.877136E+0
33.0781	-7.659912E-2	-1.229858E-1	3.233032E+0	6.896362E+0
33.0938	-8.392334E-2	-1.181030E-1	3.231812E+0	6.916504E+0
33.1094	-7.659912E-2	-1.306152E-1	3.230591E+0	6.936035E+0
33.1094	-7.934570E-2	-1.205444E-1	3.229980E+0	6.954651E+0
33.125	-7.598877E-2	-1.321411E-1	3.228760E+0	6.975403E+0
33.1406	-7.965088E-2	-1.290894E-1	3.227539E+0	6.994934E+0
33.1406	-7.171631E-2	-1.354980E-1	3.226013E+0	7.013245E+0
33.1563	-7.141113E-2	-1.300049E-1	3.225403E+0	7.035217E+0
33.1563	-8.148193E-2	-1.193237E-1	3.222961E+0	7.054443E+0
33.1719	-7.629395E-2	-1.251221E-1	3.222961E+0	7.072754E+0
33.1875	-7.507324E-2	-1.269531E-1	3.221436E+0	7.094727E+0
33.1875	-7.385254E-2	-1.190186E-1	3.221436E+0	7.113647E+0
33.2031	-8.148193E-2	-1.144409E-1	3.219604E+0	7.132874E+0
33.2188	-7.720947E-2	-1.229858E-1	3.218384E+0	7.153931E+0
33.2188	-7.781982E-2	-1.150513E-1	3.216858E+0	7.173462E+0
33.2344	-7.568359E-2	-1.266479E-1	3.216858E+0	7.192383E+0
33.25	-7.904053E-2	-1.187134E-1	3.215942E+0	7.213135E+0
33.25	-8.056641E-2	-1.278687E-1	3.215332E+0	7.232361E+0
33.2656	-7.659912E-2	-1.147461E-1	3.214417E+0	7.250671E+0
33.2656	-8.239746E-2	-1.211548E-1	3.213196E+0	7.272949E+0
33.2813	-7.293701E-2	-1.293945E-1	3.211670E+0	7.292175E+0
33.2969	-6.805420E-2	-1.239014E-1	3.211060E+0	7.310486E+0
33.2969	-7.781982E-2	-1.248169E-1	3.209534E+0	7.332458E+0
33.3125	-7.415771E-2	-1.214600E-1	3.208313E+0	7.351074E+0
33.3281	-7.781982E-2	-1.196289E-1	3.207397E+0	7.370300E+0
33.3281	-7.904053E-2	-1.184082E-1	3.207092E+0	7.391357E+0
33.3438	-7.659912E-2	-1.184082E-1	3.205566E+0	7.411194E+0
33.3438	-7.904053E-2	-1.217651E-1	3.204956E+0	7.428589E+0
33.3594	-7.751465E-2	-1.165771E-1	3.202820E+0	7.451477E+0
33.375	-8.453369E-2	-1.205444E-1	3.202209E+0	7.468567E+0
33.375	-7.049561E-2	-1.239014E-1	3.200989E+0	7.490234E+0
33.3906	-7.751465E-2	-1.211548E-1	3.199768E+0	7.510376E+0
33.4063	-8.270264E-2	-1.168823E-1	3.198853E+0	7.529907E+0
33.4063	-7.202148E-2	-1.199341E-1	3.198242E+0	7.547302E+0
33.4219	-7.507324E-2	-1.184082E-1	3.196716E+0	7.569275E+0
33.4375	-6.896973E-2	-1.229858E-1	3.195496E+0	7.588806E+0
33.4375	-7.843018E-2	-1.239014E-1	3.195496E+0	7.608032E+0
33.4531	-8.209229E-2	-1.132202E-1	3.193359E+0	7.628479E+0
33.4688	-6.896973E-2	-1.086426E-1	3.192749E+0	7.646179E+0
33.4688	-7.385254E-2	-1.202393E-1	3.191833E+0	7.664795E+0
33.4844	-7.080078E-2	-1.254272E-1	3.190308E+0	7.687378E+0
33.5	-7.568359E-2	-1.211548E-1	3.190002E+0	7.705994E+0
33.5	-8.148193E-2	-1.177979E-1	3.188782E+0	7.723999E+0
33.5156	-7.720947E-2	-1.184082E-1	3.188171E+0	7.746277E+0
33.5156	-7.537842E-2	-1.162720E-1	3.186951E+0	7.765503E+0
33.5313	-7.537842E-2	-1.193237E-1	3.186340E+0	7.785034E+0
33.5469	-7.598877E-2	-1.242065E-1	3.185120E+0	7.805786E+0
33.5469	-6.652832E-2	-1.199341E-1	3.183594E+0	7.825317E+0
33.5625	-6.988525E-2	-1.162720E-1	3.182678E+0	7.842712E+0
33.5781	-7.659912E-2	-1.229858E-1	3.181458E+0	7.865906E+0
33.5781	-8.209229E-2	-1.110840E-1	3.179626E+0	7.884521E+0
33.5938	-7.019043E-2	-1.187134E-1	3.179016E+0	7.902527E+0
33.6094	-7.904053E-2	-1.232910E-1	3.178101E+0	7.924805E+0
33.6094	-8.270264E-2	-1.147461E-1	3.177185E+0	7.943115E+0
33.625	-7.354736E-2	-1.239014E-1	3.164673E+0	7.962952E+0
33.6406	-7.019043E-2	-1.095581E-1	3.037109E+0	7.963867E+0
33.6406	-7.263184E-2	-1.052856E-1	2.917175E+0	7.963562E+0
33.6563	-8.514404E-2	-1.071167E-1	2.855835E+0	7.963867E+0
33.6563	-6.958008E-2	-1.062012E-1	2.742615E+0	7.963257E+0
33.6719	-7.537842E-2	-9.979248E-2	2.612000E+0	7.963867E+0
33.6875	-7.324219E-2	-1.040649E-1	2.548523E+0	7.962646E+0
33.6875	-6.744385E-2	-1.046753E-1	2.435303E+0	7.962952E+0
33.7031	-6.042480E-2	-1.052856E-1	2.303772E+0	7.962952E+0
33.7031	-6.866455E-2	-1.010132E-1	2.241821E+0	7.963257E+0
33.7188	-6.591797E-2	-1.025391E-1	2.117920E+0	7.963257E+0
33.7344	-7.110596E-2	-9.460449E-2	2.010498E+0	7.963257E+0
33.7344	-6.835937E-2	-9.277344E-2	1.936035E+0	7.962341E+0
33.75	-7.324219E-2	-9.002686E-2	1.809692E+0	7.962952E+0
33.7656	-6.042480E-2	-9.002686E-2	1.688843E+0	7.962646E+0
33.7656	-6.591797E-2	-9.002686E-2	1.629028E+0	7.962341E+0
33.7813	-6.286621E-2	-9.124756E-2	1.497803E+0	7.962341E+0
33.7969	-6.500244E-2	-7.598877E-2	1.380920E+0	7.962341E+0
33.7969	-6.164551E-2	-8.697510E-2	1.321411E+0	7.962036E+0
33.8125	-7.202148E-2	-7.690430E-2	1.196289E+0	7.962646E+0
33.8281	-6.713867E-2	-8.605957E-2	1.091309E+0	7.962646E+0
33.8281	-5.859375E-2	-8.178711E-2	1.015320E+0	7.962341E+0
33.8438	-6.469727E-2	-8.148193E-2	8.908081E-1	7.962341E+0
33.8594	-6.591797E-2	-7.415771E-2	7.711792E-1	7.962341E+0
33.8594	-6.011963E-2	-7.751465E-2	7.083130E-1	7.962646E+0
33.875	-6.561279E-2	-6.958008E-2	5.969238E-1	7.962952E+0
33.8906	-5.432129E-2	-7.263184E-2	4.669189E-1	7.962646E+0
33.8906	-5.645752E-2	-7.781982E-2	4.040527E-1	7.962646E+0
33.9063	-6.591797E-2	-6.774902E-2	2.880859E-1	7.962646E+0
33.9063	-6.042480E-2	-7.781982E-2	1.797485E-1	7.962036E+0
33.9219	-6.072998E-2	-7.568359E-2	1.080322E-1	7.962341E+0
33.9375	-5.889893E-2	-7.110596E-2	7.934570E-3	7.962646E+0
33.9375	-5.004883E-2	-7.263184E-2	6.408691E-3	7.871704E+0
33.9531	-5.981445E-2	-7.385254E-2	6.408691E-3	7.773743E+0
33.9688	-5.676270E-2	-7.324219E-2	8.544922E-3	7.666931E+0
33.9688	-6.530762E-2	-7.232666E-2	1.007080E-2	7.569885E+0
33.9844	-5.828857E-2	-7.446289E-2	9.460449E-3	7.471924E+0
34.0	-5.584717E-2	-7.781982E-2	9.765625E-3	7.363892E+0
34.0	-6.103516E-2	-7.049561E-2	1.068115E-2	7.266235E+0
34.0156	-6.958008E-2	-7.232666E-2	1.007080E-2	7.172241E+0
34.0156	-6.072998E-2	-7.873535E-2	1.037598E-2	7.062683E+0
34.0313	-6.256104E-2	-7.812500E-2	1.068115E-2	6.964722E+0
34.0469	-6.011963E-2	-8.087158E-2	1.007080E-2	6.871338E+0
34.0469	-6.805420E-2	-7.934570E-2	1.037598E-2	6.762085E+0
34.0625	-6.072998E-2	-7.690430E-2	1.068115E-2	6.662903E+0
34.0781	-6.378174E-2	-7.690430E-2	1.007080E-2	6.565857E+0
34.0781	-6.317139E-2	-7.629395E-2	1.037598E-2	6.459656E+0
34.0938	-5.920410E-2	-7.690430E-2	1.037598E-2	6.360474E+0
34.0938	-6.408691E-2	-7.171631E-2	1.037598E-2	6.267090E+0
34.1094	-6.622314E-2	-7.904053E-2	1.098633E-2	6.159058E+0
34.125	-6.469727E-2	-7.904053E-2	1.037598E-2	6.059875E+0
34.125	-6.805420E-2	-8.361816E-2	1.037598E-2	5.964661E+0
34.1406	-6.561279E-2	-7.324219E-2	1.068115E-2	5.856323E+0
34.1563	-6.530762E-2	-8.178711E-2	1.098633E-2	5.757446E+0
34.1563	-6.103516E-2	-8.758545E-2	1.037598E-2	5.658875E+0
34.1719	-7.324219E-2	-8.239746E-2	1.068115E-2	5.554810E+0
34.1875	-6.378174E-2	-7.904053E-2	1.068115E-2	5.455933E+0
34.1875	-6.683350E-2	-7.629395E-2	1.007080E-2	5.358276E+0
34.2031	-5.798340E-2	-8.148193E-2	1.068115E-2	5.253296E+0
34.2188	-6.378174E-2	-7.476807E-2	1.098633E-2	5.153503E+0
34.2188	-6.744385E-2	-7.537842E-2	1.037598E-2	5.056763E+0
34.2344	-6.378174E-2	-8.819580E-2	1.068115E-2	4.950256E+0
34.25	-6.530762E-2	-7.812500E-2	1.129150E-2	4.851685E+0
34.25	-6.927490E-2	-7.995605E-2	1.037598E-2	4.755859E+0
34.2656	-7.019043E-2	-8.392334E-2	1.068115E-2	4.648437E+0
34.2813	-6.561279E-2	-8.911133E-2	1.068115E-2	4.549561E+0
34.2813	-6.561279E-2	-9.185791E-2	1.037598E-2	4.449768E+0
34.2969	-6.103516E-2	-9.033203E-2	1.068115E-2	4.345703E+0
34.2969	-6.439209E-2	-8.819580E-2	1.129150E-2	4.246521E+0
34.3125	-6.317139E-2	-8.239746E-2	1.007080E-2	4.150391E+0
34.3281	-5.981445E-2	-8.850098E-2	1.098633E-2	4.043274E+0
34.3281	-6.469727E-2	-8.880615E-2	1.037598E-2	3.943481E+0
34.3438	-7.049561E-2	-8.087158E-2	1.068115E-2	3.846741E+0
34.3594	-6.286621E-2	-8.117676E-2	1.037598E-2	3.740845E+0
34.3594	-7.141113E-2	-9.063721E-2	1.068115E-2	3.641968E+0
34.375	-6.500244E-2	-8.941650E-2	1.007080E-2	3.540344E+0
34.3906	-7.202148E-2	-8.758545E-2	1.068115E-2	3.437195E+0
34.3906	-6.896973E-2	-9.399414E-2	1.098633E-2	3.337708E+0
34.4063	-7.141113E-2	-9.277344E-2	1.007080E-2	3.237915E+0
34.4063	-6.378174E-2	-8.941650E-2	1.098633E-2	3.134460E+0
34.4219	-6.347656E-2	-9.063721E-2	1.068115E-2	3.034363E+0
34.4375	-6.805420E-2	-8.880615E-2	1.037598E-2	2.938538E+0
34.4375	-6.530762E-2	-8.697510E-2	1.098633E-2	2.831726E+0
34.4531	-7.049561E-2	-9.002686E-2	1.037598E-2	2.730713E+0
34.4531	-6.317139E-2	-9.063721E-2	9.765625E-3	2.635498E+0
34.4688	-6.591797E-2	-1.004028E-1	1.068115E-2	2.527771E+0
34.4844	-6.927490E-2	-8.758545E-2	1.159668E-2	2.427368E+0
34.4844	-6.652832E-2	-9.033203E-2	9.460449E-3	2.333069E+0
34.5	-6.805420E-2	-8.941650E-2	1.037598E-2	2.225342E+0
34.5156	-7.049561E-2	-8.972168E-2	1.098633E-2	2.124939E+0
34.5156	-6.683350E-2	-8.453369E-2	1.037598E-2	2.025757E+0
34.5313	-6.835937E-2	-9.246826E-2	1.037598E-2	1.921387E+0
34.5469	-6.286621E-2	-8.819580E-2	1.129150E-2	1.821594E+0
34.5469	-6.347656E-2	-9.582520E-2	1.068115E-2	1.723633E+0
34.5625	-6.591797E-2	-9.124756E-2	1.159668E-2	1.617737E+0
34.5781	-6.774902E-2	-8.758545E-2	1.159668E-2	1.518860E+0
34.5781	-7.324219E-2	-8.026123E-2	1.068115E-2	1.418457E+0
34.5938	-7.171631E-2	-8.483887E-2	1.220703E-2	1.315002E+0
34.6094	-7.263184E-2	-9.216309E-2	1.098633E-2	1.216125E+0
34.6094	-6.500244E-2	-9.185791E-2	1.098633E-2	1.116638E+0
34.625	-7.080078E-2	-9.399414E-2	1.190186E-2	1.011963E+0
34.6406	-7.019043E-2	-9.704590E-2	1.159668E-2	9.112549E-1
34.6406	-7.781982E-2	-8.850098E-2	1.190186E-2	8.154297E-1
34.6563	-7.171631E-2	-9.094238E-2	1.159668E-2	7.086182E-1
34.6563	-6.896973E-2	-9.735107E-2	1.190186E-2	6.091309E-1
34.6719	-6.774902E-2	-9.887695E-2	1.098633E-2	5.117798E-1
34.6875	-6.408691E-2	-9.857178E-2	1.129150E-2	4.058838E-1
34.6875	-6.652832E-2	-9.460449E-2	1.159668E-2	3.057861E-1
34.7031	-7.354736E-2	-8.666992E-2	1.129150E-2	2.050781E-1
34.7188	-7.385254E-2	-9.887695E-2	1.129150E-2	1.019287E-1
34.7188	-6.439209E-2	-9.765625E-2	1.129150E-2	3.051758E-3
34.7344	-6.774902E-2	-9.704590E-2	1.220703E-2	3.662109E-3
34.75	-6.500244E-2	-9.765625E-2	1.159668E-2	6.103516E-3
34.75	-6.500244E-2	-9.918213E-2	1.159668E-2	7.324219E-3
34.7656	-7.049561E-2	-9.124756E-2	1.220703E-2	7.324219E-3
34.7656	-7.659912E-2	-9.124756E-2	1.129150E-2	8.239746E-3
34.7813	-7.171631E-2	-9.124756E-2	1.129150E-2	8.239746E-3
34.7969	-6.866455E-2	-9.735107E-2	1.190186E-2	8.239746E-3
34.7969	-7.019043E-2	-9.826660E-2	1.190186E-2	8.239746E-3
34.8125	-6.561279E-2	-9.033203E-2	1.159668E-2	8.239746E-3
34.8281	-7.232666E-2	-9.185791E-2	1.159668E-2	7.934570E-3
34.8281	-6.622314E-2	-9.460449E-2	1.159668E-2	8.239746E-3
34.8438	-6.927490E-2	-9.460449E-2	1.190186E-2	7.934570E-3
34.8438	-7.324219E-2	-9.277344E-2	1.190186E-2	8.850098E-3
34.8594	-6.958008E-2	-9.094238E-2	1.159668E-2	8.544922E-3
34.875	-6.927490E-2	-1.004028E-1	1.159668E-2	8.544922E-3
34.875	-6.774902E-2	-9.338379E-2	1.251221E-2	7.934570E-3
34.8906	-7.110596E-2	-9.429932E-2	1.159668E-2	8.544922E-3
34.9063	-7.019043E-2	-8.819580E-2	1.159668E-2	8.239746E-3
34.9063	-6.591797E-2	-1.004028E-1	1.190186E-2	8.239746E-3
34.9219	-7.934570E-2	-9.063721E-2	1.251221E-2	8.239746E-3
34.9375	-7.171631E-2	-8.880615E-2	1.159668E-2	7.934570E-3
34.9375	-6.652832E-2	-9.155273E-2	1.190186E-2	9.460449E-3
34.9531	-7.171631E-2	-9.613037E-2	1.190186E-2	8.544922E-3
34.9688	-6.896973E-2	-9.338379E-2	1.159668E-2	8.850098E-3
34.9688	-6.561279E-2	-8.758545E-2	1.190186E-2	8.544922E-3
34.9844	-6.011963E-2	-9.735107E-2	1.159668E-2	8.544922E-3
35.0	-6.774902E-2	-8.666992E-2	1.190186E-2	8.239746E-3
35.0	-7.385254E-2	-9.185791E-2	1.190186E-2	7.629395E-3
35.0156	-7.110596E-2	-9.552002E-2	1.220703E-2	8.544922E-3
35.0156	-6.225586E-2	-9.918213E-2	1.190186E-2	9.155273E-3
35.0313	-6.439209E-2	-8.972168E-2	1.190186E-2	8.544922E-3
35.0469	-6.652832E-2	-9.704590E-2	1.129150E-2	8.850098E-3
35.0469	-6.713867E-2	-9.674072E-2	1.190186E-2	8.850098E-3
35.0625	-6.652832E-2	-9.216309E-2	1.159668E-2	8.850098E-3
35.0781	-6.896973E-2	-8.911133E-2	1.251221E-2	9.155273E-3
35.0781	-6.469727E-2	-9.490967E-2	1.190186E-2	8.544922E-3
35.0938	-7.232666E-2	-9.796143E-2	1.159668E-2	8.544922E-3
35.1094	-7.171631E-2	-9.552002E-2	1.159668E-2	8.850098E-3
35.125	-7.507324E-2	-9.277344E-2	1.159668E-2	8.544922E-3
35.1406	-6.652832E-2	-9.918213E-2	1.220703E-2	8.544922E-3
35.1406	-6.866455E-2	-9.490967E-2	1.190186E-2	8.850098E-3
35.1563	-7.141113E-2	-9.307861E-2	1.159668E-2	8.850098E-3
35.1563	-7.385254E-2	-9.002686E-2	1.190186E-2	8.544922E-3
35.1719	-6.866455E-2	-1.037598E-1	1.159668E-2	8.850098E-3
35.1875	-7.049561E-2	-9.216309E-2	1.159668E-2	8.239746E-3
35.1875	-6.896973E-2	-1.065063E-1	1.251221E-2	8.544922E-3
35.2031	-7.354736E-2	-8.239746E-2	1.159668E-2	8.544922E-3
35.2188	-6.439209E-2	-8.666992E-2	1.190186E-2	8.544922E-3
35.2188	-6.469727E-2	-9.552002E-2	1.159668E-2	9.155273E-3
35.2344	-7.080078E-2	-9.033203E-2	1.129150E-2	8.239746E-3
35.25	-6.500244E-2	-9.155273E-2	1.159668E-2	8.544922E-3
35.25	-6.896973E-2	-8.666992E-2	1.190186E-2	8.850098E-3
35.2656	-6.164551E-2	-9.216309E-2	1.220703E-2	8.544922E-3
35.2656	-6.134033E-2	-9.765625E-2	1.190186E-2	8.850098E-3
35.2813	-7.141113E-2	-9.490967E-2	1.159668E-2	8.850098E-3
35.2969	-6.042480E-2	-9.582520E-2	1.190186E-2	8.850098E-3
35.2969	-6.652832E-2	-9.094238E-2	1.190186E-2	8.850098E-3
35.3125	-6.835937E-2	-9.216309E-2	1.190186E-2	8.544922E-3
35.3281	-6.713867E-2	-9.826660E-2	1.190186E-2	8.850098E-3
35.3281	-7.110596E-2	-9.124756E-2	1.190186E-2	8.544922E-3
35.3438	-6.256104E-2	-9.948730E-2	1.190186E-2	9.460449E-3
35.3594	-7.385254E-2	-9.948730E-2	1.129150E-2	8.239746E-3
35.3594	-7.263184E-2	-8.361816E-2	1.190186E-2	8.850098E-3
35.375	-7.354736E-2	-9.002686E-2	1.129150E-2	8.544922E-3
35.3906	-6.622314E-2	-9.460449E-2	1.129150E-2	8.850098E-3
35.3906	-6.317139E-2	-9.765625E-2	1.220703E-2	9.155273E-3
35.4063	-7.476807E-2	-9.338379E-2	1.251221E-2	8.850098E-3
35.4063	-7.202148E-2	-9.674072E-2	1.281738E-2	9.155273E-3
35.4219	-7.446289E-2	-9.307861E-2	1.190186E-2	9.460449E-3
35.4375	-7.232666E-2	-9.002686E-2	1.159668E-2	8.850098E-3
35.4375	-7.049561E-2	-9.368896E-2	1.251221E-2	9.155273E-3
35.4531	-7.629395E-2	-9.185791E-2	1.190186E-2	8.544922E-3
35.4531	-6.927490E-2	-9.124756E-2	1.220703E-2	9.460449E-3
35.4688	-6.774902E-2	-8.605957E-2	1.159668E-2	8.850098E-3
35.4844	-6.530762E-2	-9.033203E-2	1.159668E-2	9.765625E-3
35.4844	-7.049561E-2	-8.850098E-2	1.220703E-2	8.544922E-3
35.5	-7.293701E-2	-9.002686E-2	1.159668E-2	8.544922E-3
35.5156	-6.988525E-2	-9.643555E-2	1.190186E-2	8.850098E-3
35.5156	-6.317139E-2	-9.643555E-2	1.190186E-2	9.155273E-3
35.5313	-6.866455E-2	-9.552002E-2	1.190186E-2	9.460449E-3
35.5469	-7.385254E-2	-9.185791E-2	1.190186E-2	8.544922E-3
35.5469	-6.408691E-2	-9.704590E-2	1.159668E-2	8.850098E-3
35.5625	-7.476807E-2	-9.216309E-2	1.220703E-2	8.239746E-3
35.5781	-7.171631E-2	-9.735107E-2	1.190186E-2	8.544922E-3
35.5781	-6.225586E-2	-9.277344E-2	1.159668E-2	8.544922E-3
35.5938	-6.866455E-2	-1.013184E-1	1.159668E-2	8.850098E-3
35.6094	-6.408691E-2	-9.490967E-2	1.129150E-2	8.239746E-3
35.6094	-7.171631E-2	-9.521484E-2	1.220703E-2	8.544922E-3
35.625	-6.469727E-2	-9.368896E-2	1.129150E-2	8.544922E-3
35.6406	-6.958008E-2	-9.063721E-2	1.190186E-2	8.544922E-3
35.6406	-6.988525E-2	-9.490967E-2	1.159668E-2	8.544922E-3
35.6563	-7.354736E-2	-8.972168E-2	1.220703E-2	8.850098E-3
35.6563	-6.866455E-2	-8.911133E-2	1.190186E-2	8.544922E-3
35.6719	-7.415771E-2	-9.582520E-2	1.190186E-2	8.239746E-3
35.6875	-6.134033E-2	-9.826660E-2	1.159668E-2	8.544922E-3
35.6875	-6.439209E-2	-9.216309E-2	1.159668E-2	9.155273E-3
35.7031	-7.049561E-2	-9.399414E-2	1.159668E-2	9.155273E-3
35.7188	-6.530762E-2	-9.582520E-2	1.098633E-2	8.544922E-3
35.7188	-6.713867E-2	-9.460449E-2	1.129150E-2	9.155273E-3
35.7344	-6.805420E-2	-8.026123E-2	1.220703E-2	8.239746E-3
