June 02, 2009 16:38
529b02
H:\20090602-sws10-sls\LS_p36_d80_vp20_vd20.traj
lateral amplification = 100
normal amp = 100
pitch angle = -15
roll angle = 294
cantilever = 529b02
<data>
time	voltageForceLateral	voltageForceNormal	voltagePositionX	voltagePositionY
53.5313	-9.765625E-2	-1.126099E-1	1.129150E-2	8.850098E-3
53.5469	-9.338379E-2	-1.126099E-1	1.159668E-2	9.460449E-3
53.5469	-8.117676E-2	-1.132202E-1	1.159668E-2	8.850098E-3
53.5625	-9.063721E-2	-1.141357E-1	1.129150E-2	8.850098E-3
53.5625	-8.514404E-2	-1.208496E-1	1.129150E-2	8.544922E-3
53.5781	-8.728027E-2	-1.190186E-1	1.159668E-2	8.239746E-3
53.5938	-8.697510E-2	-1.135254E-1	1.159668E-2	8.544922E-3
53.5938	-8.270264E-2	-1.141357E-1	1.190186E-2	8.850098E-3
53.6094	-8.758545E-2	-1.165771E-1	1.190186E-2	8.850098E-3
53.625	-9.033203E-2	-1.181030E-1	1.129150E-2	8.544922E-3
53.625	-9.277344E-2	-1.223755E-1	1.190186E-2	8.850098E-3
53.6406	-9.307861E-2	-1.104736E-1	1.159668E-2	9.460449E-3
53.6563	-8.697510E-2	-1.104736E-1	1.190186E-2	8.850098E-3
53.6563	-7.995605E-2	-1.110840E-1	1.190186E-2	8.544922E-3
53.6719	-8.331299E-2	-1.159668E-1	1.190186E-2	9.155273E-3
53.6875	-8.270264E-2	-1.065063E-1	1.159668E-2	8.850098E-3
53.6875	-8.270264E-2	-1.095581E-1	1.159668E-2	8.544922E-3
53.7031	-8.087158E-2	-1.156616E-1	1.159668E-2	9.155273E-3
53.7188	-8.209229E-2	-1.119995E-1	1.129150E-2	8.850098E-3
53.7188	-8.758545E-2	-1.147461E-1	1.190186E-2	8.850098E-3
53.7344	-8.422852E-2	-1.071167E-1	1.190186E-2	8.544922E-3
53.75	-8.239746E-2	-1.046753E-1	1.190186E-2	9.155273E-3
53.75	-8.392334E-2	-1.052856E-1	1.159668E-2	8.850098E-3
53.7656	-8.636475E-2	-1.144409E-1	1.129150E-2	8.544922E-3
53.7656	-8.941650E-2	-1.226807E-1	1.129150E-2	8.850098E-3
53.7813	-8.850098E-2	-1.174927E-1	1.220703E-2	8.850098E-3
53.7969	-8.178711E-2	-1.132202E-1	1.159668E-2	9.460449E-3
53.7969	-9.246826E-2	-1.226807E-1	1.190186E-2	8.850098E-3
53.8125	-8.758545E-2	-1.119995E-1	1.159668E-2	8.850098E-3
53.8281	-8.209229E-2	-1.168823E-1	1.129150E-2	8.850098E-3
53.8281	-8.666992E-2	-1.144409E-1	1.098633E-2	8.850098E-3
53.8438	-8.331299E-2	-1.165771E-1	1.190186E-2	9.460449E-3
53.8594	-8.880615E-2	-1.205444E-1	1.190186E-2	8.850098E-3
53.8594	-8.880615E-2	-1.174927E-1	1.159668E-2	8.239746E-3
53.875	-9.155273E-2	-1.068115E-1	1.129150E-2	8.850098E-3
53.875	-9.002686E-2	-1.153564E-1	1.159668E-2	8.850098E-3
53.8906	-8.422852E-2	-1.052856E-1	1.129150E-2	8.544922E-3
53.9063	-8.636475E-2	-1.159668E-1	1.190186E-2	8.544922E-3
53.9063	-9.246826E-2	-1.065063E-1	1.129150E-2	8.850098E-3
53.9219	-9.094238E-2	-1.068115E-1	1.159668E-2	8.850098E-3
53.9219	-8.239746E-2	-1.077271E-1	1.159668E-2	8.850098E-3
53.9375	-8.361816E-2	-1.077271E-1	1.068115E-2	8.850098E-3
53.9531	-8.880615E-2	-1.229858E-1	1.159668E-2	8.544922E-3
53.9531	-8.331299E-2	-1.098633E-1	1.159668E-2	8.850098E-3
53.9688	-8.911133E-2	-1.181030E-1	1.129150E-2	8.544922E-3
53.9844	-8.483887E-2	-1.187134E-1	1.159668E-2	8.850098E-3
53.9844	-8.239746E-2	-1.092529E-1	1.190186E-2	8.850098E-3
54.0	-8.392334E-2	-1.190186E-1	1.159668E-2	8.544922E-3
54.0156	-7.904053E-2	-1.196289E-1	1.159668E-2	9.155273E-3
54.0156	-8.636475E-2	-1.080322E-1	1.129150E-2	8.544922E-3
54.0313	-8.361816E-2	-1.156616E-1	1.159668E-2	8.850098E-3
54.0469	-9.033203E-2	-1.074219E-1	1.190186E-2	8.850098E-3
54.0469	-7.812500E-2	-1.159668E-1	1.159668E-2	9.155273E-3
54.0625	-8.605957E-2	-1.074219E-1	1.159668E-2	9.155273E-3
54.0781	-8.666992E-2	-1.116943E-1	1.159668E-2	8.850098E-3
54.0781	-8.361816E-2	-1.098633E-1	1.220703E-2	9.460449E-3
54.0938	-8.514404E-2	-1.141357E-1	1.159668E-2	8.544922E-3
54.0938	-8.392334E-2	-1.144409E-1	1.159668E-2	9.155273E-3
54.1094	-8.880615E-2	-1.110840E-1	1.190186E-2	8.850098E-3
54.125	-8.972168E-2	-1.110840E-1	1.159668E-2	9.155273E-3
54.125	-8.850098E-2	-1.223755E-1	1.190186E-2	9.155273E-3
54.1406	-9.033203E-2	-1.132202E-1	1.190186E-2	9.460449E-3
54.1563	-8.911133E-2	-1.095581E-1	1.129150E-2	9.155273E-3
54.1563	-8.483887E-2	-1.181030E-1	1.159668E-2	8.850098E-3
54.1719	-9.033203E-2	-1.159668E-1	1.190186E-2	8.850098E-3
54.1719	-8.239746E-2	-1.147461E-1	1.159668E-2	8.850098E-3
54.1875	-9.246826E-2	-1.196289E-1	1.159668E-2	8.544922E-3
54.2031	-9.521484E-2	-1.138306E-1	1.159668E-2	9.155273E-3
54.2031	-8.819580E-2	-1.159668E-1	1.190186E-2	8.544922E-3
54.2188	-8.697510E-2	-1.071167E-1	1.190186E-2	8.850098E-3
54.2344	-8.575439E-2	-1.177979E-1	1.190186E-2	8.239746E-3
54.2656	-8.239746E-2	-1.153564E-1	1.159668E-2	9.155273E-3
54.2656	-8.697510E-2	-1.208496E-1	1.159668E-2	8.239746E-3
54.2813	-8.453369E-2	-1.242065E-1	1.159668E-2	8.544922E-3
54.2969	-8.300781E-2	-1.196289E-1	1.159668E-2	8.544922E-3
54.2969	-8.453369E-2	-1.043701E-1	1.129150E-2	7.934570E-3
54.3125	-9.124756E-2	-1.208496E-1	1.159668E-2	9.155273E-3
54.3281	-8.697510E-2	-1.156616E-1	1.190186E-2	8.544922E-3
54.3281	-8.392334E-2	-1.177979E-1	1.159668E-2	8.544922E-3
54.3438	-8.636475E-2	-1.144409E-1	1.159668E-2	9.155273E-3
54.3594	-8.972168E-2	-1.101685E-1	1.159668E-2	8.850098E-3
54.3594	-8.575439E-2	-1.138306E-1	1.159668E-2	8.544922E-3
54.375	-9.002686E-2	-1.110840E-1	1.098633E-2	9.155273E-3
54.375	-8.453369E-2	-1.129150E-1	1.159668E-2	8.850098E-3
54.3906	-9.521484E-2	-1.113892E-1	1.159668E-2	9.155273E-3
54.4063	-9.002686E-2	-1.144409E-1	1.129150E-2	8.850098E-3
54.4063	-9.033203E-2	-1.141357E-1	1.159668E-2	8.544922E-3
54.4219	-8.666992E-2	-1.150513E-1	1.159668E-2	9.155273E-3
54.4219	-8.483887E-2	-1.165771E-1	1.190186E-2	8.544922E-3
54.4375	-8.300781E-2	-1.116943E-1	1.159668E-2	8.850098E-3
54.4531	-8.972168E-2	-1.077271E-1	1.159668E-2	8.850098E-3
54.4531	-8.483887E-2	-1.092529E-1	1.190186E-2	9.155273E-3
54.4688	-9.155273E-2	-1.116943E-1	1.129150E-2	8.850098E-3
54.4844	-8.819580E-2	-1.126099E-1	1.190186E-2	8.544922E-3
54.4844	-8.941650E-2	-1.132202E-1	1.159668E-2	8.850098E-3
54.5	-9.307861E-2	-1.123047E-1	1.190186E-2	8.850098E-3
54.5156	-9.460449E-2	-1.196289E-1	1.892090E-2	8.544922E-3
54.5156	-8.483887E-2	-1.202393E-1	3.173828E-2	8.544922E-3
54.5313	-8.728027E-2	-1.232910E-1	5.676270E-2	8.239746E-3
54.5469	-7.995605E-2	-1.220703E-1	7.995605E-2	8.544922E-3
54.5469	-8.514404E-2	-1.162720E-1	9.277344E-2	8.544922E-3
54.5625	-8.758545E-2	-1.208496E-1	1.153564E-1	8.850098E-3
54.5781	-8.300781E-2	-1.211548E-1	1.348877E-1	8.544922E-3
54.5781	-9.033203E-2	-1.193237E-1	1.531982E-1	8.544922E-3
54.5938	-8.728027E-2	-1.235962E-1	1.748657E-1	8.544922E-3
54.6094	-8.850098E-2	-1.208496E-1	2.001953E-1	7.934570E-3
54.6094	-8.758545E-2	-1.199341E-1	2.130127E-1	8.850098E-3
54.625	-9.277344E-2	-1.199341E-1	2.349854E-1	8.850098E-3
54.625	-8.758545E-2	-1.092529E-1	2.597046E-1	8.544922E-3
54.6406	-8.392334E-2	-1.205444E-1	2.728271E-1	8.850098E-3
54.6563	-8.148193E-2	-1.251221E-1	2.984619E-1	8.850098E-3
54.6563	-8.697510E-2	-1.181030E-1	3.204346E-1	8.239746E-3
54.6719	-8.605957E-2	-1.181030E-1	3.323364E-1	9.155273E-3
54.6875	-8.789062E-2	-1.174927E-1	3.567505E-1	8.850098E-3
54.6875	-8.972168E-2	-1.229858E-1	3.768921E-1	8.544922E-3
54.7031	-8.300781E-2	-1.168823E-1	3.927612E-1	8.544922E-3
54.7188	-8.392334E-2	-1.187134E-1	4.147339E-1	8.544922E-3
54.7188	-9.643555E-2	-1.217651E-1	4.400635E-1	8.239746E-3
54.7344	-9.216309E-2	-1.214600E-1	4.525757E-1	8.850098E-3
54.75	-8.941650E-2	-1.214600E-1	4.769897E-1	8.850098E-3
54.75	-8.911133E-2	-1.177979E-1	4.989624E-1	8.544922E-3
54.7656	-8.972168E-2	-1.156616E-1	5.126953E-1	8.544922E-3
54.7656	-8.148193E-2	-1.266479E-1	5.361938E-1	8.239746E-3
54.7813	-8.972168E-2	-1.251221E-1	5.499268E-1	8.239746E-3
54.7969	-9.429932E-2	-1.208496E-1	5.700684E-1	8.544922E-3
54.7969	-8.941650E-2	-1.193237E-1	5.917358E-1	8.850098E-3
54.8125	-8.728027E-2	-1.174927E-1	6.167603E-1	8.850098E-3
54.8281	-9.216309E-2	-1.278687E-1	6.356812E-1	8.850098E-3
54.8281	-8.666992E-2	-1.199341E-1	6.512451E-1	9.155273E-3
54.8438	-9.399414E-2	-1.217651E-1	6.738281E-1	8.850098E-3
54.8594	-8.605957E-2	-1.300049E-1	6.979370E-1	8.544922E-3
54.8594	-9.307861E-2	-1.190186E-1	7.110596E-1	8.850098E-3
54.875	-9.460449E-2	-1.287842E-1	7.327271E-1	8.850098E-3
54.875	-8.239746E-2	-1.232910E-1	7.577515E-1	8.850098E-3
54.8906	-8.941650E-2	-1.272583E-1	7.711792E-1	8.544922E-3
54.9063	-8.941650E-2	-1.205444E-1	7.962036E-1	8.544922E-3
54.9063	-8.636475E-2	-1.211548E-1	8.184814E-1	8.850098E-3
54.9219	-9.185791E-2	-1.300049E-1	8.309937E-1	9.155273E-3
54.9375	-9.002686E-2	-1.208496E-1	8.547974E-1	8.850098E-3
54.9375	-9.277344E-2	-1.260376E-1	8.749390E-1	8.850098E-3
54.9531	-9.185791E-2	-1.251221E-1	8.905029E-1	9.155273E-3
54.9688	-9.368896E-2	-1.248169E-1	9.149170E-1	8.850098E-3
54.9688	-9.368896E-2	-1.312256E-1	9.378052E-1	8.544922E-3
54.9844	-9.368896E-2	-1.321411E-1	9.503174E-1	8.850098E-3
55.0	-9.246826E-2	-1.354980E-1	9.750366E-1	9.155273E-3
55.0	-9.307861E-2	-1.379395E-1	9.976196E-1	9.460449E-3
55.0156	-8.666992E-2	-1.391602E-1	1.009827E+0	8.850098E-3
55.0156	-9.735107E-2	-1.257324E-1	1.034241E+0	8.239746E-3
55.0313	-9.094238E-2	-1.232910E-1	1.047668E+0	8.544922E-3
55.0469	-9.216309E-2	-1.269531E-1	1.067810E+0	9.155273E-3
55.0469	-8.728027E-2	-1.431274E-1	1.089478E+0	8.850098E-3
55.0625	-1.025391E-1	-1.336670E-1	1.107483E+0	8.239746E-3
55.0625	-8.972168E-2	-1.324463E-1	1.127625E+0	9.765625E-3
55.0781	-8.941650E-2	-1.315308E-1	1.149597E+0	8.850098E-3
55.0938	-9.094238E-2	-1.348877E-1	1.176147E+0	8.850098E-3
55.0938	-9.735107E-2	-1.306152E-1	1.188965E+0	9.155273E-3
55.1094	-1.010132E-1	-1.351929E-1	1.213989E+0	8.544922E-3
55.125	-9.552002E-2	-1.345825E-1	1.237183E+0	8.850098E-3
55.125	-9.674072E-2	-1.354980E-1	1.248779E+0	8.544922E-3
55.1406	-9.704590E-2	-1.422119E-1	1.273499E+0	8.850098E-3
55.1563	-9.948730E-2	-1.336670E-1	1.293640E+0	9.155273E-3
55.1563	-9.277344E-2	-1.379395E-1	1.309204E+0	9.155273E-3
55.1719	-9.338379E-2	-1.354980E-1	1.332703E+0	8.850098E-3
55.1875	-9.765625E-2	-1.403809E-1	1.355286E+0	8.850098E-3
55.1875	-8.819580E-2	-1.400757E-1	1.368103E+0	8.850098E-3
55.2031	-9.582520E-2	-1.409912E-1	1.393433E+0	8.544922E-3
55.2188	-9.063721E-2	-1.406860E-1	1.416016E+0	8.544922E-3
55.2188	-9.460449E-2	-1.397705E-1	1.428223E+0	8.544922E-3
55.2344	-8.728027E-2	-1.385498E-1	1.451111E+0	8.544922E-3
55.25	-9.826660E-2	-1.437378E-1	1.475220E+0	9.155273E-3
55.25	-9.338379E-2	-1.336670E-1	1.488037E+0	8.544922E-3
55.2656	-9.979248E-2	-1.443481E-1	1.511841E+0	8.544922E-3
55.2656	-9.368896E-2	-1.501465E-1	1.528625E+0	8.544922E-3
55.2813	-9.429932E-2	-1.477051E-1	1.548157E+0	9.155273E-3
55.2969	-8.911133E-2	-1.446533E-1	1.567688E+0	8.544922E-3
55.2969	-9.887695E-2	-1.409912E-1	1.587219E+0	8.850098E-3
55.3125	-9.643555E-2	-1.495361E-1	1.605530E+0	8.850098E-3
55.3125	-9.521484E-2	-1.406860E-1	1.625366E+0	8.850098E-3
55.3281	-9.918213E-2	-1.409912E-1	1.647034E+0	8.544922E-3
55.3438	-9.674072E-2	-1.492310E-1	1.673889E+0	8.850098E-3
55.3438	-9.429932E-2	-1.443481E-1	1.686707E+0	8.544922E-3
55.3594	-9.338379E-2	-1.544189E-1	1.712036E+0	8.544922E-3
55.375	-9.460449E-2	-1.501465E-1	1.734009E+0	8.850098E-3
55.375	-9.887695E-2	-1.538086E-1	1.746521E+0	8.850098E-3
55.3906	-9.887695E-2	-1.547241E-1	1.770630E+0	8.850098E-3
55.4063	-9.521484E-2	-1.486206E-1	1.791077E+0	9.155273E-3
55.4063	-9.338379E-2	-1.483154E-1	1.806030E+0	8.850098E-3
55.4219	-9.277344E-2	-1.522827E-1	1.830139E+0	8.850098E-3
55.4375	-1.010132E-1	-1.544189E-1	1.853638E+0	8.544922E-3
55.4375	-1.025391E-1	-1.562500E-1	1.866455E+0	8.544922E-3
55.4531	-9.185791E-2	-1.535034E-1	1.890869E+0	8.850098E-3
55.4688	-9.979248E-2	-1.583862E-1	1.912842E+0	8.239746E-3
55.4688	-1.049805E-1	-1.556396E-1	1.925354E+0	8.544922E-3
55.4844	-1.013184E-1	-1.498413E-1	1.947632E+0	8.544922E-3
55.5	-9.429932E-2	-1.434326E-1	1.972656E+0	8.850098E-3
55.5	-9.307861E-2	-1.455688E-1	1.985779E+0	8.544922E-3
55.5156	-1.065063E-1	-1.620483E-1	2.009888E+0	8.850098E-3
55.5156	-1.034546E-1	-1.531982E-1	2.026978E+0	8.544922E-3
55.5313	-1.013184E-1	-1.583862E-1	2.045288E+0	8.239746E-3
55.5469	-1.058960E-1	-1.571655E-1	2.064514E+0	8.544922E-3
55.5469	-1.019287E-1	-1.568604E-1	2.086792E+0	8.850098E-3
55.5625	-9.887695E-2	-1.599121E-1	2.110901E+0	8.544922E-3
55.5781	-1.052856E-1	-1.663208E-1	2.128601E+0	8.544922E-3
55.5781	-1.040649E-1	-1.562500E-1	2.144775E+0	8.850098E-3
55.5938	-1.034546E-1	-1.617432E-1	2.167053E+0	8.850098E-3
55.6094	-1.043701E-1	-1.663208E-1	2.192078E+0	8.544922E-3
55.6094	-1.034546E-1	-1.620483E-1	2.202454E+0	8.544922E-3
55.625	-1.055908E-1	-1.742554E-1	2.221680E+0	8.850098E-3
55.625	-1.022339E-1	-1.660156E-1	2.244263E+0	9.155273E-3
55.6406	-9.552002E-2	-1.574707E-1	2.263794E+0	8.544922E-3
55.6563	-9.948730E-2	-1.690674E-1	2.283936E+0	8.850098E-3
55.6563	-1.007080E-1	-1.699829E-1	2.308044E+0	8.544922E-3
55.6719	-1.025391E-1	-1.696777E-1	2.330933E+0	8.239746E-3
55.6719	-1.010132E-1	-1.773071E-1	2.343750E+0	8.850098E-3
55.6875	-9.399414E-2	-1.721191E-1	2.365112E+0	8.850098E-3
55.7031	-1.040649E-1	-1.785278E-1	2.391357E+0	9.155273E-3
55.7031	-1.049805E-1	-1.748657E-1	2.403564E+0	9.155273E-3
55.7188	-1.119995E-1	-1.773071E-1	2.421265E+0	8.850098E-3
55.7344	-1.052856E-1	-1.788330E-1	2.447205E+0	8.544922E-3
55.7344	-1.071167E-1	-1.824951E-1	2.463074E+0	8.850098E-3
55.75	-1.177979E-1	-2.423096E-1	2.485046E+0	9.155273E-3
55.7656	-1.126099E-1	-2.047729E-1	2.510376E+0	8.850098E-3
55.7656	-1.086426E-1	-1.916504E-1	2.522583E+0	9.765625E-3
55.7813	-1.208496E-1	-1.586914E-1	2.547607E+0	8.544922E-3
55.7969	-1.055908E-1	-1.202393E-1	2.570496E+0	9.155273E-3
55.7969	-1.068115E-1	-1.043701E-1	2.583008E+0	8.850098E-3
55.8125	-9.887695E-2	-7.324219E-2	2.604370E+0	8.850098E-3
55.8281	-1.080322E-1	-3.601074E-2	2.622986E+0	8.544922E-3
55.8281	-1.022339E-1	-1.068115E-2	2.641907E+0	8.544922E-3
55.8438	-9.643555E-2	2.075195E-2	2.662964E+0	9.155273E-3
55.8438	-9.399414E-2	5.035400E-2	2.684326E+0	9.155273E-3
55.8594	-1.040649E-1	8.972168E-2	2.705994E+0	8.850098E-3
55.875	-9.521484E-2	1.092529E-1	2.721863E+0	9.460449E-3
55.875	-9.460449E-2	1.519775E-1	2.743225E+0	8.544922E-3
55.8906	-9.613037E-2	1.873779E-1	2.768555E+0	8.239746E-3
55.9063	-1.031494E-1	2.117920E-1	2.781677E+0	9.155273E-3
55.9063	-8.209229E-2	2.429199E-1	2.803345E+0	8.544922E-3
55.9219	-8.728027E-2	2.816772E-1	2.828064E+0	8.239746E-3
55.9219	-9.002686E-2	3.121948E-1	2.841492E+0	8.239746E-3
55.9375	-8.789062E-2	3.359985E-1	2.863464E+0	9.155273E-3
55.9531	-8.117676E-2	3.726196E-1	2.888794E+0	8.850098E-3
55.9531	-8.636475E-2	3.964233E-1	2.901001E+0	9.460449E-3
55.9688	-8.880615E-2	4.370117E-1	2.924500E+0	8.544922E-3
55.9844	-8.422852E-2	4.547119E-1	2.944641E+0	8.544922E-3
55.9844	-8.209229E-2	4.760742E-1	2.960815E+0	8.544922E-3
56.0	-7.263184E-2	5.203247E-1	2.982788E+0	9.460449E-3
56.0156	-7.995605E-2	5.682373E-1	3.007812E+0	8.544922E-3
56.0156	-8.026123E-2	5.923462E-1	3.020020E+0	8.850098E-3
56.0313	-7.171631E-2	6.253052E-1	3.044739E+0	9.155273E-3
56.0469	-6.927490E-2	6.707764E-1	3.067932E+0	9.460449E-3
56.0469	-6.744385E-2	6.848145E-1	3.080750E+0	9.155273E-3
56.0625	-7.019043E-2	7.238770E-1	3.101807E+0	8.850098E-3
56.0781	-6.439209E-2	7.565308E-1	3.122253E+0	8.239746E-3
56.0781	-6.744385E-2	7.867432E-1	3.139648E+0	8.850098E-3
56.0938	-7.110596E-2	8.178711E-1	3.162231E+0	9.155273E-3
56.1094	-6.225586E-2	8.575439E-1	3.187256E+0	9.155273E-3
56.1094	-6.408691E-2	8.825684E-1	3.199463E+0	8.850098E-3
56.125	-6.164551E-2	9.225464E-1	3.221436E+0	9.155273E-3
56.125	-6.103516E-2	9.631348E-1	3.246155E+0	8.544922E-3
56.1406	-5.828857E-2	9.906006E-1	3.258362E+0	9.155273E-3
56.1563	-4.974365E-2	1.015625E+0	3.283691E+0	8.850098E-3
56.1563	-5.859375E-2	1.064148E+0	3.306274E+0	8.544922E-3
56.1719	-5.462646E-2	1.087341E+0	3.318787E+0	8.850098E-3
56.1875	-5.706787E-2	1.119385E+0	3.341980E+0	8.544922E-3
56.1875	-5.584717E-2	1.151123E+0	3.362427E+0	8.544922E-3
56.2031	-5.218506E-2	1.176758E+0	3.378906E+0	8.850098E-3
56.2188	-4.852295E-2	1.224365E+0	3.400574E+0	8.850098E-3
56.2188	-4.791260E-2	1.260071E+0	3.425598E+0	8.850098E-3
56.2344	-4.791260E-2	1.283264E+0	3.438416E+0	8.544922E-3
56.25	-4.730225E-2	1.320496E+0	3.462830E+0	8.544922E-3
56.25	-4.821777E-2	1.348877E+0	3.486023E+0	9.460449E-3
56.2656	-4.608154E-2	1.389771E+0	3.498230E+0	8.850098E-3
56.2656	-3.997803E-2	1.426392E+0	3.521729E+0	8.544922E-3
56.2813	-4.211426E-2	1.449280E+0	3.536072E+0	8.544922E-3
56.2969	-4.364014E-2	1.480408E+0	3.555908E+0	9.155273E-3
56.2969	-3.387451E-2	1.517029E+0	3.577271E+0	9.155273E-3
56.3125	-4.638672E-2	1.548157E+0	3.594666E+0	8.544922E-3
56.3125	-3.875732E-2	1.541138E+0	3.592224E+0	2.624512E-2
56.3281	-4.638672E-2	1.546326E+0	3.589478E+0	4.760742E-2
56.3438	-5.065918E-2	1.523437E+0	3.587036E+0	6.866455E-2
56.3438	-4.425049E-2	1.529236E+0	3.585510E+0	8.575439E-2
56.3594	-4.699707E-2	1.514893E+0	3.582153E+0	1.074219E-1
56.375	-5.371094E-2	1.518860E+0	3.579407E+0	1.269531E-1
56.375	-5.157471E-2	1.504822E+0	3.578186E+0	1.461792E-1
56.3906	-5.187988E-2	1.515198E+0	3.576050E+0	1.675415E-1
56.4063	-5.462646E-2	1.506042E+0	3.573303E+0	1.873779E-1
56.4063	-5.218506E-2	1.495056E+0	3.572388E+0	2.069092E-1
56.4219	-6.530762E-2	1.489563E+0	3.569641E+0	2.279663E-1
56.4375	-6.622314E-2	1.479492E+0	3.567200E+0	2.468872E-1
56.4375	-6.805420E-2	1.485596E+0	3.566284E+0	2.673340E-1
56.4531	-6.835937E-2	1.464539E+0	3.563538E+0	2.874756E-1
56.4688	-6.408691E-2	1.467285E+0	3.561707E+0	3.060913E-1
56.4688	-7.171631E-2	1.452026E+0	3.559570E+0	3.250122E-1
56.4844	-7.141113E-2	1.455383E+0	3.557129E+0	3.469849E-1
56.5	-7.324219E-2	1.442566E+0	3.554382E+0	3.668213E-1
56.5	-7.415771E-2	1.430664E+0	3.552856E+0	3.848267E-1
56.5156	-7.568359E-2	1.435547E+0	3.551025E+0	4.067993E-1
56.5156	-7.598877E-2	1.412659E+0	3.548889E+0	4.254150E-1
56.5313	-7.781982E-2	1.416931E+0	3.547058E+0	4.464722E-1
56.5469	-8.666992E-2	1.407471E+0	3.544617E+0	4.650879E-1
56.5469	-7.690430E-2	1.402588E+0	3.543396E+0	4.846191E-1
56.5625	-8.544922E-2	1.389465E+0	3.540649E+0	5.056763E-1
56.5781	-8.666992E-2	1.372986E+0	3.539429E+0	5.242920E-1
56.5781	-9.338379E-2	1.382141E+0	3.536682E+0	5.456543E-1
56.5938	-9.490967E-2	1.363220E+0	3.533630E+0	5.645752E-1
56.5938	-9.582520E-2	1.353760E+0	3.532410E+0	5.859375E-1
56.6094	-1.000977E-1	1.339417E+0	3.529968E+0	6.051636E-1
56.625	-1.107788E-1	1.327515E+0	3.527527E+0	6.243896E-1
56.625	-1.034546E-1	1.335754E+0	3.525391E+0	6.445312E-1
56.6406	-1.031494E-1	1.309204E+0	3.523560E+0	6.640625E-1
56.6563	-1.055908E-1	1.307678E+0	3.522339E+0	6.838989E-1
56.6563	-1.184082E-1	1.292725E+0	3.520203E+0	7.052612E-1
56.6719	-1.150513E-1	1.287842E+0	3.517151E+0	7.238770E-1
56.6719	-1.269531E-1	1.279297E+0	3.516541E+0	7.434082E-1
56.6875	-1.226807E-1	1.278076E+0	3.513794E+0	7.647705E-1
56.7031	-1.257324E-1	1.262817E+0	3.511047E+0	7.846069E-1
56.7031	-1.342773E-1	1.253662E+0	3.509216E+0	8.032227E-1
56.7188	-1.345825E-1	1.239929E+0	3.507080E+0	8.245850E-1
56.7344	-1.364136E-1	1.229553E+0	3.504333E+0	8.428955E-1
56.7344	-1.409912E-1	1.222229E+0	3.503113E+0	8.633423E-1
56.75	-1.483154E-1	1.205444E+0	3.500977E+0	8.837891E-1
56.7656	-1.486206E-1	1.197815E+0	3.498535E+0	9.036255E-1
56.7656	-1.513672E-1	1.191101E+0	3.497620E+0	9.222412E-1
56.7813	-1.599121E-1	1.177368E+0	3.495178E+0	9.439087E-1
56.7969	-1.629639E-1	1.177063E+0	3.492737E+0	9.628296E-1
56.7969	-1.721191E-1	1.150818E+0	3.490601E+0	9.814453E-1
56.8125	-1.760864E-1	1.152039E+0	3.487854E+0	1.004028E+0
56.8281	-1.815796E-1	1.119995E+0	3.486328E+0	1.021729E+0
56.8281	-1.885986E-1	1.119385E+0	3.484497E+0	1.041870E+0
56.8438	-1.895142E-1	1.103516E+0	3.482361E+0	1.062012E+0
56.8594	-1.879883E-1	1.092834E+0	3.479919E+0	1.081848E+0
56.8594	-1.913452E-1	1.084900E+0	3.478699E+0	1.101074E+0
56.875	-2.035522E-1	1.074829E+0	3.475952E+0	1.121826E+0
56.875	-2.072144E-1	1.055603E+0	3.473816E+0	1.141968E+0
56.8906	-2.090454E-1	1.046753E+0	3.472290E+0	1.160889E+0
56.9063	-2.124023E-1	1.040955E+0	3.469849E+0	1.182556E+0
56.9063	-2.200317E-1	1.027222E+0	3.467407E+0	1.200562E+0
56.9219	-2.349854E-1	1.005249E+0	3.465576E+0	1.220093E+0
56.9375	-2.389526E-1	9.939575E-1	3.463440E+0	1.241760E+0
56.9375	-2.395630E-1	9.786987E-1	3.460999E+0	1.260376E+0
56.9531	-2.514648E-1	9.735107E-1	3.459167E+0	1.280518E+0
56.9688	-2.563477E-1	9.512329E-1	3.456726E+0	1.300964E+0
56.9688	-2.563477E-1	9.347534E-1	3.454590E+0	1.320801E+0
56.9844	-2.648926E-1	9.216309E-1	3.454590E+0	1.340637E+0
57.0	-2.731323E-1	9.167480E-1	3.451233E+0	1.361389E+0
57.0	-2.764893E-1	8.999634E-1	3.448792E+0	1.379700E+0
57.0156	-2.810669E-1	8.874512E-1	3.447876E+0	1.398621E+0
57.0156	-2.926636E-1	8.642578E-1	3.444824E+0	1.420593E+0
57.0313	-2.960205E-1	8.538818E-1	3.442688E+0	1.439209E+0
57.0469	-3.042603E-1	8.532715E-1	3.440857E+0	1.458435E+0
57.0469	-3.106689E-1	8.276367E-1	3.438721E+0	1.479797E+0
57.0625	-3.219604E-1	8.099365E-1	3.436584E+0	1.500244E+0
57.0625	-3.207397E-1	7.995605E-1	3.434143E+0	1.517944E+0
57.0781	-3.399658E-1	7.797241E-1	3.432922E+0	1.539917E+0
57.0938	-3.424072E-1	7.730103E-1	3.429871E+0	1.558533E+0
57.0938	-3.506470E-1	7.565308E-1	3.428345E+0	1.577454E+0
57.1094	-3.625488E-1	7.394409E-1	3.426208E+0	1.599426E+0
57.125	-3.768921E-1	7.199097E-1	3.423767E+0	1.618347E+0
57.125	-3.729248E-1	7.080078E-1	3.422546E+0	1.637573E+0
57.1406	-3.894043E-1	6.829834E-1	3.419189E+0	1.659546E+0
57.1563	-3.970337E-1	6.719971E-1	3.417358E+0	1.677856E+0
57.1563	-4.101562E-1	6.625366E-1	3.415222E+0	1.697693E+0
57.1719	-4.248047E-1	6.362915E-1	3.413391E+0	1.719360E+0
57.1875	-4.281616E-1	6.307983E-1	3.410950E+0	1.737671E+0
57.1875	-4.425049E-1	6.060791E-1	3.409729E+0	1.756287E+0
57.2031	-4.510498E-1	5.972290E-1	3.406982E+0	1.777649E+0
57.2188	-4.647827E-1	5.807495E-1	3.404846E+0	1.797485E+0
57.2188	-4.687500E-1	5.712891E-1	3.403625E+0	1.816406E+0
57.2344	-4.898071E-1	5.407715E-1	3.401489E+0	1.838379E+0
57.25	-4.876709E-1	5.386353E-1	3.398132E+0	1.857300E+0
57.25	-5.120850E-1	5.145264E-1	3.396912E+0	1.876526E+0
57.2656	-5.224609E-1	4.986572E-1	3.393860E+0	1.897888E+0
57.2656	-5.307007E-1	4.779053E-1	3.392639E+0	1.915283E+0
57.2813	-5.432129E-1	4.711914E-1	3.391113E+0	1.936951E+0
57.2969	-5.648804E-1	4.492187E-1	3.389282E+0	1.956482E+0
57.2969	-5.770874E-1	4.379272E-1	3.386536E+0	1.976929E+0
57.3125	-5.883789E-1	4.174805E-1	3.385315E+0	1.995850E+0
57.3281	-5.993652E-1	3.906250E-1	3.382874E+0	2.016296E+0
57.3281	-6.015015E-1	3.826904E-1	3.379822E+0	2.036133E+0
57.3438	-6.213379E-1	3.668213E-1	3.379211E+0	2.055054E+0
57.3594	-6.280518E-1	3.555298E-1	3.376160E+0	2.076721E+0
57.3594	-6.561279E-1	3.274536E-1	3.373108E+0	2.095032E+0
57.375	-6.683350E-1	3.143311E-1	3.372192E+0	2.113953E+0
57.375	-6.838989E-1	2.899170E-1	3.369446E+0	2.135620E+0
57.3906	-6.924438E-1	2.856445E-1	3.367310E+0	2.156067E+0
57.4063	-7.162476E-1	2.587891E-1	3.365784E+0	2.174683E+0
57.4063	-7.278442E-1	2.423096E-1	3.364258E+0	2.195740E+0
57.4219	-7.449341E-1	2.325439E-1	3.361511E+0	2.214966E+0
57.4219	-7.574463E-1	2.157593E-1	3.359985E+0	2.233276E+0
57.4375	-7.733154E-1	1.904297E-1	3.358459E+0	2.255249E+0
57.4531	-7.910156E-1	1.748657E-1	3.355713E+0	2.275391E+0
57.4531	-8.151245E-1	1.553345E-1	3.353882E+0	2.292480E+0
57.4688	-8.255005E-1	1.437378E-1	3.350220E+0	2.315369E+0
57.4844	-8.465576E-1	1.190186E-1	3.348083E+0	2.333984E+0
57.4844	-8.584595E-1	1.025391E-1	3.346863E+0	2.353821E+0
57.5	-8.694458E-1	8.697510E-2	3.345337E+0	2.373657E+0
57.5156	-8.959961E-1	6.744385E-2	3.342285E+0	2.394104E+0
57.5156	-9.127808E-1	4.089355E-2	3.340759E+0	2.412720E+0
57.5313	-9.323120E-1	2.044678E-2	3.338623E+0	2.434692E+0
57.5469	-9.423828E-1	1.831055E-3	3.336182E+0	2.453308E+0
57.5469	-9.826660E-1	-6.408691E-3	3.335266E+0	2.471924E+0
57.5625	-9.921265E-1	-8.239746E-3	3.332825E+0	2.492676E+0
57.5781	-1.014099E+0	-4.180908E-2	3.330688E+0	2.512512E+0
57.5781	-1.037598E+0	-5.218506E-2	3.328552E+0	2.532349E+0
57.5938	-1.059265E+0	-8.666992E-2	3.325806E+0	2.553101E+0
57.6094	-1.076355E+0	-9.124756E-2	3.323364E+0	2.572021E+0
57.6094	-1.097107E+0	-1.101685E-1	3.322144E+0	2.591858E+0
57.625	-1.120300E+0	-1.296997E-1	3.319702E+0	2.612610E+0
57.625	-1.138000E+0	-1.464844E-1	3.317261E+0	2.632751E+0
57.6406	-1.147156E+0	-1.593018E-1	3.316345E+0	2.651062E+0
57.6563	-1.186218E+0	-1.925659E-1	3.313904E+0	2.671509E+0
57.6563	-1.202087E+0	-2.053833E-1	3.311462E+0	2.691040E+0
57.6719	-1.218872E+0	-2.178955E-1	3.310242E+0	2.710266E+0
57.6875	-1.242981E+0	-2.389526E-1	3.307495E+0	2.731628E+0
57.6875	-1.270142E+0	-2.630615E-1	3.305359E+0	2.750854E+0
57.7031	-1.295166E+0	-2.725220E-1	3.302612E+0	2.770996E+0
57.7188	-1.325378E+0	-2.908325E-1	3.300476E+0	2.791748E+0
57.7188	-1.344910E+0	-2.987671E-1	3.298035E+0	2.811584E+0
57.7344	-1.372681E+0	-3.302002E-1	3.297424E+0	2.829590E+0
57.75	-1.386719E+0	-3.359985E-1	3.295288E+0	2.850647E+0
57.75	-1.421509E+0	-3.637695E-1	3.292542E+0	2.870178E+0
57.7656	-1.432495E+0	-3.683472E-1	3.291321E+0	2.889404E+0
57.7656	-1.465454E+0	-3.988647E-1	3.288879E+0	2.911072E+0
57.7813	-1.479797E+0	-4.061890E-1	3.286743E+0	2.930298E+0
57.7969	-1.502380E+0	-4.296875E-1	3.284912E+0	2.949829E+0
57.7969	-1.540222E+0	-4.440308E-1	3.283081E+0	2.969971E+0
57.8125	-1.565247E+0	-4.653931E-1	3.280640E+0	2.990723E+0
57.8281	-1.582336E+0	-4.852295E-1	3.278503E+0	3.008423E+0
57.8281	-1.611328E+0	-4.925537E-1	3.276672E+0	3.029480E+0
57.8438	-1.626587E+0	-5.181885E-1	3.274231E+0	3.049622E+0
57.8594	-1.668091E+0	-5.319214E-1	3.272095E+0	3.069153E+0
57.8594	-1.662903E+0	-5.462646E-1	3.270874E+0	3.088379E+0
57.875	-1.697998E+0	-5.587769E-1	3.267822E+0	3.109436E+0
57.875	-1.711426E+0	-5.584717E-1	3.265686E+0	3.129272E+0
57.8906	-1.737366E+0	-5.804443E-1	3.264771E+0	3.147888E+0
57.9063	-1.765747E+0	-5.972290E-1	3.261719E+0	3.170166E+0
57.9063	-1.773682E+0	-6.179810E-1	3.259583E+0	3.188171E+0
57.9219	-1.799622E+0	-6.265259E-1	3.257446E+0	3.206482E+0
57.9375	-1.814270E+0	-6.442261E-1	3.255310E+0	3.228455E+0
57.9375	-1.817627E+0	-6.512451E-1	3.253174E+0	3.247986E+0
57.9531	-1.813049E+0	-6.436157E-1	3.251953E+0	3.267212E+0
57.9688	-1.756592E+0	-6.121826E-1	3.248901E+0	3.287964E+0
57.9688	-1.751709E+0	-6.033325E-1	3.246765E+0	3.307495E+0
57.9844	-1.742859E+0	-6.082153E-1	3.245239E+0	3.327332E+0
58.0	-1.740112E+0	-6.030273E-1	3.242798E+0	3.347168E+0
58.0	-1.732788E+0	-6.045532E-1	3.241272E+0	3.366394E+0
58.0156	-1.730042E+0	-6.054687E-1	3.239136E+0	3.385925E+0
58.0156	-1.722412E+0	-6.063843E-1	3.236694E+0	3.406982E+0
58.0313	-1.701050E+0	-5.981445E-1	3.234558E+0	3.426514E+0
58.0469	-1.701660E+0	-5.902100E-1	3.233032E+0	3.444519E+0
58.0469	-1.682434E+0	-5.953979E-1	3.231201E+0	3.467102E+0
58.0625	-1.681824E+0	-5.856323E-1	3.227844E+0	3.486633E+0
58.0625	-1.662598E+0	-5.712891E-1	3.226929E+0	3.504333E+0
58.0781	-1.663208E+0	-5.746460E-1	3.225098E+0	3.526917E+0
58.0938	-1.647339E+0	-5.633545E-1	3.221741E+0	3.545837E+0
58.0938	-1.660156E+0	-5.746460E-1	3.220520E+0	3.564148E+0
58.1094	-1.647949E+0	-5.624390E-1	3.218079E+0	3.586121E+0
58.125	-1.645203E+0	-5.783081E-1	3.215637E+0	3.605042E+0
58.125	-1.652222E+0	-5.718994E-1	3.214417E+0	3.624268E+0
58.1406	-1.642151E+0	-5.737305E-1	3.211365E+0	3.646545E+0
58.1563	-1.620483E+0	-5.624390E-1	3.209229E+0	3.664551E+0
58.1563	-1.631470E+0	-5.682373E-1	3.207703E+0	3.684692E+0
58.1719	-1.614380E+0	-5.599976E-1	3.204956E+0	3.705139E+0
58.1875	-1.610413E+0	-5.572510E-1	3.203125E+0	3.725281E+0
58.1875	-1.595154E+0	-5.496216E-1	3.202209E+0	3.743286E+0
58.2031	-1.588745E+0	-5.450439E-1	3.199463E+0	3.764343E+0
58.2188	-1.579285E+0	-5.456543E-1	3.197937E+0	3.783875E+0
58.2188	-1.575317E+0	-5.474854E-1	3.195496E+0	3.803101E+0
58.2344	-1.570435E+0	-5.368042E-1	3.193970E+0	3.824158E+0
58.25	-1.570740E+0	-5.444336E-1	3.190613E+0	3.844299E+0
58.25	-1.579895E+0	-5.484009E-1	3.188782E+0	3.862305E+0
58.2656	-1.571655E+0	-5.480957E-1	3.186951E+0	3.883972E+0
58.2656	-1.577454E+0	-5.453491E-1	3.185120E+0	3.903198E+0
58.2813	-1.569824E+0	-5.505371E-1	3.182678E+0	3.922729E+0
58.2969	-1.548462E+0	-5.346680E-1	3.180542E+0	3.942566E+0
58.2969	-1.537476E+0	-5.346680E-1	3.178406E+0	3.963318E+0
58.3125	-1.543884E+0	-5.361938E-1	3.176880E+0	3.981934E+0
58.3281	-1.536865E+0	-5.297852E-1	3.174133E+0	4.002991E+0
58.3281	-1.532898E+0	-5.349731E-1	3.173218E+0	4.022217E+0
58.3438	-1.548462E+0	-5.377197E-1	3.170776E+0	4.040527E+0
58.3594	-1.534424E+0	-5.355835E-1	3.168335E+0	4.063110E+0
58.3594	-1.526184E+0	-5.392456E-1	3.165894E+0	4.081726E+0
58.375	-1.516113E+0	-5.316162E-1	3.163452E+0	4.100647E+0
58.375	-1.513672E+0	-5.194092E-1	3.161926E+0	4.121094E+0
58.3906	-1.488342E+0	-5.187988E-1	3.159485E+0	4.140930E+0
58.4063	-1.500854E+0	-5.233765E-1	3.157654E+0	4.160461E+0
58.4063	-1.485901E+0	-5.130005E-1	3.155823E+0	4.181824E+0
58.4219	-1.495667E+0	-5.203247E-1	3.153076E+0	4.201355E+0
58.4219	-1.478577E+0	-5.047607E-1	3.152161E+0	4.219055E+0
58.4375	-1.461487E+0	-4.968262E-1	3.149719E+0	4.241638E+0
58.4531	-1.438599E+0	-4.925537E-1	3.147583E+0	4.260864E+0
58.4531	-1.446533E+0	-4.901123E-1	3.145752E+0	4.278564E+0
58.4688	-1.422424E+0	-4.901123E-1	3.143005E+0	4.300232E+0
58.4844	-1.450500E+0	-4.913330E-1	3.141174E+0	4.318848E+0
58.4844	-1.437988E+0	-4.922485E-1	3.139038E+0	4.338989E+0
58.5	-1.448975E+0	-4.949951E-1	3.136597E+0	4.360046E+0
58.5156	-1.434937E+0	-4.977417E-1	3.134155E+0	4.378662E+0
58.5156	-1.435242E+0	-4.949951E-1	3.133545E+0	4.397888E+0
58.5313	-1.415710E+0	-4.925537E-1	3.130493E+0	4.420166E+0
58.5469	-1.417236E+0	-4.785156E-1	3.128052E+0	4.439392E+0
58.5469	-1.417542E+0	-4.916382E-1	3.126831E+0	4.456177E+0
58.5625	-1.412659E+0	-4.861450E-1	3.125000E+0	4.478455E+0
58.5781	-1.412964E+0	-4.931641E-1	3.123169E+0	4.497681E+0
58.5781	-1.416626E+0	-4.940796E-1	3.119812E+0	4.517517E+0
58.5938	-1.409607E+0	-4.925537E-1	3.117981E+0	4.537659E+0
58.6094	-1.409302E+0	-4.916382E-1	3.115540E+0	4.557495E+0
58.6094	-1.408386E+0	-4.907227E-1	3.113708E+0	4.577026E+0
58.625	-1.400452E+0	-4.968262E-1	3.111267E+0	4.597168E+0
58.625	-1.396790E+0	-4.940796E-1	3.109741E+0	4.617004E+0
58.6406	-1.397095E+0	-4.922485E-1	3.108521E+0	4.635010E+0
58.6563	-1.387024E+0	-4.910278E-1	3.105164E+0	4.656982E+0
58.6563	-1.381226E+0	-4.840088E-1	3.103943E+0	4.675903E+0
58.6719	-1.393127E+0	-4.907227E-1	3.101807E+0	4.694519E+0
58.6875	-1.371460E+0	-4.772949E-1	3.099670E+0	4.716187E+0
58.6875	-1.379700E+0	-4.837036E-1	3.097229E+0	4.735107E+0
58.7031	-1.382751E+0	-4.776001E-1	3.094788E+0	4.755249E+0
58.7188	-1.373291E+0	-4.736328E-1	3.093262E+0	4.775696E+0
58.7188	-1.366577E+0	-4.833984E-1	3.091125E+0	4.795532E+0
58.7344	-1.372375E+0	-4.760742E-1	3.089600E+0	4.814148E+0
58.75	-1.365051E+0	-4.763794E-1	3.087158E+0	4.834900E+0
58.75	-1.345520E+0	-4.733276E-1	3.084412E+0	4.854431E+0
58.7656	-1.359253E+0	-4.837036E-1	3.083191E+0	4.873047E+0
58.7656	-1.345215E+0	-4.718018E-1	3.080750E+0	4.894409E+0
58.7813	-1.352234E+0	-4.705811E-1	3.079529E+0	4.913940E+0
58.7969	-1.345825E+0	-4.821777E-1	3.077087E+0	4.931946E+0
58.7969	-1.354980E+0	-4.815674E-1	3.074646E+0	4.953918E+0
58.8125	-1.322937E+0	-4.614258E-1	3.072205E+0	4.973755E+0
58.8125	-1.341248E+0	-4.714966E-1	3.070374E+0	4.991150E+0
58.8281	-1.315002E+0	-4.595947E-1	3.068848E+0	5.012512E+0
58.8438	-1.319580E+0	-4.623413E-1	3.065796E+0	5.032349E+0
58.8438	-1.308899E+0	-4.568481E-1	3.064270E+0	5.050659E+0
58.8594	-1.312866E+0	-4.635620E-1	3.062439E+0	5.072937E+0
58.875	-1.302185E+0	-4.605103E-1	3.059387E+0	5.091553E+0
58.875	-1.305542E+0	-4.653931E-1	3.057861E+0	5.110474E+0
58.8906	-1.299438E+0	-4.556274E-1	3.055420E+0	5.132751E+0
58.9063	-1.294250E+0	-4.608154E-1	3.054199E+0	5.151367E+0
58.9063	-1.293335E+0	-4.541016E-1	3.051758E+0	5.171204E+0
58.9219	-1.288757E+0	-4.550171E-1	3.049316E+0	5.191040E+0
58.9375	-1.284485E+0	-4.525757E-1	3.047485E+0	5.209656E+0
58.9375	-1.282043E+0	-4.434204E-1	3.045654E+0	5.229187E+0
58.9531	-1.292114E+0	-4.559326E-1	3.042603E+0	5.250549E+0
58.9688	-1.274719E+0	-4.498291E-1	3.041077E+0	5.269470E+0
58.9688	-1.273193E+0	-4.522705E-1	3.039856E+0	5.289001E+0
58.9844	-1.266785E+0	-4.406738E-1	3.037415E+0	5.309753E+0
59.0	-1.267395E+0	-4.412842E-1	3.034363E+0	5.329590E+0
59.0	-1.257324E+0	-4.354858E-1	3.033447E+0	5.348206E+0
59.0156	-1.249084E+0	-4.309082E-1	3.030396E+0	5.368347E+0
59.0156	-1.237183E+0	-4.333496E-1	3.029175E+0	5.386353E+0
59.0313	-1.236572E+0	-4.226685E-1	3.026428E+0	5.408630E+0
59.0469	-1.209106E+0	-4.058838E-1	3.024597E+0	5.427856E+0
59.0469	-1.197815E+0	-3.912354E-1	3.023071E+0	5.447693E+0
59.0625	-1.163025E+0	-3.735352E-1	3.019714E+0	5.467834E+0
59.0781	-1.163025E+0	-3.723145E-1	3.018494E+0	5.486755E+0
59.0781	-1.105957E+0	-3.292847E-1	3.016357E+0	5.506287E+0
59.0938	-1.077271E-1	-1.693726E-1	3.015137E+0	5.528259E+0
59.1094	-1.095581E-1	-1.666260E-1	3.012085E+0	5.545654E+0
59.1094	-1.104736E-1	-1.699829E-1	3.010864E+0	5.564880E+0
59.125	-1.040649E-1	-1.712036E-1	3.008423E+0	5.586853E+0
59.125	-1.132202E-1	-1.669312E-1	3.004761E+0	5.606384E+0
59.1406	-1.074219E-1	-1.699829E-1	3.004150E+0	5.624390E+0
59.1563	-1.107788E-1	-1.678467E-1	3.001099E+0	5.646057E+0
59.1563	-1.058960E-1	-1.757812E-1	2.999268E+0	5.665588E+0
59.1719	-1.123047E-1	-1.644897E-1	2.997742E+0	5.683899E+0
59.1875	-1.095581E-1	-1.760864E-1	2.995605E+0	5.705566E+0
59.1875	-1.071167E-1	-1.806641E-1	2.993164E+0	5.724182E+0
59.2031	-1.031494E-1	-1.705933E-1	2.991333E+0	5.742493E+0
59.2188	-1.068115E-1	-1.705933E-1	2.989807E+0	5.763855E+0
59.2188	-1.043701E-1	-1.727295E-1	2.987366E+0	5.783081E+0
59.2344	-1.049805E-1	-1.742554E-1	2.985840E+0	5.802002E+0
59.25	-1.098633E-1	-1.675415E-1	2.982178E+0	5.823364E+0
59.25	-1.049805E-1	-1.742554E-1	2.980042E+0	5.843201E+0
59.2656	-1.159668E-1	-1.718140E-1	2.979431E+0	5.861816E+0
59.2656	-1.089478E-1	-1.702881E-1	2.976379E+0	5.883789E+0
59.2813	-1.037598E-1	-1.696777E-1	2.975159E+0	5.901794E+0
59.2969	-1.037598E-1	-1.657104E-1	2.972717E+0	5.918579E+0
59.2969	-1.019287E-1	-1.736450E-1	2.970276E+0	5.941772E+0
59.3125	-1.058960E-1	-1.629639E-1	2.968750E+0	5.961914E+0
59.3125	-1.010132E-1	-1.641846E-1	2.967224E+0	5.978394E+0
59.3281	-1.055908E-1	-1.766968E-1	2.965393E+0	6.000977E+0
59.3438	-1.031494E-1	-1.702881E-1	2.960815E+0	6.020813E+0
59.3438	-1.098633E-1	-1.690674E-1	2.959900E+0	6.039429E+0
59.3594	-1.074219E-1	-1.708984E-1	2.957764E+0	6.061707E+0
59.375	-1.058960E-1	-1.721191E-1	2.954712E+0	6.078796E+0
59.375	-1.043701E-1	-1.675415E-1	2.954407E+0	6.097717E+0
59.3906	-1.031494E-1	-1.757812E-1	2.951355E+0	6.119080E+0
59.4063	-1.113892E-1	-1.693726E-1	2.949524E+0	6.138306E+0
59.4063	-1.019287E-1	-1.705933E-1	2.948608E+0	6.157532E+0
59.4219	-1.092529E-1	-1.776123E-1	2.945251E+0	6.179199E+0
59.4375	-1.037598E-1	-1.651001E-1	2.943420E+0	6.197815E+0
59.4375	-1.077271E-1	-1.705933E-1	2.941895E+0	6.217041E+0
59.4531	-1.040649E-1	-1.644897E-1	2.939453E+0	6.239014E+0
59.4688	-1.074219E-1	-1.644897E-1	2.936707E+0	6.257629E+0
59.4688	-1.019287E-1	-1.724243E-1	2.934875E+0	6.275635E+0
59.4844	-1.062012E-1	-1.770020E-1	2.933044E+0	6.296692E+0
59.5	-1.086426E-1	-1.739502E-1	2.930298E+0	6.316528E+0
59.5	-1.065063E-1	-1.684570E-1	2.929382E+0	6.334839E+0
59.5156	-1.055908E-1	-1.724243E-1	2.926636E+0	6.357422E+0
59.5156	-1.068115E-1	-1.611328E-1	2.925110E+0	6.374207E+0
59.5313	-1.049805E-1	-1.751709E-1	2.922668E+0	6.396790E+0
59.5469	-1.080322E-1	-1.730347E-1	2.920837E+0	6.414490E+0
59.5469	-1.058960E-1	-1.736450E-1	2.919312E+0	6.436157E+0
59.5625	-1.062012E-1	-1.638794E-1	2.917480E+0	6.454773E+0
59.5625	-1.040649E-1	-1.657104E-1	2.914429E+0	6.471558E+0
59.5781	-1.037598E-1	-1.739502E-1	2.911987E+0	6.493835E+0
59.5938	-1.049805E-1	-1.626587E-1	2.910156E+0	6.513977E+0
59.5938	-1.010132E-1	-1.696777E-1	2.908020E+0	6.531372E+0
59.6094	-1.113892E-1	-1.660156E-1	2.905579E+0	6.554565E+0
59.625	-1.040649E-1	-1.727295E-1	2.903442E+0	6.572876E+0
59.625	-1.077271E-1	-1.651001E-1	2.902222E+0	6.591187E+0
59.6406	-1.043701E-1	-1.721191E-1	2.900085E+0	6.613464E+0
59.6563	-1.068115E-1	-1.611328E-1	2.897644E+0	6.631165E+0
59.6563	-1.080322E-1	-1.599121E-1	2.896423E+0	6.650391E+0
59.6719	-1.062012E-1	-1.684570E-1	2.893066E+0	6.671448E+0
59.6875	-1.055908E-1	-1.632690E-1	2.890320E+0	6.690674E+0
59.6875	-1.043701E-1	-1.684570E-1	2.889099E+0	6.710205E+0
59.7031	-1.037598E-1	-1.715088E-1	2.886658E+0	6.730957E+0
59.7188	-9.979248E-2	-1.669312E-1	2.884521E+0	6.750488E+0
59.7188	-1.055908E-1	-1.727295E-1	2.883606E+0	6.769104E+0
59.7344	-1.068115E-1	-1.681519E-1	2.881470E+0	6.790466E+0
59.75	-1.000977E-1	-1.651001E-1	2.878723E+0	6.808777E+0
59.75	-1.119995E-1	-1.617432E-1	2.877502E+0	6.827087E+0
59.7656	-1.052856E-1	-1.602173E-1	2.875061E+0	6.848755E+0
59.7656	-1.028442E-1	-1.623535E-1	2.873840E+0	6.866455E+0
59.7813	-1.052856E-1	-1.651001E-1	2.871704E+0	6.888428E+0
59.7969	-1.077271E-1	-1.632690E-1	2.868042E+0	6.908264E+0
59.7969	-1.040649E-1	-1.721191E-1	2.865601E+0	6.928101E+0
59.8125	-1.031494E-1	-1.663208E-1	2.864990E+0	6.946106E+0
59.8281	-1.065063E-1	-1.675415E-1	2.862244E+0	6.967773E+0
59.8281	-1.071167E-1	-1.712036E-1	2.860107E+0	6.986694E+0
59.8438	-1.004028E-1	-1.693726E-1	2.858887E+0	7.005005E+0
59.8594	-1.019287E-1	-1.647949E-1	2.856140E+0	7.026367E+0
59.8594	-1.019287E-1	-1.577759E-1	2.854309E+0	7.044983E+0
59.875	-1.022339E-1	-1.608276E-1	2.852478E+0	7.065125E+0
59.875	-1.068115E-1	-1.644897E-1	2.850342E+0	7.084961E+0
59.8906	-1.007080E-1	-1.681519E-1	2.846680E+0	7.104492E+0
59.9063	-1.013184E-1	-1.635742E-1	2.846069E+0	7.123413E+0
59.9063	-1.022339E-1	-1.690674E-1	2.843018E+0	7.145081E+0
59.9219	-1.043701E-1	-1.708984E-1	2.841187E+0	7.165222E+0
59.9219	-9.643555E-2	-1.614380E-1	2.839355E+0	7.182312E+0
59.9375	-1.013184E-1	-1.696777E-1	2.837219E+0	7.203064E+0
59.9531	-1.065063E-1	-1.657104E-1	2.835083E+0	7.223206E+0
59.9531	-9.796143E-2	-1.605225E-1	2.833557E+0	7.240906E+0
59.9688	-1.034546E-1	-1.663208E-1	2.831726E+0	7.262878E+0
59.9844	-1.058960E-1	-1.593018E-1	2.828674E+0	7.281799E+0
59.9844	-1.034546E-1	-1.617432E-1	2.827454E+0	7.301331E+0
60.0	-9.735107E-2	-1.635742E-1	2.825012E+0	7.322693E+0
60.0156	-1.019287E-1	-1.681519E-1	2.822266E+0	7.340088E+0
60.0156	-1.000977E-1	-1.583862E-1	2.821045E+0	7.359009E+0
60.0313	-1.022339E-1	-1.608276E-1	2.818909E+0	7.380981E+0
60.0469	-1.007080E-1	-1.596069E-1	2.816162E+0	7.399902E+0
60.0469	-1.031494E-1	-1.657104E-1	2.814636E+0	7.418213E+0
60.0625	-9.979248E-2	-1.675415E-1	2.812805E+0	7.439575E+0
60.0781	-1.037598E-1	-1.675415E-1	2.810669E+0	7.457886E+0
60.0781	-1.007080E-1	-1.654053E-1	2.808228E+0	7.478943E+0
60.0938	-1.062012E-1	-1.626587E-1	2.807007E+0	7.498474E+0
60.0938	-1.098633E-1	-1.577759E-1	2.804260E+0	7.518005E+0
60.1094	-1.004028E-1	-1.663208E-1	2.802124E+0	7.537231E+0
60.125	-1.055908E-1	-1.586914E-1	2.799377E+0	7.556458E+0
60.125	-1.052856E-1	-1.657104E-1	2.797546E+0	7.577209E+0
60.1406	-1.101685E-1	-1.681519E-1	2.796021E+0	7.597046E+0
60.1563	-9.979248E-2	-1.565552E-1	2.793884E+0	7.615051E+0
60.1563	-1.113892E-1	-1.568604E-1	2.791748E+0	7.637024E+0
60.1719	-1.046753E-1	-1.663208E-1	2.789001E+0	7.655334E+0
60.1719	-1.016235E-1	-1.586914E-1	2.787781E+0	7.673950E+0
60.1875	-1.058960E-1	-1.583862E-1	2.785645E+0	7.695007E+0
60.2031	-1.028442E-1	-1.617432E-1	2.783203E+0	7.714844E+0
60.2031	-1.022339E-1	-1.593018E-1	2.782288E+0	7.731934E+0
60.2188	-1.019287E-1	-1.715088E-1	2.779236E+0	7.755127E+0
60.2344	-9.643555E-2	-1.605225E-1	2.776489E+0	7.773437E+0
60.2344	-9.948730E-2	-1.632690E-1	2.774658E+0	7.793579E+0
60.25	-9.918213E-2	-1.608276E-1	2.772522E+0	7.814331E+0
60.2656	-1.037598E-1	-1.617432E-1	2.770386E+0	7.832947E+0
60.2656	-1.034546E-1	-1.562500E-1	2.768860E+0	7.850037E+0
60.2813	-1.010132E-1	-1.599121E-1	2.767639E+0	7.872620E+0
60.2969	-1.040649E-1	-1.629639E-1	2.764893E+0	7.890320E+0
60.2969	-9.918213E-2	-1.559448E-1	2.762756E+0	7.910767E+0
60.3125	-1.007080E-1	-1.544189E-1	2.749329E+0	7.930908E+0
60.3281	-9.552002E-2	-1.663208E-1	2.631226E+0	7.931824E+0
60.3281	-9.826660E-2	-1.495361E-1	2.543640E+0	7.930908E+0
60.3438	-1.016235E-1	-1.446533E-1	2.426758E+0	7.930603E+0
60.3594	-9.216309E-2	-1.437378E-1	2.297058E+0	7.930908E+0
60.3594	-1.004028E-1	-1.416016E-1	2.236023E+0	7.931519E+0
60.375	-9.857178E-2	-1.434326E-1	2.124939E+0	7.930603E+0
60.375	-9.307861E-2	-1.419067E-1	1.988831E+0	7.930908E+0
60.3906	-9.307861E-2	-1.446533E-1	1.930847E+0	7.930603E+0
60.4063	-9.582520E-2	-1.409912E-1	1.799011E+0	7.930603E+0
60.4063	-9.613037E-2	-1.272583E-1	1.682434E+0	7.930603E+0
60.4219	-8.697510E-2	-1.403809E-1	1.623535E+0	7.929687E+0
60.4375	-8.850098E-2	-1.284790E-1	1.499634E+0	7.930298E+0
60.4375	-9.246826E-2	-1.254272E-1	1.394958E+0	7.929993E+0
60.4531	-9.307861E-2	-1.242065E-1	1.318359E+0	7.930298E+0
60.4688	-9.613037E-2	-1.263428E-1	1.193848E+0	7.929687E+0
60.4688	-9.368896E-2	-1.205444E-1	1.075134E+0	7.930298E+0
60.4844	-9.277344E-2	-1.245117E-1	1.012268E+0	7.929687E+0
60.5	-9.582520E-2	-1.232910E-1	8.831787E-1	7.929993E+0
60.5	-8.758545E-2	-1.101685E-1	7.678223E-1	7.929993E+0
60.5156	-8.636475E-2	-1.159668E-1	7.077026E-1	7.929382E+0
60.5156	-8.666992E-2	-1.156616E-1	5.831909E-1	7.929993E+0
60.5313	-8.483887E-2	-1.162720E-1	4.757690E-1	7.929687E+0
60.5469	-8.483887E-2	-1.132202E-1	3.799438E-1	7.929993E+0
60.5469	-8.850098E-2	-1.119995E-1	3.073120E-1	7.929993E+0
60.5625	-8.941650E-2	-1.058960E-1	1.950073E-1	7.929993E+0
60.5781	-8.728027E-2	-1.034546E-1	1.010132E-1	7.929993E+0
60.5781	-8.819580E-2	-1.129150E-1	1.129150E-2	7.929993E+0
60.5938	-8.544922E-2	-1.092529E-1	6.103516E-3	7.837524E+0
60.6094	-8.392334E-2	-1.113892E-1	8.544922E-3	7.738647E+0
60.6094	-8.300781E-2	-1.062012E-1	8.850098E-3	7.642822E+0
60.625	-7.873535E-2	-1.141357E-1	9.460449E-3	7.536316E+0
60.625	-8.575439E-2	-1.013184E-1	1.007080E-2	7.436829E+0
60.6406	-8.636475E-2	-1.043701E-1	1.007080E-2	7.343445E+0
60.6563	-8.819580E-2	-1.083374E-1	1.068115E-2	7.232666E+0
60.6563	-8.880615E-2	-1.086426E-1	1.007080E-2	7.135620E+0
60.6719	-8.148193E-2	-1.049805E-1	1.068115E-2	7.043152E+0
60.6875	-8.514404E-2	-1.043701E-1	9.765625E-3	6.933594E+0
60.6875	-8.148193E-2	-1.077271E-1	1.007080E-2	6.835632E+0
60.7031	-8.636475E-2	-1.074219E-1	9.765625E-3	6.738281E+0
60.7188	-8.666992E-2	-1.025391E-1	1.007080E-2	6.634521E+0
60.7188	-8.941650E-2	-1.101685E-1	1.068115E-2	6.535645E+0
60.7344	-7.629395E-2	-1.116943E-1	1.037598E-2	6.438599E+0
60.75	-9.185791E-2	-1.132202E-1	1.007080E-2	6.333618E+0
60.75	-8.850098E-2	-1.150513E-1	1.068115E-2	6.235352E+0
60.7656	-9.338379E-2	-1.110840E-1	1.037598E-2	6.139832E+0
60.7656	-8.422852E-2	-1.104736E-1	1.037598E-2	6.033020E+0
60.7813	-9.155273E-2	-1.132202E-1	1.068115E-2	5.933533E+0
60.7969	-9.094238E-2	-1.101685E-1	9.765625E-3	5.842285E+0
60.7969	-8.911133E-2	-1.089478E-1	1.098633E-2	5.733337E+0
60.8125	-8.361816E-2	-1.150513E-1	1.068115E-2	5.632019E+0
60.8281	-8.209229E-2	-1.217651E-1	1.098633E-2	5.538025E+0
60.8281	-8.270264E-2	-1.147461E-1	9.765625E-3	5.433960E+0
60.8438	-8.026123E-2	-1.199341E-1	1.037598E-2	5.332642E+0
60.8594	-8.575439E-2	-1.116943E-1	1.068115E-2	5.232849E+0
60.8594	-8.453369E-2	-1.098633E-1	1.007080E-2	5.134888E+0
60.875	-8.819580E-2	-1.229858E-1	1.068115E-2	5.032043E+0
60.875	-8.422852E-2	-1.214600E-1	1.037598E-2	4.931946E+0
60.8906	-8.087158E-2	-1.202393E-1	1.037598E-2	4.835510E+0
60.9063	-7.934570E-2	-1.135254E-1	1.068115E-2	4.729004E+0
60.9063	-8.575439E-2	-1.068115E-1	1.068115E-2	4.630737E+0
60.9219	-8.789062E-2	-1.113892E-1	1.037598E-2	4.533997E+0
60.9375	-8.544922E-2	-1.107788E-1	1.037598E-2	4.428711E+0
60.9375	-8.728027E-2	-1.260376E-1	1.068115E-2	4.331055E+0
60.9531	-8.361816E-2	-1.208496E-1	1.037598E-2	4.231262E+0
60.9688	-8.819580E-2	-1.101685E-1	1.098633E-2	4.126892E+0
60.9688	-8.331299E-2	-1.104736E-1	1.007080E-2	4.028015E+0
60.9844	-8.514404E-2	-1.187134E-1	1.037598E-2	3.930054E+0
61.0	-8.758545E-2	-1.159668E-1	1.037598E-2	3.825378E+0
61.0	-8.666992E-2	-1.168823E-1	1.098633E-2	3.726196E+0
61.0156	-8.880615E-2	-1.055908E-1	1.037598E-2	3.630371E+0
61.0156	-8.605957E-2	-1.177979E-1	1.068115E-2	3.523560E+0
61.0313	-9.185791E-2	-1.196289E-1	1.129150E-2	3.423157E+0
61.0469	-8.972168E-2	-1.126099E-1	1.068115E-2	3.327026E+0
61.0469	-9.094238E-2	-1.104736E-1	1.037598E-2	3.223572E+0
61.0625	-8.605957E-2	-1.171875E-1	1.068115E-2	3.121338E+0
61.0781	-9.338379E-2	-1.098633E-1	1.007080E-2	3.022766E+0
61.0781	-9.033203E-2	-1.162720E-1	1.037598E-2	2.921143E+0
61.0938	-8.850098E-2	-1.184082E-1	1.129150E-2	2.820129E+0
61.1094	-8.544922E-2	-1.132202E-1	1.098633E-2	2.718506E+0
61.1094	-9.185791E-2	-1.129150E-1	1.037598E-2	2.621155E+0
61.125	-8.026123E-2	-1.119995E-1	1.068115E-2	2.517700E+0
61.125	-8.636475E-2	-1.086426E-1	1.098633E-2	2.416992E+0
61.1406	-9.124756E-2	-1.193237E-1	1.129150E-2	2.320862E+0
61.1563	-8.850098E-2	-1.159668E-1	1.068115E-2	2.216187E+0
61.1563	-9.368896E-2	-1.113892E-1	1.037598E-2	2.116394E+0
61.1719	-8.575439E-2	-1.107788E-1	9.765625E-3	2.018127E+0
61.1875	-8.911133E-2	-1.116943E-1	1.037598E-2	1.914368E+0
61.1875	-8.666992E-2	-1.104736E-1	1.129150E-2	1.814880E+0
61.2031	-8.239746E-2	-1.113892E-1	1.037598E-2	1.714478E+0
61.2188	-8.697510E-2	-1.104736E-1	1.220703E-2	1.611023E+0
61.2188	-8.453369E-2	-1.098633E-1	1.098633E-2	1.512451E+0
61.2344	-8.453369E-2	-1.193237E-1	1.068115E-2	1.412964E+0
61.25	-8.361816E-2	-1.129150E-1	1.159668E-2	1.309509E+0
61.25	-8.575439E-2	-1.113892E-1	1.190186E-2	1.210022E+0
61.2656	-8.880615E-2	-1.156616E-1	1.129150E-2	1.113892E+0
61.2656	-8.636475E-2	-1.135254E-1	1.159668E-2	1.006775E+0
61.2813	-9.063721E-2	-1.116943E-1	1.129150E-2	9.082031E-1
61.2969	-8.239746E-2	-1.129150E-1	1.159668E-2	8.139038E-1
61.2969	-8.636475E-2	-1.116943E-1	1.159668E-2	7.052612E-1
61.3125	-8.636475E-2	-1.126099E-1	1.098633E-2	6.048584E-1
61.3125	-8.239746E-2	-1.068115E-1	1.129150E-2	5.145264E-1
61.3281	-8.361816E-2	-1.196289E-1	1.098633E-2	4.040527E-1
61.3438	-9.033203E-2	-1.049805E-1	1.068115E-2	3.039551E-1
61.3438	-8.483887E-2	-1.092529E-1	1.159668E-2	2.087402E-1
61.3594	-8.331299E-2	-1.098633E-1	1.098633E-2	1.013184E-1
61.375	-8.789062E-2	-1.083374E-1	1.190186E-2	2.746582E-3
61.375	-8.361816E-2	-1.083374E-1	1.159668E-2	4.272461E-3
61.3906	-7.904053E-2	-1.165771E-1	1.129150E-2	7.019043E-3
61.4063	-8.392334E-2	-1.071167E-1	1.159668E-2	7.019043E-3
61.4063	-8.361816E-2	-1.156616E-1	1.190186E-2	7.934570E-3
61.4219	-9.063721E-2	-1.098633E-1	1.220703E-2	7.934570E-3
61.4375	-8.575439E-2	-1.171875E-1	1.159668E-2	8.239746E-3
61.4375	-8.636475E-2	-1.144409E-1	1.159668E-2	7.629395E-3
61.4531	-8.789062E-2	-1.208496E-1	1.159668E-2	7.629395E-3
61.4688	-8.483887E-2	-1.187134E-1	1.190186E-2	7.934570E-3
61.4688	-8.972168E-2	-1.141357E-1	1.159668E-2	8.239746E-3
61.4844	-8.941650E-2	-1.089478E-1	1.159668E-2	8.239746E-3
61.5	-8.758545E-2	-1.058960E-1	1.190186E-2	8.544922E-3
61.5	-8.911133E-2	-1.049805E-1	1.159668E-2	8.544922E-3
61.5156	-9.124756E-2	-1.083374E-1	1.129150E-2	8.239746E-3
61.5156	-8.270264E-2	-1.123047E-1	1.190186E-2	8.544922E-3
61.5313	-8.728027E-2	-1.092529E-1	1.190186E-2	8.544922E-3
61.5469	-8.483887E-2	-1.159668E-1	1.129150E-2	8.544922E-3
61.5469	-8.300781E-2	-1.077271E-1	1.159668E-2	7.934570E-3
61.5625	-8.300781E-2	-1.174927E-1	1.159668E-2	8.239746E-3
61.5625	-8.636475E-2	-1.177979E-1	1.159668E-2	8.239746E-3
61.5781	-8.483887E-2	-1.159668E-1	1.159668E-2	8.544922E-3
61.5938	-8.758545E-2	-1.049805E-1	1.190186E-2	8.850098E-3
61.5938	-8.087158E-2	-1.095581E-1	1.190186E-2	8.544922E-3
61.6094	-8.056641E-2	-1.107788E-1	1.159668E-2	9.155273E-3
61.625	-9.582520E-2	-1.159668E-1	1.159668E-2	8.239746E-3
61.625	-8.697510E-2	-1.077271E-1	1.129150E-2	8.544922E-3
61.6406	-8.789062E-2	-1.110840E-1	1.220703E-2	8.544922E-3
61.6563	-8.453369E-2	-1.083374E-1	1.190186E-2	8.239746E-3
61.6563	-8.697510E-2	-1.022339E-1	1.190186E-2	9.155273E-3
61.6719	-8.605957E-2	-1.144409E-1	1.159668E-2	8.544922E-3
61.6875	-7.598877E-2	-1.147461E-1	1.159668E-2	8.544922E-3
61.6875	-8.453369E-2	-1.147461E-1	1.159668E-2	8.239746E-3
61.7031	-8.300781E-2	-1.129150E-1	1.159668E-2	8.239746E-3
61.7188	-7.904053E-2	-1.016235E-1	1.190186E-2	8.544922E-3
61.7188	-8.483887E-2	-1.144409E-1	1.159668E-2	8.850098E-3
61.7344	-8.056641E-2	-1.129150E-1	1.159668E-2	8.239746E-3
61.75	-8.453369E-2	-1.095581E-1	1.159668E-2	8.850098E-3
61.75	-8.178711E-2	-1.083374E-1	1.220703E-2	8.850098E-3
61.7656	-8.453369E-2	-1.040649E-1	1.190186E-2	8.544922E-3
61.7656	-8.697510E-2	-1.058960E-1	1.190186E-2	9.155273E-3
61.7813	-8.911133E-2	-1.107788E-1	1.190186E-2	8.850098E-3
61.7969	-8.209229E-2	-1.135254E-1	1.098633E-2	8.544922E-3
61.7969	-8.728027E-2	-1.101685E-1	1.159668E-2	8.544922E-3
61.8125	-8.300781E-2	-1.074219E-1	1.190186E-2	8.544922E-3
61.8281	-8.819580E-2	-1.202393E-1	1.098633E-2	8.544922E-3
61.8281	-7.873535E-2	-1.101685E-1	1.190186E-2	8.850098E-3
61.8438	-7.965088E-2	-1.156616E-1	1.190186E-2	8.239746E-3
61.8594	-8.575439E-2	-1.110840E-1	1.159668E-2	8.850098E-3
61.8594	-8.300781E-2	-1.031494E-1	1.190186E-2	8.850098E-3
61.875	-8.117676E-2	-1.129150E-1	1.190186E-2	8.850098E-3
61.875	-7.812500E-2	-1.040649E-1	1.159668E-2	8.544922E-3
61.8906	-9.094238E-2	-9.887695E-2	1.190186E-2	8.544922E-3
61.9063	-8.514404E-2	-1.165771E-1	1.190186E-2	8.239746E-3
61.9063	-8.148193E-2	-1.040649E-1	1.098633E-2	8.544922E-3
61.9219	-8.666992E-2	-1.104736E-1	1.159668E-2	8.544922E-3
61.9219	-7.781982E-2	-1.040649E-1	1.129150E-2	8.850098E-3
61.9375	-8.239746E-2	-1.049805E-1	1.159668E-2	8.239746E-3
61.9531	-7.904053E-2	-1.092529E-1	1.159668E-2	8.544922E-3
61.9531	-8.453369E-2	-1.083374E-1	1.159668E-2	8.544922E-3
61.9688	-8.148193E-2	-1.156616E-1	1.159668E-2	8.239746E-3
61.9844	-7.690430E-2	-1.156616E-1	1.190186E-2	8.239746E-3
61.9844	-8.178711E-2	-1.080322E-1	1.190186E-2	8.544922E-3
62.0	-9.185791E-2	-1.107788E-1	1.159668E-2	8.850098E-3
62.0156	-8.117676E-2	-1.092529E-1	1.129150E-2	8.850098E-3
62.0156	-8.666992E-2	-1.129150E-1	1.190186E-2	8.544922E-3
62.0313	-8.026123E-2	-1.116943E-1	1.190186E-2	8.544922E-3
62.0469	-8.911133E-2	-1.101685E-1	1.159668E-2	8.544922E-3
62.0469	-7.690430E-2	-1.028442E-1	1.159668E-2	8.239746E-3
62.0625	-8.331299E-2	-1.065063E-1	1.129150E-2	8.544922E-3
62.0781	-8.636475E-2	-1.119995E-1	1.220703E-2	8.850098E-3
62.0781	-8.361816E-2	-1.132202E-1	1.190186E-2	8.544922E-3
62.0938	-8.850098E-2	-1.181030E-1	1.190186E-2	8.544922E-3
62.1094	-8.361816E-2	-1.092529E-1	1.159668E-2	8.850098E-3
62.1094	-8.361816E-2	-1.019287E-1	1.159668E-2	8.544922E-3
62.125	-7.995605E-2	-1.095581E-1	1.129150E-2	8.850098E-3
62.125	-8.331299E-2	-1.052856E-1	1.098633E-2	8.239746E-3
62.1406	-8.514404E-2	-1.062012E-1	1.190186E-2	8.544922E-3
62.1563	-8.880615E-2	-1.080322E-1	1.159668E-2	9.460449E-3
62.1563	-7.690430E-2	-1.098633E-1	1.129150E-2	8.544922E-3
62.1719	-8.514404E-2	-1.004028E-1	1.098633E-2	8.544922E-3
62.1875	-8.666992E-2	-1.089478E-1	1.159668E-2	7.934570E-3
62.1875	-8.056641E-2	-1.107788E-1	1.159668E-2	9.155273E-3
62.2031	-8.331299E-2	-1.071167E-1	1.159668E-2	8.850098E-3
62.2188	-8.300781E-2	-1.092529E-1	1.159668E-2	8.850098E-3
62.2188	-8.300781E-2	-1.135254E-1	1.190186E-2	8.850098E-3
62.2344	-8.392334E-2	-1.126099E-1	1.220703E-2	8.850098E-3
62.25	-8.026123E-2	-1.022339E-1	1.159668E-2	8.850098E-3
62.25	-8.483887E-2	-1.144409E-1	1.129150E-2	9.155273E-3
62.2656	-8.117676E-2	-1.138306E-1	1.129150E-2	9.155273E-3
62.2656	-8.300781E-2	-9.887695E-2	1.159668E-2	8.850098E-3
62.2813	-7.751465E-2	-1.049805E-1	1.159668E-2	8.850098E-3
62.2969	-8.728027E-2	-1.083374E-1	1.190186E-2	9.155273E-3
62.2969	-7.751465E-2	-1.126099E-1	1.220703E-2	8.544922E-3
62.3125	-8.056641E-2	-1.083374E-1	1.159668E-2	9.155273E-3
62.3125	-8.483887E-2	-1.174927E-1	1.129150E-2	8.544922E-3
62.3281	-8.911133E-2	-1.058960E-1	1.098633E-2	9.155273E-3
62.3438	-7.873535E-2	-1.086426E-1	1.220703E-2	8.239746E-3
62.3438	-9.185791E-2	-1.040649E-1	1.159668E-2	8.544922E-3
62.3594	-8.483887E-2	-1.132202E-1	1.159668E-2	8.850098E-3
62.375	-8.209229E-2	-1.126099E-1	1.220703E-2	9.155273E-3
62.375	-8.666992E-2	-1.055908E-1	1.159668E-2	9.155273E-3
62.3906	-7.415771E-2	-1.086426E-1	1.159668E-2	8.850098E-3
62.4063	-8.148193E-2	-1.184082E-1	1.251221E-2	8.850098E-3
