June 10, 2009 15:25
529b02
H:\data\LS_p30_d80_vp20_vd20.traj
lateral amplification = 100
normal amp = 100
pitch angle = 0
roll angle = 180
cantilever = 529b02
sample = sws12
<data>
time	voltageForceLateral	voltageForceNormal	voltagePositionX	voltagePositionY
110.0156	4.272461E-3	1.458740E-1	9.460449E-3	7.019043E-3
110.0312	2.441406E-3	1.416016E-1	9.460449E-3	6.713867E-3
110.0469	2.441406E-3	1.406860E-1	9.765625E-3	6.713867E-3
110.0469	1.220703E-3	1.431274E-1	1.007080E-2	6.713867E-3
110.0625	3.051758E-4	1.406860E-1	9.460449E-3	6.408691E-3
110.0781	4.882812E-3	1.312256E-1	9.765625E-3	6.408691E-3
110.0781	9.155273E-4	1.333618E-1	9.765625E-3	7.019043E-3
110.0937	2.441406E-3	1.397705E-1	1.037598E-2	7.629395E-3
110.1094	5.187988E-3	1.336670E-1	9.460449E-3	7.019043E-3
110.1094	3.662109E-3	1.385498E-1	1.007080E-2	7.324219E-3
110.125	7.629395E-3	1.336670E-1	1.007080E-2	6.713867E-3
110.1406	2.136230E-3	1.376343E-1	9.765625E-3	6.713867E-3
110.1406	6.103516E-3	1.370239E-1	9.765625E-3	6.713867E-3
110.1562	6.103516E-4	1.400757E-1	9.765625E-3	7.019043E-3
110.1562	1.831055E-3	1.431274E-1	9.460449E-3	7.019043E-3
110.1719	-2.746582E-3	1.364136E-1	1.007080E-2	7.324219E-3
110.1875	2.746582E-3	1.367187E-1	1.007080E-2	7.019043E-3
110.1875	5.187988E-3	1.315308E-1	9.155273E-3	6.408691E-3
110.2031	-9.155273E-4	1.379395E-1	9.460449E-3	7.019043E-3
110.2187	-5.187988E-3	1.388550E-1	9.765625E-3	6.713867E-3
110.2187	-6.103516E-4	1.312256E-1	9.765625E-3	7.324219E-3
110.2344	3.051758E-4	1.318359E-1	1.007080E-2	7.019043E-3
110.2344	1.525879E-3	1.312256E-1	9.460449E-3	7.324219E-3
110.25	4.577637E-3	1.434326E-1	9.765625E-3	7.019043E-3
110.2656	3.356934E-3	1.351929E-1	9.765625E-3	6.713867E-3
110.2656	3.051758E-3	1.376343E-1	9.765625E-3	6.103516E-3
110.2812	-9.155273E-4	1.419067E-1	9.460449E-3	6.408691E-3
110.2969	-1.220703E-3	1.333618E-1	9.765625E-3	7.324219E-3
110.2969	3.051758E-3	1.345825E-1	9.765625E-3	7.324219E-3
110.3125	1.831055E-3	1.370239E-1	1.007080E-2	6.713867E-3
110.3281	1.220703E-3	1.403809E-1	1.007080E-2	6.713867E-3
110.3281	4.882812E-3	1.348877E-1	9.460449E-3	7.019043E-3
110.3437	-1.525879E-3	1.391602E-1	9.765625E-3	6.713867E-3
110.3594	1.525879E-3	1.388550E-1	1.007080E-2	6.408691E-3
110.3594	1.525879E-3	1.333618E-1	1.007080E-2	7.019043E-3
110.375	1.525879E-3	1.394653E-1	9.765625E-3	7.019043E-3
110.3906	-3.051758E-4	1.354980E-1	1.007080E-2	7.019043E-3
110.3906	-1.831055E-3	1.394653E-1	1.037598E-2	7.019043E-3
110.4062	-1.220703E-3	1.385498E-1	9.765625E-3	6.713867E-3
110.4062	-1.220703E-3	1.263428E-1	9.460449E-3	7.019043E-3
110.4219	4.272461E-3	1.351929E-1	1.007080E-2	7.324219E-3
110.4375	-5.798340E-3	1.358032E-1	9.765625E-3	6.713867E-3
110.4375	-3.051758E-3	1.351929E-1	1.007080E-2	7.324219E-3
110.4531	3.051758E-4	1.376343E-1	9.765625E-3	7.324219E-3
110.4687	-3.051758E-4	1.300049E-1	9.460449E-3	7.019043E-3
110.4687	8.850098E-3	1.373291E-1	1.007080E-2	6.408691E-3
110.4844	5.798340E-3	1.345825E-1	9.765625E-3	6.713867E-3
110.4844	-9.155273E-4	1.373291E-1	9.460449E-3	6.713867E-3
110.5	-9.155273E-4	1.376343E-1	1.007080E-2	7.324219E-3
110.5156	6.103516E-4	1.354980E-1	9.765625E-3	6.713867E-3
110.5156	-6.103516E-4	1.309204E-1	9.765625E-3	6.713867E-3
110.5312	3.967285E-3	1.361084E-1	1.007080E-2	7.629395E-3
110.5469	-7.629395E-3	1.339722E-1	9.460449E-3	7.019043E-3
110.5469	-4.577637E-3	1.370239E-1	1.007080E-2	7.019043E-3
110.5625	-3.051758E-3	1.370239E-1	1.037598E-2	7.324219E-3
110.5781	-1.831055E-3	1.382446E-1	1.007080E-2	7.019043E-3
110.5781	3.051758E-4	1.379395E-1	9.460449E-3	6.408691E-3
110.5937	-9.155273E-4	1.385498E-1	9.460449E-3	7.019043E-3
110.6094	3.967285E-3	1.388550E-1	9.765625E-3	5.798340E-3
110.6094	-4.882812E-3	1.303101E-1	9.155273E-3	6.713867E-3
110.625	2.441406E-3	1.266479E-1	9.155273E-3	7.324219E-3
110.6406	-6.103516E-4	1.391602E-1	9.765625E-3	7.019043E-3
110.6406	-2.746582E-3	1.354980E-1	1.007080E-2	7.324219E-3
110.6562	0.000000E+0	1.388550E-1	9.765625E-3	6.713867E-3
110.6562	2.136230E-3	1.306152E-1	9.460449E-3	6.408691E-3
110.6719	2.441406E-3	1.385498E-1	9.765625E-3	7.019043E-3
110.6875	4.577637E-3	1.373291E-1	9.765625E-3	7.324219E-3
110.6875	-5.187988E-3	1.309204E-1	9.765625E-3	7.019043E-3
110.7031	-5.187988E-3	1.367187E-1	1.037598E-2	7.019043E-3
110.7187	-3.967285E-3	1.293945E-1	9.460449E-3	7.324219E-3
110.7187	4.577637E-3	1.345825E-1	1.007080E-2	7.324219E-3
110.7344	-1.525879E-3	1.348877E-1	1.007080E-2	6.408691E-3
110.7344	-4.577637E-3	1.361084E-1	1.007080E-2	7.324219E-3
110.75	4.577637E-3	1.370239E-1	1.007080E-2	6.408691E-3
110.7656	4.577637E-3	1.367187E-1	9.765625E-3	7.324219E-3
110.7656	2.746582E-3	1.388550E-1	9.460449E-3	6.713867E-3
110.7812	6.103516E-4	1.419067E-1	9.765625E-3	7.019043E-3
110.7969	0.000000E+0	1.345825E-1	9.765625E-3	6.713867E-3
110.7969	1.831055E-3	1.303101E-1	1.037598E-2	7.019043E-3
110.8125	3.051758E-4	1.361084E-1	9.460449E-3	6.408691E-3
110.8281	-4.272461E-3	1.324463E-1	9.765625E-3	7.019043E-3
110.8281	-2.136230E-3	1.348877E-1	9.765625E-3	6.408691E-3
110.8437	-3.051758E-4	1.382446E-1	1.007080E-2	6.713867E-3
110.8594	0.000000E+0	1.394653E-1	9.765625E-3	7.019043E-3
110.8594	1.525879E-3	1.309204E-1	1.007080E-2	7.019043E-3
110.875	-6.713867E-3	1.403809E-1	9.765625E-3	7.019043E-3
110.8906	-3.356934E-3	1.293945E-1	9.460449E-3	7.019043E-3
110.8906	1.525879E-3	1.376343E-1	1.037598E-2	7.019043E-3
110.9062	-3.051758E-3	1.364136E-1	9.155273E-3	7.019043E-3
110.9062	-1.220703E-3	1.354980E-1	9.765625E-3	7.324219E-3
110.9219	3.051758E-4	1.354980E-1	1.190186E-2	6.103516E-3
110.9375	1.220703E-3	1.397705E-1	2.929687E-2	7.019043E-3
110.9375	-2.746582E-3	1.358032E-1	4.852295E-2	7.324219E-3
110.9531	0.000000E+0	1.321411E-1	7.141113E-2	6.408691E-3
110.9687	-7.019043E-3	1.296997E-1	9.521484E-2	7.019043E-3
110.9687	-3.051758E-3	1.351929E-1	1.110840E-1	7.019043E-3
110.9844	-4.577637E-3	1.312256E-1	1.345825E-1	7.019043E-3
111.0	-1.220703E-3	1.290894E-1	1.568604E-1	7.324219E-3
111.0	-2.746582E-3	1.306152E-1	1.712036E-1	7.019043E-3
111.0156	-4.577637E-3	1.287842E-1	1.925659E-1	6.713867E-3
111.0312	-6.103516E-3	1.214600E-1	2.182007E-1	7.324219E-3
111.0312	-5.187988E-3	1.257324E-1	2.307129E-1	7.629395E-3
111.0469	-6.103516E-3	1.257324E-1	2.551270E-1	6.713867E-3
111.0625	-4.577637E-3	1.226807E-1	2.783203E-1	7.324219E-3
111.0625	-7.019043E-3	1.211548E-1	2.911377E-1	7.019043E-3
111.0781	-2.746582E-3	1.211548E-1	3.146362E-1	7.324219E-3
111.0781	-4.272461E-3	1.257324E-1	3.344727E-1	7.324219E-3
111.0937	-6.103516E-3	1.141357E-1	3.515625E-1	6.713867E-3
111.1094	-9.155273E-4	1.184082E-1	3.729248E-1	7.019043E-3
111.1094	-7.324219E-3	1.174927E-1	3.973389E-1	7.019043E-3
111.125	-9.155273E-3	1.208496E-1	4.107666E-1	6.713867E-3
111.1406	-6.408691E-3	1.135254E-1	4.351807E-1	6.408691E-3
111.1406	-7.629395E-3	1.168823E-1	4.571533E-1	7.324219E-3
111.1562	-1.037598E-2	1.165771E-1	4.705811E-1	7.324219E-3
111.1719	-1.831055E-3	1.107788E-1	4.946899E-1	7.019043E-3
111.1719	-9.155273E-3	1.177979E-1	5.084229E-1	7.324219E-3
111.1875	-8.239746E-3	1.150513E-1	5.282593E-1	7.324219E-3
111.1875	-6.713867E-3	1.147461E-1	5.505371E-1	7.324219E-3
111.2031	-4.882812E-3	1.071167E-1	5.770874E-1	7.324219E-3
111.2187	-3.356934E-3	1.144409E-1	5.899048E-1	7.019043E-3
111.2187	-8.544922E-3	1.092529E-1	6.115723E-1	7.019043E-3
111.2344	-9.765625E-3	1.055908E-1	6.369019E-1	6.713867E-3
111.2344	-8.544922E-3	1.058960E-1	6.491089E-1	6.713867E-3
111.25	-7.934570E-3	1.065063E-1	6.753540E-1	6.713867E-3
111.2812	-6.408691E-3	1.049805E-1	6.985474E-1	7.019043E-3
111.2969	-1.220703E-2	1.055908E-1	7.559204E-1	7.019043E-3
111.3125	-1.708984E-2	1.028442E-1	7.754517E-1	7.019043E-3
111.3125	-9.155273E-3	1.004028E-1	7.888794E-1	7.934570E-3
111.3281	-1.739502E-2	1.046753E-1	8.139038E-1	7.324219E-3
111.3281	-1.251221E-2	9.979248E-2	8.264160E-1	6.713867E-3
111.3437	-2.136230E-2	9.704590E-2	8.480835E-1	6.713867E-3
111.3594	-1.098633E-2	9.277344E-2	8.706665E-1	7.324219E-3
111.3594	-1.617432E-2	9.063721E-2	8.963013E-1	6.408691E-3
111.375	-1.739502E-2	9.399414E-2	9.085083E-1	7.019043E-3
111.3906	-1.525879E-2	9.185791E-2	9.347534E-1	6.408691E-3
111.3906	-1.678467E-2	9.429932E-2	9.545898E-1	7.019043E-3
111.4062	-1.678467E-2	8.880615E-2	9.686279E-1	7.629395E-3
111.4219	-9.765625E-3	8.361816E-2	9.924316E-1	7.019043E-3
111.4219	-1.922607E-2	8.514404E-2	1.013794E+0	7.324219E-3
111.4375	-2.075195E-2	8.331299E-2	1.035461E+0	7.019043E-3
111.4375	-1.800537E-2	8.087158E-2	1.048279E+0	7.324219E-3
111.4531	-1.678467E-2	8.789062E-2	1.071167E+0	7.324219E-3
111.4687	-2.105713E-2	7.781982E-2	1.092834E+0	6.713867E-3
111.4687	-1.464844E-2	8.026123E-2	1.106873E+0	7.019043E-3
111.4844	-1.678467E-2	8.605957E-2	1.131287E+0	7.019043E-3
111.5	-1.586914E-2	7.690430E-2	1.153870E+0	6.408691E-3
111.5	-2.716064E-2	7.446289E-2	1.167603E+0	7.019043E-3
111.5156	-2.655029E-2	7.965088E-2	1.189270E+0	6.408691E-3
111.5312	-2.197266E-2	8.087158E-2	1.214294E+0	6.408691E-3
111.5312	-2.075195E-2	7.415771E-2	1.227112E+0	6.713867E-3
111.5469	-1.983643E-2	7.598877E-2	1.251221E+0	6.713867E-3
111.5469	-2.166748E-2	7.934570E-2	1.271362E+0	7.019043E-3
111.5625	-2.593994E-2	7.019043E-2	1.286316E+0	7.324219E-3
111.5781	-2.105713E-2	6.866455E-2	1.310730E+0	7.324219E-3
111.5781	-1.739502E-2	7.324219E-2	1.330566E+0	7.324219E-3
111.5937	-2.960205E-2	6.774902E-2	1.347046E+0	6.713867E-3
111.6094	-2.136230E-2	6.256104E-2	1.370544E+0	7.019043E-3
111.6094	-2.655029E-2	6.439209E-2	1.393738E+0	7.019043E-3
111.625	-2.624512E-2	6.408691E-2	1.406860E+0	7.324219E-3
111.6406	-2.136230E-2	6.286621E-2	1.431274E+0	7.019043E-3
111.6406	-2.990723E-2	6.011963E-2	1.453552E+0	7.019043E-3
111.6562	-3.204346E-2	5.706787E-2	1.466675E+0	6.713867E-3
111.6719	-2.838135E-2	6.286621E-2	1.489868E+0	6.713867E-3
111.6719	-2.807617E-2	5.920410E-2	1.511536E+0	6.713867E-3
111.6875	-3.265381E-2	5.371094E-2	1.532898E+0	7.019043E-3
111.6875	-3.295898E-2	5.767822E-2	1.545715E+0	6.713867E-3
111.7031	-3.051758E-2	5.218506E-2	1.569824E+0	6.713867E-3
111.7187	-3.051758E-2	5.706787E-2	1.589966E+0	6.713867E-3
111.7187	-2.838135E-2	5.310059E-2	1.605225E+0	6.713867E-3
111.7344	-3.326416E-2	4.852295E-2	1.629028E+0	6.408691E-3
111.75	-3.631592E-2	5.249023E-2	1.652527E+0	7.324219E-3
111.75	-3.417969E-2	4.333496E-2	1.664734E+0	6.713867E-3
111.7656	-3.051758E-2	4.425049E-2	1.686707E+0	7.019043E-3
111.7812	-3.631592E-2	4.119873E-2	1.712036E+0	6.713867E-3
111.7812	-3.021240E-2	4.516602E-2	1.724548E+0	7.019043E-3
111.7969	-3.662109E-2	4.028320E-2	1.749878E+0	6.713867E-3
111.8125	-2.838135E-2	3.936768E-2	1.772461E+0	6.408691E-3
111.8125	-3.112793E-2	3.448486E-2	1.784668E+0	6.408691E-3
111.8281	-3.753662E-2	3.540039E-2	1.808472E+0	6.713867E-3
111.8281	-3.967285E-2	3.417969E-2	1.828918E+0	7.019043E-3
111.8437	-3.601074E-2	3.509521E-2	1.844177E+0	7.324219E-3
111.8594	-3.814697E-2	3.387451E-2	1.866150E+0	7.324219E-3
111.8594	-3.906250E-2	2.868652E-2	1.891479E+0	7.019043E-3
111.875	-4.211426E-2	2.929687E-2	1.904297E+0	7.019043E-3
111.8906	-4.577637E-2	2.044678E-2	1.929016E+0	7.019043E-3
111.8906	-4.119873E-2	2.563477E-2	1.950684E+0	7.324219E-3
111.9062	-4.882812E-2	2.288818E-2	1.963806E+0	7.019043E-3
111.9219	-4.180908E-2	2.990723E-2	1.987610E+0	7.019043E-3
111.9219	-4.455566E-2	2.441406E-2	2.002258E+0	7.019043E-3
111.9375	-3.845215E-2	1.739502E-2	2.022095E+0	7.019043E-3
111.9375	-4.699707E-2	1.678467E-2	2.042847E+0	6.408691E-3
111.9531	-3.784180E-2	1.892090E-2	2.070007E+0	6.713867E-3
111.9687	-4.882812E-2	1.373291E-2	2.082825E+0	7.019043E-3
111.9687	-4.364014E-2	1.342773E-2	2.104492E+0	7.019043E-3
111.9844	-4.760742E-2	1.251221E-2	2.130432E+0	7.019043E-3
111.9844	-4.394531E-2	5.493164E-3	2.142639E+0	7.019043E-3
112.0	-5.187988E-2	0.000000E+0	2.167664E+0	6.713867E-3
112.0156	-4.577637E-2	8.239746E-3	2.190247E+0	7.324219E-3
112.0156	-4.974365E-2	7.324219E-3	2.202759E+0	7.019043E-3
112.0312	-5.523682E-2	1.220703E-3	2.225037E+0	6.713867E-3
112.0469	-4.913330E-2	-9.155273E-4	2.245483E+0	7.019043E-3
112.0469	-5.249023E-2	-3.051758E-3	2.262268E+0	7.324219E-3
112.0625	-5.035400E-2	-7.019043E-3	2.283325E+0	6.713867E-3
112.0781	-5.767822E-2	-5.645752E-2	2.309265E+0	7.019043E-3
112.0781	-5.249023E-2	-4.821777E-2	2.322388E+0	6.713867E-3
112.0937	-5.920410E-2	3.051758E-4	2.346191E+0	6.408691E-3
112.1094	-5.249023E-2	3.112793E-2	2.368164E+0	7.019043E-3
112.1094	-5.584717E-2	4.943848E-2	2.381897E+0	7.019043E-3
112.125	-4.699707E-2	9.429932E-2	2.403259E+0	6.713867E-3
112.1406	-4.760742E-2	1.171875E-1	2.427979E+0	6.713867E-3
112.1406	-4.638672E-2	1.492310E-1	2.441406E+0	6.713867E-3
112.1562	-3.845215E-2	1.870728E-1	2.465210E+0	7.019043E-3
112.1562	-4.547119E-2	2.142334E-1	2.481384E+0	7.324219E-3
112.1719	-4.058838E-2	2.459717E-1	2.501831E+0	7.324219E-3
112.1875	-3.784180E-2	2.679443E-1	2.520752E+0	6.408691E-3
112.1875	-3.875732E-2	3.115845E-1	2.540588E+0	6.713867E-3
112.2031	-3.021240E-2	3.601074E-1	2.567749E+0	7.019043E-3
112.2187	-3.509521E-2	3.698730E-1	2.580872E+0	6.713867E-3
112.2187	-2.288818E-2	4.089355E-1	2.601929E+0	7.324219E-3
112.2344	-2.288818E-2	4.452515E-1	2.627563E+0	7.019043E-3
112.2344	-2.197266E-2	4.791260E-1	2.640686E+0	7.019043E-3
112.25	-1.678467E-2	5.068970E-1	2.665100E+0	7.019043E-3
112.2656	-2.655029E-2	5.569458E-1	2.688293E+0	7.629395E-3
112.2656	-1.556396E-2	5.783081E-1	2.700195E+0	7.019043E-3
112.2812	-2.319336E-2	6.137085E-1	2.724304E+0	7.324219E-3
112.2969	-1.678467E-2	6.484985E-1	2.742920E+0	6.713867E-3
112.2969	-1.922607E-2	6.698608E-1	2.760315E+0	6.713867E-3
112.3125	-1.586914E-2	7.162476E-1	2.781677E+0	7.324219E-3
112.3281	-5.187988E-3	7.565308E-1	2.807007E+0	7.019043E-3
112.3281	-6.103516E-3	7.681274E-1	2.820129E+0	7.019043E-3
112.3437	-6.713867E-3	8.132935E-1	2.844238E+0	6.713867E-3
112.3594	-3.967285E-3	8.480835E-1	2.867432E+0	7.629395E-3
112.3594	-4.272461E-3	8.825684E-1	2.879944E+0	6.713867E-3
112.375	9.155273E-4	9.146118E-1	2.901001E+0	6.713867E-3
112.3906	-3.051758E-3	9.472656E-1	2.927246E+0	6.713867E-3
112.3906	2.746582E-3	9.854126E-1	2.940063E+0	6.408691E-3
112.4062	7.629395E-3	1.018372E+0	2.963867E+0	6.408691E-3
112.4062	6.408691E-3	1.065674E+0	2.980652E+0	7.019043E-3
112.4219	2.136230E-3	1.066284E+0	2.995605E+0	6.713867E-3
112.4375	4.272461E-3	1.050110E+0	2.986450E+0	2.380371E-2
112.4375	-1.007080E-2	1.040955E+0	2.977905E+0	4.180908E-2
112.4531	-1.708984E-2	1.011658E+0	2.965698E+0	6.042480E-2
112.4687	-1.678467E-2	1.008606E+0	2.960205E+0	7.751465E-2
112.4687	-2.441406E-2	9.768677E-1	2.949524E+0	9.674072E-2
112.4844	-2.471924E-2	9.664917E-1	2.938232E+0	1.141357E-1
112.4844	-2.929687E-2	9.448242E-1	2.932739E+0	1.312256E-1
112.5	-3.173828E-2	9.396362E-1	2.922668E+0	1.510620E-1
112.5156	-4.302979E-2	9.207153E-1	2.912292E+0	1.684570E-1
112.5156	-4.394531E-2	8.908081E-1	2.906494E+0	1.855469E-1
112.5312	-5.401611E-2	8.895874E-1	2.896729E+0	2.053833E-1
112.5469	-6.256104E-2	8.520508E-1	2.885437E+0	2.221680E-1
112.5469	-6.530762E-2	8.590698E-1	2.881165E+0	2.386475E-1
112.5625	-6.927490E-2	8.193970E-1	2.869873E+0	2.584839E-1
112.5781	-7.995605E-2	8.102417E-1	2.859497E+0	2.758789E-1
112.5781	-8.209229E-2	7.946777E-1	2.853394E+0	2.944946E-1
112.5937	-9.735107E-2	7.574463E-1	2.843323E+0	3.131104E-1
112.6094	-9.338379E-2	7.626343E-1	2.833557E+0	3.292847E-1
112.6094	-1.022339E-1	7.397461E-1	2.827148E+0	3.457642E-1
112.625	-1.101685E-1	7.220459E-1	2.817688E+0	3.656006E-1
112.6406	-1.132202E-1	6.954956E-1	2.806396E+0	3.833008E-1
112.6406	-1.306152E-1	6.802368E-1	2.801208E+0	4.000854E-1
112.6562	-1.245117E-1	6.646729E-1	2.791138E+0	4.193115E-1
112.6562	-1.477051E-1	6.439209E-1	2.782898E+0	4.360962E-1
112.6719	-1.461792E-1	6.286621E-1	2.774963E+0	4.556274E-1
112.6875	-1.501465E-1	6.063843E-1	2.766418E+0	4.733276E-1
112.6875	-1.589966E-1	5.813599E-1	2.754211E+0	4.910278E-1
112.7031	-1.748657E-1	5.703735E-1	2.748718E+0	5.084229E-1
112.7187	-1.815796E-1	5.459595E-1	2.737732E+0	5.285645E-1
112.7187	-1.849365E-1	5.230713E-1	2.728271E+0	5.453491E-1
112.7344	-1.919556E-1	5.123901E-1	2.722473E+0	5.618286E-1
112.75	-2.011108E-1	4.846191E-1	2.711487E+0	5.819702E-1
112.75	-2.090454E-1	4.727173E-1	2.702637E+0	5.987549E-1
112.7656	-2.291870E-1	4.391479E-1	2.696228E+0	6.167603E-1
112.7812	-2.288818E-1	4.406738E-1	2.686768E+0	6.356812E-1
112.7812	-2.383423E-1	4.110718E-1	2.674561E+0	6.530762E-1
112.7969	-2.392578E-1	3.909302E-1	2.669373E+0	6.704712E-1
112.7969	-2.548218E-1	3.759766E-1	2.659912E+0	6.893921E-1
112.8125	-2.624512E-1	3.536987E-1	2.648621E+0	7.067871E-1
112.8281	-2.728271E-1	3.408813E-1	2.643127E+0	7.238770E-1
112.8281	-2.804565E-1	3.094482E-1	2.633667E+0	7.434082E-1
112.8437	-2.917480E-1	2.880859E-1	2.622986E+0	7.608032E-1
112.8594	-2.951050E-1	2.740479E-1	2.617187E+0	7.781982E-1
112.8594	-3.143311E-1	2.569580E-1	2.606812E+0	7.971191E-1
112.875	-3.228760E-1	2.343750E-1	2.598267E+0	8.145142E-1
112.875	-3.298950E-1	2.069092E-1	2.590637E+0	8.325195E-1
112.8906	-3.433228E-1	1.980591E-1	2.581482E+0	8.511353E-1
112.9062	-3.527832E-1	1.660156E-1	2.570190E+0	8.694458E-1
112.9062	-3.656006E-1	1.452637E-1	2.564392E+0	8.859253E-1
112.9219	-3.717041E-1	1.342773E-1	2.553711E+0	9.054565E-1
112.9375	-3.842163E-1	9.979248E-2	2.543640E+0	9.234619E-1
112.9375	-3.936768E-1	1.019287E-1	2.539062E+0	9.399414E-1
112.9531	-4.107666E-1	5.706787E-2	2.527771E+0	9.594727E-1
112.9687	-4.132080E-1	6.072998E-2	2.518616E+0	9.753418E-1
112.9687	-4.260254E-1	3.143311E-2	2.511597E+0	9.930420E-1
112.9844	-4.409790E-1	1.159668E-2	2.501831E+0	1.012573E+0
113.0	-4.434204E-1	-1.190186E-2	2.491150E+0	1.030273E+0
113.0	-4.629517E-1	-4.211426E-2	2.485657E+0	1.047058E+0
113.0156	-4.739380E-1	-4.180908E-2	2.475891E+0	1.066895E+0
113.0312	-4.864502E-1	-7.507324E-2	2.464905E+0	1.084290E+0
113.0312	-4.959106E-1	-8.728027E-2	2.458496E+0	1.100769E+0
113.0469	-5.078125E-1	-1.037598E-1	2.448425E+0	1.120300E+0
113.0625	-5.209351E-1	-1.306152E-1	2.438660E+0	1.137390E+0
113.0625	-5.310059E-1	-1.388550E-1	2.433167E+0	1.154480E+0
113.0781	-5.468750E-1	-1.742554E-1	2.421875E+0	1.174316E+0
113.0781	-5.538940E-1	-1.785278E-1	2.413330E+0	1.191406E+0
113.0937	-5.648804E-1	-1.995850E-1	2.406921E+0	1.209412E+0
113.1094	-5.792236E-1	-2.246094E-1	2.397461E+0	1.227722E+0
113.1094	-5.877686E-1	-2.380371E-1	2.385864E+0	1.246338E+0
113.125	-6.024170E-1	-2.542114E-1	2.380371E+0	1.263123E+0
113.1406	-6.109619E-1	-2.673340E-1	2.369080E+0	1.282654E+0
113.1406	-6.262207E-1	-2.960205E-1	2.359924E+0	1.299744E+0
113.1562	-6.317139E-1	-3.070068E-1	2.354431E+0	1.316528E+0
113.1719	-6.289673E-1	-3.216553E-1	2.343445E+0	1.336365E+0
113.1719	-6.439209E-1	-3.295898E-1	2.337036E+0	1.354065E+0
113.1875	-6.390381E-1	-3.405762E-1	2.328186E+0	1.370544E+0
113.1875	-6.304932E-1	-3.457642E-1	2.319641E+0	1.390076E+0
113.2031	-6.109619E-1	-3.424072E-1	2.307434E+0	1.408386E+0
113.2187	-5.999756E-1	-3.436279E-1	2.301331E+0	1.425171E+0
113.2187	-5.935669E-1	-3.485107E-1	2.291565E+0	1.444092E+0
113.2344	-5.709839E-1	-3.436279E-1	2.280579E+0	1.462097E+0
113.2344	-5.609131E-1	-3.482056E-1	2.275696E+0	1.478577E+0
113.25	-5.261230E-1	-3.295898E-1	2.264404E+0	1.498108E+0
113.2656	-5.126953E-1	-3.326416E-1	2.254028E+0	1.515503E+0
113.2656	-4.989624E-1	-3.344727E-1	2.248230E+0	1.533203E+0
113.2812	-4.690552E-1	-3.179932E-1	2.237549E+0	1.552429E+0
113.2969	-4.583740E-1	-3.323364E-1	2.230225E+0	1.569519E+0
113.2969	-4.458618E-1	-3.262329E-1	2.222290E+0	1.587524E+0
113.3125	-4.321289E-1	-3.417969E-1	2.212830E+0	1.604614E+0
113.3281	-4.251099E-1	-3.344727E-1	2.201843E+0	1.622925E+0
113.3281	-4.135132E-1	-3.408813E-1	2.196350E+0	1.640015E+0
113.3437	-4.019165E-1	-3.540039E-1	2.185669E+0	1.659241E+0
113.3594	-3.851318E-1	-3.375244E-1	2.175293E+0	1.676331E+0
113.3594	-5.310059E-2	1.525879E-3	2.169800E+0	1.694031E+0
113.375	-5.035400E-2	-4.272461E-3	2.160339E+0	1.712646E+0
113.3906	-5.004883E-2	-3.051758E-3	2.149353E+0	1.730347E+0
113.3906	-4.425049E-2	-6.713867E-3	2.144470E+0	1.747131E+0
113.4062	-5.096436E-2	2.746582E-3	2.133179E+0	1.766357E+0
113.4062	-4.394531E-2	-1.220703E-3	2.126160E+0	1.783752E+0
113.4219	-5.065918E-2	9.155273E-4	2.117004E+0	1.803284E+0
113.4375	-4.974365E-2	1.831055E-3	2.107849E+0	1.819458E+0
113.4375	-5.096436E-2	4.272461E-3	2.100525E+0	1.838379E+0
113.4531	-4.882812E-2	3.967285E-3	2.088318E+0	1.856689E+0
113.4687	-5.340576E-2	4.272461E-3	2.081909E+0	1.873474E+0
113.4687	-4.882812E-2	7.324219E-3	2.073059E+0	1.892700E+0
113.4844	-5.004883E-2	8.544922E-3	2.061768E+0	1.909485E+0
113.4844	-4.791260E-2	5.798340E-3	2.056885E+0	1.927795E+0
113.5	-4.211426E-2	7.629395E-3	2.045593E+0	1.946411E+0
113.5156	-4.608154E-2	6.408691E-3	2.035522E+0	1.963501E+0
113.5156	-5.065918E-2	1.220703E-2	2.029114E+0	1.981506E+0
113.5312	-4.577637E-2	1.037598E-2	2.019958E+0	2.001038E+0
113.5469	-4.913330E-2	1.129150E-2	2.010193E+0	2.018433E+0
113.5469	-4.455566E-2	1.220703E-2	2.004395E+0	2.035828E+0
113.5625	-4.638672E-2	1.129150E-2	1.993103E+0	2.054138E+0
113.5781	-4.455566E-2	1.098633E-2	1.983337E+0	2.072144E+0
113.5781	-4.119873E-2	1.251221E-2	1.976929E+0	2.089233E+0
113.5937	-4.486084E-2	8.239746E-3	1.967773E+0	2.108765E+0
113.6094	-4.180908E-2	1.922607E-2	1.957397E+0	2.125854E+0
113.6094	-4.486084E-2	1.007080E-2	1.951294E+0	2.143250E+0
113.625	-4.058838E-2	1.190186E-2	1.941223E+0	2.162476E+0
113.6406	-4.974365E-2	2.105713E-2	1.932678E+0	2.179871E+0
113.6406	-4.364014E-2	1.831055E-2	1.925354E+0	2.196045E+0
113.6562	-3.997803E-2	2.075195E-2	1.914673E+0	2.216797E+0
113.6562	-4.608154E-2	1.953125E-2	1.907043E+0	2.232361E+0
113.6719	-4.364014E-2	1.800537E-2	1.898499E+0	2.251282E+0
113.6875	-4.211426E-2	2.410889E-2	1.889954E+0	2.268372E+0
113.6875	-4.455566E-2	1.922607E-2	1.881714E+0	2.287292E+0
113.7031	-3.936768E-2	2.075195E-2	1.869507E+0	2.305298E+0
113.7187	-4.119873E-2	2.166748E-2	1.863403E+0	2.322693E+0
113.7187	-4.302979E-2	2.380371E-2	1.853943E+0	2.341614E+0
113.7344	-4.028320E-2	3.082275E-2	1.843567E+0	2.358704E+0
113.7344	-4.272461E-2	2.197266E-2	1.837463E+0	2.375793E+0
113.75	-3.570557E-2	3.112793E-2	1.826477E+0	2.395630E+0
113.7656	-4.089355E-2	3.173828E-2	1.816711E+0	2.412720E+0
113.7656	-4.119873E-2	2.868652E-2	1.810913E+0	2.429810E+0
113.7812	-3.845215E-2	2.563477E-2	1.801453E+0	2.448730E+0
113.7969	-3.875732E-2	3.173828E-2	1.791992E+0	2.466431E+0
113.7969	-3.997803E-2	3.051758E-2	1.784973E+0	2.484131E+0
113.8125	-3.509521E-2	3.143311E-2	1.775513E+0	2.503052E+0
113.8281	-4.150391E-2	3.082275E-2	1.764221E+0	2.521057E+0
113.8281	-3.082275E-2	3.051758E-2	1.759338E+0	2.537842E+0
113.8437	-3.814697E-2	3.356934E-2	1.748352E+0	2.557068E+0
113.8594	-4.028320E-2	3.814697E-2	1.737976E+0	2.574463E+0
113.8594	-3.265381E-2	2.868652E-2	1.733093E+0	2.591248E+0
113.875	-4.089355E-2	3.509521E-2	1.722412E+0	2.611084E+0
113.8906	-3.204346E-2	3.387451E-2	1.712341E+0	2.628174E+0
113.8906	-3.936768E-2	3.417969E-2	1.705933E+0	2.645569E+0
113.9062	-3.875732E-2	2.929687E-2	1.696167E+0	2.665100E+0
113.9062	-4.058838E-2	3.875732E-2	1.688232E+0	2.681580E+0
113.9219	-3.784180E-2	3.295898E-2	1.679687E+0	2.700195E+0
113.9375	-3.662109E-2	3.784180E-2	1.671753E+0	2.718506E+0
113.9375	-3.173828E-2	4.028320E-2	1.659241E+0	2.737122E+0
113.9531	-3.356934E-2	4.211426E-2	1.653748E+0	2.752991E+0
113.9687	-3.082275E-2	4.089355E-2	1.643066E+0	2.773132E+0
113.9687	-3.509521E-2	4.211426E-2	1.632385E+0	2.790222E+0
113.9844	-3.570557E-2	4.150391E-2	1.628418E+0	2.807007E+0
114.0	-3.540039E-2	3.936768E-2	1.617432E+0	2.826843E+0
114.0	-3.417969E-2	4.211426E-2	1.608582E+0	2.844849E+0
114.0156	-2.777100E-2	4.364014E-2	1.601257E+0	2.862244E+0
114.0312	-3.143311E-2	4.547119E-2	1.590271E+0	2.878723E+0
114.0312	-3.448486E-2	5.065918E-2	1.580505E+0	2.897339E+0
114.0469	-3.753662E-2	4.028320E-2	1.575012E+0	2.914734E+0
114.0469	-3.570557E-2	3.875732E-2	1.564941E+0	2.933960E+0
114.0625	-3.387451E-2	4.547119E-2	1.553955E+0	2.951355E+0
114.0781	-2.990723E-2	4.211426E-2	1.548157E+0	2.968445E+0
114.0781	-3.326416E-2	4.547119E-2	1.539307E+0	2.987061E+0
114.0937	-3.509521E-2	4.943848E-2	1.528625E+0	3.005676E+0
114.1094	-3.173828E-2	4.608154E-2	1.522522E+0	3.021851E+0
114.1094	-3.356934E-2	5.279541E-2	1.511536E+0	3.041687E+0
114.125	-3.540039E-2	5.371094E-2	1.503296E+0	3.059082E+0
114.125	-3.570557E-2	4.882812E-2	1.496582E+0	3.076782E+0
114.1406	-4.089355E-2	4.638672E-2	1.487427E+0	3.095703E+0
114.1562	-3.295898E-2	4.913330E-2	1.475525E+0	3.113098E+0
114.1562	-2.777100E-2	5.035400E-2	1.469421E+0	3.130188E+0
114.1719	-3.387451E-2	4.943848E-2	1.458740E+0	3.149414E+0
114.1875	-2.655029E-2	5.004883E-2	1.449585E+0	3.166809E+0
114.1875	-2.899170E-2	5.432129E-2	1.443787E+0	3.184204E+0
114.2031	-2.929687E-2	5.920410E-2	1.433105E+0	3.202820E+0
114.2187	-2.960205E-2	5.401611E-2	1.424255E+0	3.220520E+0
114.2187	-2.716064E-2	5.615234E-2	1.417236E+0	3.237915E+0
114.2344	-3.265381E-2	5.676270E-2	1.407471E+0	3.257446E+0
114.25	-2.990723E-2	5.828857E-2	1.397095E+0	3.274231E+0
114.25	-3.112793E-2	6.408691E-2	1.390686E+0	3.292542E+0
114.2656	-2.929687E-2	6.103516E-2	1.381531E+0	3.310852E+0
114.2812	-2.655029E-2	5.706787E-2	1.370544E+0	3.328247E+0
114.2812	-2.655029E-2	5.950928E-2	1.365356E+0	3.345032E+0
114.2969	-3.082275E-2	5.859375E-2	1.354370E+0	3.365173E+0
114.3125	-3.051758E-2	6.134033E-2	1.344604E+0	3.382874E+0
114.3125	-3.051758E-2	6.561279E-2	1.338501E+0	3.399963E+0
114.3281	-2.899170E-2	6.072998E-2	1.327515E+0	3.419189E+0
114.3281	-3.082275E-2	6.408691E-2	1.319275E+0	3.435974E+0
114.3437	-2.258301E-2	5.737305E-2	1.312866E+0	3.453674E+0
114.3594	-2.716064E-2	6.408691E-2	1.301575E+0	3.472595E+0
114.3594	-2.105713E-2	6.652832E-2	1.291199E+0	3.489990E+0
114.375	-2.777100E-2	6.072998E-2	1.285706E+0	3.506775E+0
114.3906	-2.624512E-2	6.774902E-2	1.275940E+0	3.525696E+0
114.3906	-2.563477E-2	6.622314E-2	1.265869E+0	3.543091E+0
114.4062	-2.777100E-2	5.981445E-2	1.259460E+0	3.560181E+0
114.4219	-2.349854E-2	5.889893E-2	1.248779E+0	3.580322E+0
114.4219	-2.075195E-2	6.683350E-2	1.242371E+0	3.597107E+0
114.4375	-2.838135E-2	6.072998E-2	1.234436E+0	3.614197E+0
114.4375	-2.593994E-2	6.927490E-2	1.225281E+0	3.633118E+0
114.4531	-2.197266E-2	7.232666E-2	1.213074E+0	3.651428E+0
114.4687	-2.593994E-2	6.927490E-2	1.207275E+0	3.668213E+0
114.4687	-2.624512E-2	6.805420E-2	1.197510E+0	3.687744E+0
114.4844	-2.258301E-2	6.439209E-2	1.187134E+0	3.704529E+0
114.4844	-2.746582E-2	6.927490E-2	1.180115E+0	3.721619E+0
114.5	-2.197266E-2	6.988525E-2	1.170349E+0	3.741760E+0
114.5156	-1.922607E-2	6.805420E-2	1.159973E+0	3.759460E+0
114.5156	-2.655029E-2	7.476807E-2	1.154785E+0	3.775024E+0
114.5312	-2.960205E-2	7.354736E-2	1.144714E+0	3.795471E+0
114.5469	-2.380371E-2	7.568359E-2	1.134338E+0	3.813171E+0
114.5469	-2.593994E-2	7.537842E-2	1.128235E+0	3.828735E+0
114.5625	-2.349854E-2	6.988525E-2	1.117859E+0	3.849182E+0
114.5781	-1.739502E-2	7.202148E-2	1.108398E+0	3.866577E+0
114.5781	-2.166748E-2	7.934570E-2	1.101990E+0	3.884583E+0
114.5937	-2.410889E-2	7.904053E-2	1.091614E+0	3.903198E+0
114.6094	-2.105713E-2	7.263184E-2	1.081238E+0	3.920593E+0
114.6094	-1.739502E-2	7.873535E-2	1.075745E+0	3.937378E+0
114.625	-1.800537E-2	7.537842E-2	1.067505E+0	3.957214E+0
114.6406	-2.716064E-2	7.598877E-2	1.055908E+0	3.973694E+0
114.6406	-1.739502E-2	7.507324E-2	1.049805E+0	3.991089E+0
114.6562	-1.770020E-2	7.965088E-2	1.038818E+0	4.010620E+0
114.6562	-2.471924E-2	7.720947E-2	1.031494E+0	4.026794E+0
114.6719	-1.617432E-2	8.056641E-2	1.023865E+0	4.046326E+0
114.6875	-1.739502E-2	8.636475E-2	1.015015E+0	4.064331E+0
114.6875	-2.227783E-2	7.873535E-2	1.003418E+0	4.082642E+0
114.7031	-1.678467E-2	7.873535E-2	9.973145E-1	4.099121E+0
114.7187	-1.983643E-2	8.392334E-2	9.860229E-1	4.118958E+0
114.7187	-1.983643E-2	8.300781E-2	9.762573E-1	4.134216E+0
114.7344	-1.342773E-2	8.483887E-2	9.713745E-1	4.151306E+0
114.75	-1.678467E-2	8.331299E-2	9.603882E-1	4.171448E+0
114.75	-1.861572E-2	8.209229E-2	9.521484E-1	4.188843E+0
114.7656	-1.464844E-2	8.819580E-2	9.442139E-1	4.206543E+0
114.7812	-2.166748E-2	8.453369E-2	9.344482E-1	4.224854E+0
114.7812	-2.288818E-2	8.941650E-2	9.246826E-1	4.242249E+0
114.7969	-1.281738E-2	8.056641E-2	9.185791E-1	4.259949E+0
114.7969	-1.800537E-2	8.605957E-2	9.088135E-1	4.279175E+0
114.8125	-1.647949E-2	9.216309E-2	8.981323E-1	4.296875E+0
114.8281	-1.739502E-2	8.789062E-2	8.920288E-1	4.312744E+0
114.8281	-1.922607E-2	8.819580E-2	8.831787E-1	4.332886E+0
114.8437	-1.892090E-2	8.728027E-2	8.715820E-1	4.350281E+0
114.8594	-1.800537E-2	8.972168E-2	8.657837E-1	4.367065E+0
114.8594	-1.556396E-2	8.728027E-2	8.554077E-1	4.387207E+0
114.875	-1.312256E-2	9.338379E-2	8.468628E-1	4.403992E+0
114.875	-2.288818E-2	8.972168E-2	8.392334E-1	4.421692E+0
114.8906	-1.800537E-2	8.728027E-2	8.303833E-1	4.440613E+0
114.9062	-1.525879E-2	8.880615E-2	8.184814E-1	4.458313E+0
114.9062	-1.464844E-2	8.972168E-2	8.126831E-1	4.475098E+0
114.9219	-1.556396E-2	9.155273E-2	8.029175E-1	4.494324E+0
114.9375	-1.251221E-2	9.429932E-2	7.931519E-1	4.511414E+0
114.9375	-1.678467E-2	9.063721E-2	7.876587E-1	4.528503E+0
114.9531	-1.586914E-2	9.460449E-2	7.769775E-1	4.547424E+0
114.9687	-1.098633E-2	9.643555E-2	7.678223E-1	4.565430E+0
114.9687	-1.129150E-2	9.185791E-2	7.614136E-1	4.582520E+0
114.9844	-6.103516E-3	9.857178E-2	7.528687E-1	4.601440E+0
115.0	-1.403809E-2	9.338379E-2	7.406616E-1	4.619446E+0
115.0	-1.464844E-2	9.765625E-2	7.345581E-1	4.637451E+0
115.0156	-1.800537E-2	9.582520E-2	7.254028E-1	4.655457E+0
115.0312	-1.190186E-2	9.490967E-2	7.141113E-1	4.673462E+0
115.0312	-1.129150E-2	1.019287E-1	7.086182E-1	4.689026E+0
115.0469	-9.460449E-3	1.010132E-1	6.973267E-1	4.708862E+0
115.0625	-8.544922E-3	9.826660E-2	6.878662E-1	4.726257E+0
115.0625	-9.765625E-3	9.948730E-2	6.817627E-1	4.743042E+0
115.0781	-1.495361E-2	9.918213E-2	6.723022E-1	4.762878E+0
115.0781	-9.765625E-3	1.040649E-1	6.640625E-1	4.779053E+0
115.0937	-1.159668E-2	1.013184E-1	6.558228E-1	4.796753E+0
115.1094	-4.882812E-3	1.007080E-1	6.460571E-1	4.815063E+0
115.1094	-1.556396E-2	1.083374E-1	6.350708E-1	4.833374E+0
115.125	-1.739502E-2	9.826660E-2	6.301880E-1	4.850464E+0
115.1406	-1.312256E-2	9.826660E-2	6.182861E-1	4.869080E+0
115.1406	-1.373291E-2	1.007080E-1	6.088257E-1	4.887085E+0
115.1562	-1.129150E-2	1.007080E-1	6.033325E-1	4.904175E+0
115.1562	-8.850098E-3	9.948730E-2	5.929565E-1	4.923096E+0
115.1719	-8.239746E-3	1.065063E-1	5.868530E-1	4.940796E+0
115.1875	-9.460449E-3	1.004028E-1	5.780029E-1	4.957275E+0
115.1875	-6.408691E-3	1.019287E-1	5.685425E-1	4.976196E+0
115.2031	-1.922607E-2	1.077271E-1	5.596924E-1	4.994507E+0
115.2187	-9.460449E-3	1.083374E-1	5.480957E-1	5.012512E+0
115.2187	-8.239746E-3	1.043701E-1	5.422974E-1	5.028687E+0
115.2344	-1.007080E-2	1.080322E-1	5.313110E-1	5.048523E+0
115.25	-1.342773E-2	1.058960E-1	5.224609E-1	5.065613E+0
115.25	-1.068115E-2	1.104736E-1	5.154419E-1	5.083008E+0
115.2656	-1.190186E-2	1.040649E-1	5.065918E-1	5.102234E+0
115.2812	-1.281738E-2	1.098633E-1	4.956055E-1	5.120239E+0
115.2812	-1.007080E-2	1.101685E-1	4.895020E-1	5.135803E+0
115.2969	-3.662109E-3	1.007080E-1	4.791260E-1	5.156555E+0
115.3125	-1.129150E-2	1.159668E-1	4.687500E-1	5.173035E+0
115.3125	-1.068115E-2	1.022339E-1	4.623413E-1	5.189819E+0
115.3281	-5.187988E-3	1.092529E-1	4.531860E-1	5.209656E+0
115.3281	-1.068115E-2	1.113892E-1	4.437256E-1	5.227051E+0
115.3437	-8.544922E-3	1.068115E-1	4.370117E-1	5.244751E+0
115.3594	-3.967285E-3	1.132202E-1	4.260254E-1	5.262756E+0
115.3594	-5.187988E-3	1.126099E-1	4.159546E-1	5.280762E+0
115.375	-7.324219E-3	1.135254E-1	4.107666E-1	5.298157E+0
115.3906	-8.850098E-3	1.086426E-1	4.000854E-1	5.317078E+0
115.3906	-4.882812E-3	1.147461E-1	3.909302E-1	5.333862E+0
115.4062	-9.765625E-3	1.135254E-1	3.845215E-1	5.351562E+0
115.4219	-5.798340E-3	1.107788E-1	3.750610E-1	5.370789E+0
115.4219	-7.934570E-3	1.174927E-1	3.680420E-1	5.388794E+0
115.4375	-9.155273E-3	1.181030E-1	3.594971E-1	5.403442E+0
115.4375	-1.525879E-3	1.159668E-1	3.494263E-1	5.422974E+0
115.4531	-2.441406E-3	1.181030E-1	3.375244E-1	5.440979E+0
115.4687	-7.019043E-3	1.077271E-1	3.326416E-1	5.457764E+0
115.4687	-6.103516E-3	1.147461E-1	3.231812E-1	5.476685E+0
115.4844	-3.662109E-3	1.190186E-1	3.115845E-1	5.494690E+0
115.4844	-7.324219E-3	1.156616E-1	3.063965E-1	5.511475E+0
115.5	-4.882812E-3	1.211548E-1	2.951050E-1	5.530396E+0
115.5156	-2.746582E-3	1.217651E-1	2.859497E-1	5.547485E+0
115.5156	-6.408691E-3	1.202393E-1	2.804565E-1	5.565186E+0
115.5312	-5.187988E-3	1.266479E-1	2.694702E-1	5.584717E+0
115.5469	-9.155273E-4	1.177979E-1	2.597046E-1	5.600891E+0
115.5469	-5.798340E-3	1.174927E-1	2.532959E-1	5.618286E+0
115.5625	-3.967285E-3	1.147461E-1	2.444458E-1	5.637512E+0
115.5781	-1.831055E-3	1.184082E-1	2.346802E-1	5.654907E+0
115.5781	-5.493164E-3	1.275635E-1	2.282715E-1	5.672607E+0
115.5937	-4.882812E-3	1.162720E-1	2.172852E-1	5.691223E+0
115.6094	-2.136230E-3	1.232910E-1	2.081299E-1	5.708923E+0
115.6094	-3.356934E-3	1.275635E-1	2.026367E-1	5.725403E+0
115.625	-8.544922E-3	1.217651E-1	1.922607E-1	5.745239E+0
115.6406	-4.577637E-3	1.278687E-1	1.821899E-1	5.762634E+0
115.6406	-5.798340E-3	1.239014E-1	1.751709E-1	5.779419E+0
115.6562	2.441406E-3	1.229858E-1	1.647949E-1	5.798645E+0
115.6562	1.220703E-3	1.232910E-1	1.580811E-1	5.815125E+0
115.6719	-3.967285E-3	1.318359E-1	1.495361E-1	5.834351E+0
115.6875	-2.746582E-3	1.284790E-1	1.403809E-1	5.851135E+0
115.6875	-1.525879E-3	1.281738E-1	1.296997E-1	5.870361E+0
115.7031	-8.544922E-3	1.269531E-1	1.226807E-1	5.886230E+0
115.7187	-6.103516E-4	1.260376E-1	1.119995E-1	5.906067E+0
115.7187	-1.525879E-3	1.272583E-1	1.031494E-1	5.923157E+0
115.7344	-6.103516E-4	1.278687E-1	9.674072E-2	5.939331E+0
115.75	-6.713867E-3	1.284790E-1	8.605957E-2	5.959778E+0
115.75	-3.051758E-3	1.345825E-1	7.720947E-2	5.975952E+0
115.7656	-4.882812E-3	1.293945E-1	7.110596E-2	5.994263E+0
115.7812	-7.324219E-3	1.263428E-1	6.103516E-2	6.013184E+0
115.7812	2.746582E-3	1.284790E-1	5.065918E-2	6.029053E+0
115.7969	-9.155273E-4	1.272583E-1	4.394531E-2	6.046143E+0
115.7969	1.831055E-3	1.281738E-1	3.448486E-2	6.064758E+0
115.8125	-2.746582E-3	1.330566E-1	2.471924E-2	6.083374E+0
115.8281	-1.831055E-3	1.333618E-1	1.800537E-2	6.099243E+0
115.8281	-3.051758E-4	1.254272E-1	8.850098E-3	6.119080E+0
115.8437	3.051758E-4	1.281738E-1	8.544922E-3	6.025696E+0
115.8594	-1.220703E-3	1.330566E-1	7.934570E-3	5.931396E+0
115.8594	3.662109E-3	1.339722E-1	7.934570E-3	5.821838E+0
115.875	-2.136230E-3	1.324463E-1	8.544922E-3	5.724182E+0
115.875	-3.662109E-3	1.309204E-1	8.544922E-3	5.625916E+0
115.8906	-5.493164E-3	1.330566E-1	8.239746E-3	5.522156E+0
115.9062	-6.103516E-3	1.306152E-1	8.239746E-3	5.421753E+0
115.9062	-3.051758E-3	1.257324E-1	7.934570E-3	5.327454E+0
115.9219	-2.746582E-3	1.281738E-1	8.850098E-3	5.219421E+0
115.9375	2.441406E-3	1.361084E-1	8.239746E-3	5.122070E+0
115.9375	3.356934E-3	1.306152E-1	7.934570E-3	5.025635E+0
115.9531	2.441406E-3	1.321411E-1	8.239746E-3	4.919128E+0
115.9687	-1.831055E-3	1.284790E-1	9.155273E-3	4.820557E+0
115.9687	0.000000E+0	1.275635E-1	7.934570E-3	4.722290E+0
115.9844	-1.525879E-3	1.269531E-1	8.544922E-3	4.617615E+0
116.0	-5.187988E-3	1.330566E-1	8.850098E-3	4.519653E+0
116.0	-1.525879E-3	1.309204E-1	8.239746E-3	4.420776E+0
116.0156	3.356934E-3	1.296997E-1	8.239746E-3	4.317627E+0
116.0312	5.798340E-3	1.312256E-1	8.544922E-3	4.218140E+0
116.0312	6.713867E-3	1.339722E-1	8.239746E-3	4.123230E+0
116.0469	1.831055E-3	1.321411E-1	8.850098E-3	4.016418E+0
116.0625	-3.051758E-3	1.348877E-1	8.544922E-3	3.917236E+0
116.0625	3.051758E-4	1.324463E-1	8.239746E-3	3.820801E+0
116.0781	-2.746582E-3	1.358032E-1	8.544922E-3	3.714905E+0
116.0781	-6.103516E-3	1.281738E-1	9.155273E-3	3.615723E+0
116.0937	-1.525879E-3	1.324463E-1	8.544922E-3	3.516541E+0
116.1094	0.000000E+0	1.333618E-1	9.155273E-3	3.414307E+0
116.1094	-6.103516E-4	1.321411E-1	8.850098E-3	3.314819E+0
116.125	1.831055E-3	1.306152E-1	7.934570E-3	3.216248E+0
116.1406	2.441406E-3	1.342773E-1	8.544922E-3	3.111572E+0
116.1406	3.662109E-3	1.324463E-1	9.460449E-3	3.013306E+0
116.1562	6.103516E-4	1.336670E-1	7.934570E-3	2.916260E+0
116.1719	-3.051758E-4	1.290894E-1	8.239746E-3	2.811279E+0
116.1719	-3.051758E-3	1.327515E-1	8.544922E-3	2.712097E+0
116.1875	-6.408691E-3	1.345825E-1	7.934570E-3	2.612000E+0
116.1875	3.967285E-3	1.354980E-1	7.934570E-3	2.514648E+0
116.2031	1.220703E-3	1.364136E-1	8.544922E-3	2.409058E+0
116.2187	3.967285E-3	1.321411E-1	8.544922E-3	2.310791E+0
116.2187	4.272461E-3	1.330566E-1	7.629395E-3	2.210693E+0
116.2344	6.103516E-4	1.327515E-1	7.934570E-3	2.107849E+0
116.25	-1.220703E-3	1.358032E-1	9.155273E-3	2.007751E+0
116.25	-1.831055E-3	1.275635E-1	7.934570E-3	1.909790E+0
116.2656	3.051758E-4	1.345825E-1	8.239746E-3	1.806030E+0
116.2812	5.798340E-3	1.348877E-1	9.155273E-3	1.707458E+0
116.2812	1.525879E-3	1.376343E-1	9.155273E-3	1.611023E+0
116.2969	3.662109E-3	1.327515E-1	1.037598E-2	1.505737E+0
116.3125	-1.525879E-3	1.394653E-1	9.460449E-3	1.406250E+0
116.3125	4.272461E-3	1.388550E-1	9.155273E-3	1.308594E+0
116.3281	2.441406E-3	1.403809E-1	9.765625E-3	1.204224E+0
116.3281	-1.220703E-3	1.351929E-1	9.765625E-3	1.104736E+0
116.3437	8.239746E-3	1.342773E-1	9.155273E-3	1.006470E+0
116.3594	1.831055E-3	1.385498E-1	1.007080E-2	9.027100E-1
116.3594	3.662109E-3	1.394653E-1	9.155273E-3	8.047485E-1
116.375	2.746582E-3	1.400757E-1	9.155273E-3	7.046509E-1
116.3906	2.746582E-3	1.385498E-1	8.850098E-3	6.027222E-1
116.3906	5.798340E-3	1.391602E-1	9.460449E-3	5.023193E-1
116.4062	6.408691E-3	1.339722E-1	9.765625E-3	4.061890E-1
116.4219	7.629395E-3	1.422119E-1	9.460449E-3	2.993774E-1
116.4219	4.882812E-3	1.348877E-1	9.155273E-3	2.014160E-1
116.4375	8.544922E-3	1.434326E-1	9.460449E-3	1.074219E-1
116.4375	3.967285E-3	1.425171E-1	1.007080E-2	-9.155273E-4
116.4531	2.441406E-3	1.406860E-1	1.007080E-2	3.662109E-3
116.4687	5.493164E-3	1.422119E-1	1.007080E-2	3.967285E-3
116.4687	9.765625E-3	1.440430E-1	9.765625E-3	5.493164E-3
116.4844	3.967285E-3	1.431274E-1	9.460449E-3	5.798340E-3
116.4844	4.272461E-3	1.449585E-1	1.007080E-2	6.103516E-3
116.5	3.051758E-4	1.483154E-1	9.765625E-3	6.103516E-3
116.5156	4.882812E-3	1.480103E-1	9.765625E-3	5.798340E-3
116.5156	0.000000E+0	1.391602E-1	9.765625E-3	5.493164E-3
116.5312	1.525879E-3	1.431274E-1	9.765625E-3	6.408691E-3
116.5469	1.068115E-2	1.406860E-1	1.007080E-2	6.408691E-3
116.5469	3.662109E-3	1.388550E-1	1.007080E-2	7.019043E-3
116.5625	5.798340E-3	1.406860E-1	1.037598E-2	6.103516E-3
116.5781	9.460449E-3	1.428223E-1	9.765625E-3	6.713867E-3
116.5781	6.103516E-4	1.446533E-1	1.007080E-2	6.713867E-3
116.5937	2.136230E-3	1.403809E-1	9.765625E-3	6.103516E-3
116.6094	1.220703E-3	1.428223E-1	9.765625E-3	7.019043E-3
116.6094	7.019043E-3	1.464844E-1	9.765625E-3	6.713867E-3
116.625	2.441406E-3	1.431274E-1	9.460449E-3	6.103516E-3
116.6406	4.272461E-3	1.416016E-1	9.765625E-3	6.713867E-3
116.6406	1.831055E-3	1.431274E-1	1.007080E-2	6.103516E-3
116.6562	-9.155273E-4	1.446533E-1	9.765625E-3	7.019043E-3
116.6562	9.155273E-4	1.443481E-1	1.007080E-2	6.408691E-3
116.6719	6.408691E-3	1.394653E-1	9.460449E-3	6.713867E-3
116.6875	8.850098E-3	1.422119E-1	1.007080E-2	7.019043E-3
116.6875	4.882812E-3	1.391602E-1	9.460449E-3	7.019043E-3
116.7031	8.850098E-3	1.416016E-1	9.155273E-3	6.713867E-3
116.7187	-1.525879E-3	1.367187E-1	9.155273E-3	6.103516E-3
116.7187	6.713867E-3	1.419067E-1	1.007080E-2	7.019043E-3
116.7344	3.051758E-3	1.458740E-1	1.007080E-2	6.713867E-3
116.7344	1.831055E-3	1.422119E-1	1.007080E-2	6.408691E-3
116.75	1.525879E-3	1.434326E-1	9.765625E-3	6.713867E-3
116.7656	7.324219E-3	1.458740E-1	1.007080E-2	6.103516E-3
116.7656	8.850098E-3	1.434326E-1	1.007080E-2	6.408691E-3
116.7812	5.493164E-3	1.461792E-1	9.765625E-3	7.019043E-3
116.7969	3.051758E-4	1.400757E-1	9.765625E-3	6.713867E-3
116.7969	3.967285E-3	1.458740E-1	9.460449E-3	7.629395E-3
116.8125	6.713867E-3	1.370239E-1	1.037598E-2	7.019043E-3
116.8281	5.493164E-3	1.354980E-1	9.765625E-3	6.713867E-3
116.8281	4.577637E-3	1.446533E-1	9.460449E-3	7.019043E-3
116.8437	3.356934E-3	1.379395E-1	9.765625E-3	6.713867E-3
116.8594	5.798340E-3	1.480103E-1	9.155273E-3	6.408691E-3
116.8594	9.155273E-4	1.403809E-1	1.037598E-2	6.713867E-3
116.875	7.324219E-3	1.455688E-1	1.068115E-2	7.019043E-3
116.8906	-3.051758E-4	1.419067E-1	9.765625E-3	6.713867E-3
116.8906	-9.155273E-4	1.440430E-1	1.007080E-2	7.019043E-3
116.9062	3.051758E-3	1.409912E-1	1.007080E-2	7.019043E-3
116.9062	3.356934E-3	1.437378E-1	9.765625E-3	7.019043E-3
116.9219	5.187988E-3	1.473999E-1	1.007080E-2	7.019043E-3
116.9375	4.882812E-3	1.409912E-1	1.007080E-2	6.408691E-3
116.9375	5.493164E-3	1.434326E-1	9.155273E-3	6.713867E-3
116.9531	6.408691E-3	1.412964E-1	9.155273E-3	7.324219E-3
116.9687	5.493164E-3	1.425171E-1	9.765625E-3	7.019043E-3
116.9687	3.051758E-4	1.388550E-1	9.765625E-3	6.713867E-3
116.9844	1.831055E-3	1.382446E-1	9.460449E-3	6.408691E-3
117.0	2.136230E-3	1.425171E-1	1.007080E-2	7.019043E-3
117.0	8.850098E-3	1.440430E-1	1.007080E-2	6.103516E-3
117.0156	3.662109E-3	1.428223E-1	9.460449E-3	6.713867E-3
117.0312	3.051758E-3	1.434326E-1	1.007080E-2	7.019043E-3
117.0312	6.408691E-3	1.422119E-1	9.460449E-3	7.019043E-3
117.0469	-6.103516E-4	1.403809E-1	1.007080E-2	6.713867E-3
117.0469	-3.051758E-4	1.416016E-1	1.098633E-2	6.713867E-3
117.0625	4.272461E-3	1.416016E-1	9.460449E-3	7.324219E-3
117.0781	2.441406E-3	1.397705E-1	1.007080E-2	7.019043E-3
117.0781	1.098633E-2	1.434326E-1	9.765625E-3	7.019043E-3
117.0937	8.239746E-3	1.419067E-1	1.007080E-2	6.408691E-3
117.1094	4.272461E-3	1.416016E-1	9.765625E-3	7.324219E-3
117.1094	3.051758E-3	1.483154E-1	9.765625E-3	7.324219E-3
117.125	6.103516E-3	1.397705E-1	9.460449E-3	7.019043E-3
117.125	4.577637E-3	1.434326E-1	9.460449E-3	7.019043E-3
117.1406	6.408691E-3	1.364136E-1	9.765625E-3	7.019043E-3
117.1562	7.324219E-3	1.394653E-1	9.460449E-3	6.408691E-3
117.1562	4.577637E-3	1.388550E-1	9.765625E-3	7.324219E-3
117.1719	5.493164E-3	1.452637E-1	1.037598E-2	6.713867E-3
117.1875	7.019043E-3	1.416016E-1	1.037598E-2	7.324219E-3
117.1875	8.544922E-3	1.394653E-1	1.007080E-2	6.713867E-3
117.2031	2.136230E-3	1.431274E-1	1.007080E-2	6.713867E-3
117.2187	2.136230E-3	1.391602E-1	1.007080E-2	6.713867E-3
117.2187	9.765625E-3	1.440430E-1	9.765625E-3	7.934570E-3
117.2344	1.831055E-3	1.385498E-1	1.007080E-2	7.019043E-3
117.25	7.019043E-3	1.403809E-1	9.765625E-3	6.408691E-3
117.25	4.272461E-3	1.394653E-1	1.007080E-2	7.629395E-3
117.2656	3.051758E-3	1.434326E-1	9.460449E-3	6.713867E-3
117.2812	0.000000E+0	1.406860E-1	9.765625E-3	7.019043E-3
117.2812	4.272461E-3	1.428223E-1	1.007080E-2	6.713867E-3
117.2969	6.408691E-3	1.400757E-1	9.765625E-3	7.019043E-3
117.3125	1.525879E-3	1.351929E-1	9.765625E-3	7.019043E-3
117.3125	7.019043E-3	1.412964E-1	1.007080E-2	7.324219E-3
117.3281	1.525879E-3	1.440430E-1	1.037598E-2	7.324219E-3
117.3281	1.220703E-3	1.452637E-1	9.765625E-3	7.324219E-3
117.3437	4.882812E-3	1.391602E-1	9.765625E-3	7.019043E-3
117.3594	4.882812E-3	1.391602E-1	9.765625E-3	7.019043E-3
117.3594	1.831055E-3	1.440430E-1	9.765625E-3	6.713867E-3
117.375	5.798340E-3	1.419067E-1	9.765625E-3	6.713867E-3
117.3906	3.051758E-3	1.431274E-1	1.037598E-2	6.713867E-3
117.3906	8.239746E-3	1.425171E-1	9.155273E-3	6.408691E-3
117.4062	-3.051758E-4	1.376343E-1	9.460449E-3	7.019043E-3
117.4219	9.460449E-3	1.397705E-1	1.068115E-2	6.408691E-3
117.4219	-2.746582E-3	1.461792E-1	9.765625E-3	7.324219E-3
117.4375	4.577637E-3	1.486206E-1	9.460449E-3	6.408691E-3
117.4375	1.831055E-3	1.382446E-1	1.007080E-2	6.713867E-3
117.4531	6.408691E-3	1.422119E-1	9.765625E-3	6.408691E-3
117.4687	3.356934E-3	1.440430E-1	1.007080E-2	6.408691E-3
117.4687	1.525879E-3	1.406860E-1	9.460449E-3	7.019043E-3
117.4844	0.000000E+0	1.400757E-1	1.007080E-2	7.019043E-3
117.5	-2.136230E-3	1.480103E-1	9.765625E-3	6.713867E-3
117.5	1.525879E-3	1.443481E-1	9.460449E-3	6.713867E-3
117.5156	3.051758E-4	1.428223E-1	9.765625E-3	7.019043E-3
117.5312	-1.220703E-3	1.455688E-1	9.765625E-3	7.019043E-3
117.5312	5.187988E-3	1.391602E-1	1.007080E-2	6.408691E-3
117.5469	2.441406E-3	1.419067E-1	1.007080E-2	6.408691E-3
117.5469	-1.831055E-3	1.440430E-1	9.460449E-3	7.019043E-3
