June 10, 2009 15:31
529b02
H:\data\LS_p33_d80_vp20_vd20.traj
lateral amplification = 100
normal amp = 100
pitch angle = 0
roll angle = 180
cantilever = 529b02
sample = sws12
<data>
time	voltageForceLateral	voltageForceNormal	voltagePositionX	voltagePositionY
52.4531	3.051758E-4	-3.356934E-3	1.037598E-2	7.934570E-3
52.4687	6.408691E-3	-4.272461E-3	1.037598E-2	7.629395E-3
52.4687	5.493164E-3	-3.662109E-3	1.068115E-2	7.629395E-3
52.4843	1.831055E-3	-5.187988E-3	1.037598E-2	7.934570E-3
52.5	6.713867E-3	-9.765625E-3	1.098633E-2	8.239746E-3
52.5	7.934570E-3	-7.629395E-3	1.068115E-2	7.324219E-3
52.5156	7.324219E-3	-5.187988E-3	1.068115E-2	7.934570E-3
52.5156	2.136230E-3	-4.272461E-3	1.037598E-2	8.544922E-3
52.5312	7.324219E-3	-2.441406E-3	1.037598E-2	7.324219E-3
52.5468	3.051758E-4	-1.831055E-3	1.037598E-2	8.239746E-3
52.5468	7.324219E-3	-5.798340E-3	1.068115E-2	8.239746E-3
52.5625	3.356934E-3	-5.187988E-3	1.068115E-2	7.324219E-3
52.5625	3.967285E-3	-3.051758E-4	1.068115E-2	7.629395E-3
52.5781	0.000000E+0	-2.441406E-3	1.098633E-2	7.629395E-3
52.5937	5.493164E-3	-5.798340E-3	1.068115E-2	8.239746E-3
52.5937	8.544922E-3	3.051758E-4	1.037598E-2	7.629395E-3
52.6093	3.051758E-4	-4.577637E-3	1.037598E-2	7.934570E-3
52.625	2.441406E-3	-3.356934E-3	1.068115E-2	7.324219E-3
52.625	6.713867E-3	-5.187988E-3	1.068115E-2	7.629395E-3
52.6406	3.051758E-3	-1.220703E-3	1.007080E-2	7.934570E-3
52.6562	2.441406E-3	-4.577637E-3	1.037598E-2	7.324219E-3
52.6562	9.460449E-3	-3.967285E-3	1.068115E-2	7.629395E-3
52.6718	7.019043E-3	-2.441406E-3	1.037598E-2	7.934570E-3
52.6875	2.136230E-3	-2.136230E-3	1.098633E-2	7.629395E-3
52.6875	-3.051758E-4	-9.155273E-4	1.068115E-2	7.934570E-3
52.7031	3.051758E-4	-3.051758E-4	1.098633E-2	7.324219E-3
52.7187	2.441406E-3	-7.324219E-3	1.037598E-2	7.629395E-3
52.7187	3.967285E-3	-6.408691E-3	1.098633E-2	7.324219E-3
52.7343	-2.136230E-3	-5.493164E-3	1.068115E-2	8.239746E-3
52.7343	4.272461E-3	-7.019043E-3	1.037598E-2	7.629395E-3
52.75	7.019043E-3	-5.187988E-3	1.098633E-2	7.324219E-3
52.7656	1.037598E-2	-1.525879E-3	1.068115E-2	7.629395E-3
52.7656	2.746582E-3	-5.798340E-3	1.037598E-2	7.629395E-3
52.7812	7.629395E-3	-7.629395E-3	1.037598E-2	7.934570E-3
52.7968	7.324219E-3	-6.408691E-3	1.007080E-2	8.239746E-3
52.7968	5.493164E-3	-5.493164E-3	1.068115E-2	7.324219E-3
52.8125	4.882812E-3	-9.155273E-3	1.037598E-2	7.324219E-3
52.8281	1.068115E-2	3.051758E-4	1.068115E-2	7.934570E-3
52.8281	3.051758E-3	6.103516E-4	1.068115E-2	7.629395E-3
52.8437	-1.525879E-3	-3.967285E-3	1.068115E-2	7.324219E-3
52.8593	4.272461E-3	-3.051758E-3	1.068115E-2	7.629395E-3
52.8593	1.525879E-3	-4.272461E-3	1.068115E-2	7.324219E-3
52.875	2.441406E-3	-2.746582E-3	1.037598E-2	7.629395E-3
52.875	6.713867E-3	-3.662109E-3	1.037598E-2	7.934570E-3
52.8906	5.187988E-3	-3.051758E-3	1.007080E-2	7.019043E-3
52.9062	6.103516E-3	-7.934570E-3	1.068115E-2	7.934570E-3
52.9062	6.713867E-3	-2.746582E-3	1.007080E-2	7.934570E-3
52.9218	3.051758E-3	-6.713867E-3	1.068115E-2	7.629395E-3
52.9375	4.882812E-3	-7.019043E-3	1.098633E-2	7.324219E-3
52.9375	3.967285E-3	-8.850098E-3	1.037598E-2	7.629395E-3
52.9531	4.882812E-3	-5.493164E-3	1.129150E-2	7.934570E-3
52.9531	4.577637E-3	-4.272461E-3	1.068115E-2	7.934570E-3
52.9687	4.272461E-3	-4.272461E-3	1.098633E-2	7.629395E-3
52.9843	3.967285E-3	-2.441406E-3	1.037598E-2	7.324219E-3
52.9843	1.037598E-2	-2.136230E-3	1.007080E-2	8.544922E-3
53.0	5.798340E-3	-4.272461E-3	1.037598E-2	7.934570E-3
53.0156	0.000000E+0	-3.051758E-4	1.037598E-2	8.239746E-3
53.0156	7.019043E-3	3.662109E-3	1.007080E-2	7.629395E-3
53.0312	-1.831055E-3	-2.136230E-3	1.068115E-2	8.239746E-3
53.0468	2.746582E-3	-5.798340E-3	1.068115E-2	7.629395E-3
53.0468	5.493164E-3	-5.493164E-3	1.007080E-2	8.239746E-3
53.0625	1.831055E-3	-3.051758E-4	1.068115E-2	7.934570E-3
53.0781	2.136230E-3	6.103516E-4	1.007080E-2	8.239746E-3
53.0781	2.746582E-3	-2.746582E-3	1.007080E-2	7.934570E-3
53.0937	3.662109E-3	-1.220703E-3	1.068115E-2	7.324219E-3
53.1093	4.272461E-3	-7.019043E-3	1.037598E-2	7.629395E-3
53.1093	9.765625E-3	-1.098633E-2	1.098633E-2	7.934570E-3
53.125	1.220703E-3	-2.441406E-3	1.007080E-2	7.629395E-3
53.1406	8.850098E-3	-1.007080E-2	1.068115E-2	7.629395E-3
53.1406	9.155273E-4	-6.103516E-4	1.068115E-2	8.239746E-3
53.1562	-9.155273E-4	-1.190186E-2	1.068115E-2	7.934570E-3
53.1562	3.662109E-3	-3.051758E-4	1.037598E-2	7.324219E-3
53.1718	7.934570E-3	-5.493164E-3	1.037598E-2	7.629395E-3
53.1875	6.103516E-3	-4.272461E-3	1.037598E-2	7.934570E-3
53.1875	3.051758E-3	0.000000E+0	1.098633E-2	7.324219E-3
53.2031	3.051758E-3	-8.544922E-3	1.098633E-2	7.934570E-3
53.2187	1.190186E-2	-4.577637E-3	1.037598E-2	7.934570E-3
53.2187	4.577637E-3	9.155273E-4	9.765625E-3	8.239746E-3
53.2343	-6.103516E-4	-6.103516E-3	1.007080E-2	7.934570E-3
53.25	-3.356934E-3	-1.831055E-3	1.098633E-2	7.934570E-3
53.25	3.356934E-3	-4.577637E-3	1.068115E-2	7.629395E-3
53.2656	4.272461E-3	-6.103516E-3	1.068115E-2	7.934570E-3
53.2656	4.882812E-3	0.000000E+0	1.037598E-2	7.324219E-3
53.2812	2.136230E-3	-4.882812E-3	1.068115E-2	7.324219E-3
53.2968	1.525879E-3	-3.356934E-3	1.098633E-2	7.934570E-3
53.2968	4.882812E-3	-7.324219E-3	1.068115E-2	7.629395E-3
53.3125	7.019043E-3	-1.831055E-3	1.068115E-2	7.324219E-3
53.3125	3.051758E-4	-2.136230E-3	1.007080E-2	7.629395E-3
53.3281	7.324219E-3	-8.544922E-3	1.007080E-2	8.239746E-3
53.3437	4.882812E-3	-6.408691E-3	1.098633E-2	7.629395E-3
53.3437	-1.525879E-3	2.136230E-3	1.037598E-2	8.544922E-3
53.3593	5.493164E-3	-2.746582E-3	1.098633E-2	7.934570E-3
53.375	7.019043E-3	-4.882812E-3	1.068115E-2	7.324219E-3
53.375	5.493164E-3	-4.577637E-3	1.068115E-2	7.629395E-3
53.3906	5.798340E-3	-7.324219E-3	1.037598E-2	7.324219E-3
53.4062	5.798340E-3	-1.068115E-2	1.037598E-2	7.019043E-3
53.4062	9.155273E-3	-2.746582E-3	1.037598E-2	7.934570E-3
53.4218	0.000000E+0	-9.155273E-4	1.617432E-2	7.934570E-3
53.4375	6.713867E-3	-3.967285E-3	3.723145E-2	7.324219E-3
53.4375	-2.441406E-3	-1.037598E-2	5.157471E-2	7.629395E-3
53.4531	2.136230E-3	-5.493164E-3	7.354736E-2	7.629395E-3
53.4687	6.408691E-3	-1.159668E-2	9.796143E-2	7.629395E-3
53.4687	1.220703E-3	-1.068115E-2	1.116943E-1	7.934570E-3
53.4843	-2.441406E-3	-7.019043E-3	1.361084E-1	7.934570E-3
53.4843	4.577637E-3	-1.220703E-2	1.541138E-1	7.934570E-3
53.5	0.000000E+0	-1.770020E-2	1.721191E-1	7.629395E-3
53.5156	-1.220703E-3	-1.159668E-2	1.919556E-1	7.629395E-3
53.5156	-2.441406E-3	-1.251221E-2	2.178955E-1	7.629395E-3
53.5312	-3.356934E-3	-1.373291E-2	2.319336E-1	7.629395E-3
53.5468	5.493164E-3	-8.544922E-3	2.563477E-1	7.629395E-3
53.5468	9.155273E-3	-1.464844E-2	2.789307E-1	7.324219E-3
53.5625	-3.356934E-3	-1.800537E-2	2.917480E-1	7.934570E-3
53.5781	3.967285E-3	-1.739502E-2	3.155518E-1	7.629395E-3
53.5781	1.831055E-3	-1.525879E-2	3.356934E-1	7.324219E-3
53.5937	3.051758E-3	-1.892090E-2	3.515625E-1	7.934570E-3
53.6093	3.051758E-4	-1.739502E-2	3.735352E-1	7.934570E-3
53.6093	-5.187988E-3	-2.105713E-2	3.985596E-1	7.629395E-3
53.625	-2.441406E-3	-2.136230E-2	4.110718E-1	7.934570E-3
53.625	-2.746582E-3	-2.197266E-2	4.333496E-1	8.239746E-3
53.6406	6.103516E-4	-2.075195E-2	4.586792E-1	7.629395E-3
53.6562	-2.441406E-3	-2.014160E-2	4.708862E-1	7.629395E-3
53.6562	2.746582E-3	-2.685547E-2	4.928589E-1	7.629395E-3
53.6718	-3.051758E-4	-2.868652E-2	5.181885E-1	7.629395E-3
53.6875	-2.441406E-3	-2.716064E-2	5.310059E-1	7.629395E-3
53.6875	-3.662109E-3	-2.502441E-2	5.545044E-1	7.934570E-3
53.7031	-5.798340E-3	-2.563477E-2	5.749512E-1	7.019043E-3
53.7031	-2.136230E-3	-3.417969E-2	5.908203E-1	7.324219E-3
53.7187	-1.220703E-2	-2.807617E-2	6.146240E-1	7.324219E-3
53.7343	-5.798340E-3	-2.655029E-2	6.381226E-1	7.934570E-3
53.7343	-1.098633E-2	-2.899170E-2	6.500244E-1	7.934570E-3
53.75	-8.850098E-3	-3.723145E-2	6.759644E-1	7.324219E-3
53.7656	-7.019043E-3	-3.173828E-2	6.967163E-1	7.934570E-3
53.7656	-1.617432E-2	-3.631592E-2	7.101440E-1	8.239746E-3
53.7812	3.051758E-4	-2.777100E-2	7.345581E-1	7.629395E-3
53.7968	-1.251221E-2	-3.479004E-2	7.546997E-1	7.019043E-3
53.7968	-1.159668E-2	-4.455566E-2	7.687378E-1	7.934570E-3
53.8125	-4.882812E-3	-3.387451E-2	7.882690E-1	7.629395E-3
53.8281	-7.934570E-3	-4.150391E-2	8.096313E-1	7.934570E-3
53.8281	-7.019043E-3	-4.028320E-2	8.306885E-1	7.934570E-3
53.8437	-1.007080E-2	-4.211426E-2	8.489990E-1	8.239746E-3
53.8437	-1.129150E-2	-4.730225E-2	8.694458E-1	7.629395E-3
53.8593	-7.019043E-3	-4.394531E-2	8.895874E-1	8.239746E-3
53.875	-9.155273E-3	-4.608154E-2	9.133911E-1	7.629395E-3
53.875	-7.324219E-3	-4.547119E-2	9.295654E-1	7.934570E-3
53.8906	-1.617432E-2	-4.272461E-2	9.530640E-1	7.629395E-3
53.9062	-1.251221E-2	-4.913330E-2	9.756470E-1	8.239746E-3
53.9062	-1.159668E-2	-5.126953E-2	9.887695E-1	7.324219E-3
53.9218	-1.007080E-2	-5.004883E-2	1.013489E+0	7.629395E-3
53.9375	-1.556396E-2	-4.974365E-2	1.035461E+0	8.239746E-3
53.9375	-1.220703E-2	-5.218506E-2	1.048889E+0	7.934570E-3
53.9531	-1.373291E-2	-5.432129E-2	1.069946E+0	8.239746E-3
53.9687	-1.251221E-2	-5.126953E-2	1.095276E+0	7.629395E-3
53.9687	-9.155273E-3	-5.798340E-2	1.107483E+0	8.239746E-3
53.9843	-1.892090E-2	-5.187988E-2	1.132202E+0	7.934570E-3
53.9843	-1.617432E-2	-5.584717E-2	1.149902E+0	7.629395E-3
54.0	-1.464844E-2	-5.828857E-2	1.168518E+0	8.239746E-3
54.0156	-1.434326E-2	-5.401611E-2	1.189270E+0	7.629395E-3
54.0156	-2.136230E-2	-6.256104E-2	1.207581E+0	7.934570E-3
54.0312	-1.831055E-2	-6.317139E-2	1.230164E+0	7.629395E-3
54.0468	-2.075195E-2	-5.859375E-2	1.252441E+0	7.934570E-3
54.0468	-2.258301E-2	-5.767822E-2	1.267395E+0	7.629395E-3
54.0625	-2.136230E-2	-6.042480E-2	1.291504E+0	7.934570E-3
54.0781	-8.850098E-3	-7.202148E-2	1.315002E+0	7.324219E-3
54.0781	-1.831055E-2	-6.744385E-2	1.326904E+0	7.324219E-3
54.0937	-2.624512E-2	-6.805420E-2	1.349792E+0	8.239746E-3
54.1093	-1.800537E-2	-7.080078E-2	1.373901E+0	7.629395E-3
54.1093	-2.014160E-2	-7.385254E-2	1.387024E+0	7.934570E-3
54.125	-1.922607E-2	-7.293701E-2	1.412354E+0	8.239746E-3
54.1406	-2.624512E-2	-7.202148E-2	1.434326E+0	7.934570E-3
54.1406	-2.624512E-2	-7.568359E-2	1.447449E+0	7.324219E-3
54.1562	-2.197266E-2	-7.629395E-2	1.470032E+0	7.324219E-3
54.1562	-2.441406E-2	-7.202148E-2	1.491699E+0	7.934570E-3
54.1718	-2.227783E-2	-7.507324E-2	1.506653E+0	7.934570E-3
54.1875	-2.502441E-2	-7.537842E-2	1.528015E+0	7.934570E-3
54.1875	-2.563477E-2	-7.904053E-2	1.553650E+0	8.239746E-3
54.2031	-2.624512E-2	-8.056641E-2	1.566162E+0	7.934570E-3
54.2187	-2.960205E-2	-8.148193E-2	1.591187E+0	7.934570E-3
54.2187	-2.685547E-2	-8.087158E-2	1.613770E+0	7.324219E-3
54.2343	-2.593994E-2	-8.026123E-2	1.625366E+0	8.239746E-3
54.25	-2.868652E-2	-9.216309E-2	1.649780E+0	8.239746E-3
54.25	-2.929687E-2	-9.338379E-2	1.671143E+0	7.629395E-3
54.2656	-2.410889E-2	-9.246826E-2	1.693115E+0	7.324219E-3
54.2656	-2.746582E-2	-9.582520E-2	1.705933E+0	7.629395E-3
54.2812	-2.929687E-2	-9.613037E-2	1.730347E+0	7.934570E-3
54.2968	-2.655029E-2	-9.155273E-2	1.750488E+0	7.629395E-3
54.2968	-2.838135E-2	-9.948730E-2	1.765137E+0	7.934570E-3
54.3125	-3.509521E-2	-9.735107E-2	1.788940E+0	7.324219E-3
54.3281	-3.326416E-2	-9.735107E-2	1.812439E+0	7.324219E-3
54.3281	-3.143311E-2	-9.796143E-2	1.824951E+0	7.934570E-3
54.3437	-3.448486E-2	-1.022339E-1	1.846619E+0	8.239746E-3
54.3593	-3.143311E-2	-1.074219E-1	1.871948E+0	7.934570E-3
54.3593	-3.479004E-2	-1.007080E-1	1.885071E+0	7.629395E-3
54.375	-3.540039E-2	-1.046753E-1	1.909485E+0	7.934570E-3
54.3906	-4.119873E-2	-1.077271E-1	1.931152E+0	7.629395E-3
54.3906	-3.723145E-2	-1.086426E-1	1.944580E+0	7.324219E-3
54.4062	-3.601074E-2	-1.141357E-1	1.968079E+0	7.324219E-3
54.4062	-3.784180E-2	-1.080322E-1	1.988525E+0	7.324219E-3
54.4218	-3.234863E-2	-1.174927E-1	2.003784E+0	7.934570E-3
54.4375	-3.173828E-2	-1.187134E-1	2.025757E+0	7.629395E-3
54.4375	-3.814697E-2	-1.168823E-1	2.051086E+0	8.239746E-3
54.4531	-3.814697E-2	-1.196289E-1	2.063904E+0	7.019043E-3
54.4687	-3.875732E-2	-1.211548E-1	2.089233E+0	7.629395E-3
54.4687	-4.425049E-2	-1.220703E-1	2.111511E+0	7.324219E-3
54.4843	-4.547119E-2	-1.211548E-1	2.123108E+0	7.629395E-3
54.5	-3.814697E-2	-1.229858E-1	2.147827E+0	7.934570E-3
54.5	-4.364014E-2	-1.245117E-1	2.168884E+0	7.629395E-3
54.5156	-4.028320E-2	-1.281738E-1	2.187195E+0	7.629395E-3
54.5156	-4.058838E-2	-1.293945E-1	2.203369E+0	8.239746E-3
54.5312	-4.974365E-2	-1.303101E-1	2.225037E+0	7.324219E-3
54.5468	-3.845215E-2	-1.306152E-1	2.248230E+0	7.934570E-3
54.5468	-4.547119E-2	-1.367187E-1	2.262573E+0	7.629395E-3
54.5625	-4.364014E-2	-1.348877E-1	2.287292E+0	7.629395E-3
54.5781	-5.157471E-2	-1.354980E-1	2.310181E+0	7.629395E-3
54.5781	-5.035400E-2	-1.437378E-1	2.322388E+0	8.239746E-3
54.5937	-4.974365E-2	-1.443481E-1	2.344055E+0	7.934570E-3
54.6093	-4.943848E-2	-1.455688E-1	2.369385E+0	7.934570E-3
54.6093	-5.126953E-2	-1.449585E-1	2.381897E+0	7.629395E-3
54.625	-4.638672E-2	-1.501465E-1	2.407837E+0	7.934570E-3
54.6406	-5.096436E-2	-1.538086E-1	2.429199E+0	7.629395E-3
54.6406	-5.615234E-2	-1.516724E-1	2.442017E+0	9.155273E-3
54.6562	-5.035400E-2	-1.898193E-1	2.466125E+0	7.629395E-3
54.6562	-4.943848E-2	-1.586914E-1	2.486572E+0	8.239746E-3
54.6718	-4.516602E-2	-1.391602E-1	2.501526E+0	8.544922E-3
54.6875	-5.004883E-2	-1.004028E-1	2.525635E+0	8.239746E-3
54.6875	-4.699707E-2	-6.256104E-2	2.548523E+0	7.324219E-3
54.7031	-5.126953E-2	-4.699707E-2	2.561340E+0	7.934570E-3
54.7187	-2.899170E-2	-1.831055E-3	2.586670E+0	8.239746E-3
54.7187	-3.753662E-2	2.624512E-2	2.608337E+0	7.934570E-3
54.7343	-3.814697E-2	4.760742E-2	2.620850E+0	8.239746E-3
54.75	-3.143311E-2	8.666992E-2	2.645264E+0	7.934570E-3
54.75	-3.326416E-2	1.300049E-1	2.666321E+0	7.934570E-3
54.7656	-3.021240E-2	1.489258E-1	2.688599E+0	8.239746E-3
54.7656	-2.593994E-2	1.824951E-1	2.700806E+0	7.324219E-3
54.7812	-2.532959E-2	2.185059E-1	2.724915E+0	7.629395E-3
54.7968	-2.349854E-2	2.545166E-1	2.744751E+0	7.934570E-3
54.7968	-1.983643E-2	2.792358E-1	2.760315E+0	7.934570E-3
54.8125	-1.800537E-2	3.128052E-1	2.782288E+0	7.629395E-3
54.8281	-2.044678E-2	3.555298E-1	2.807617E+0	7.629395E-3
54.8281	-1.861572E-2	3.738403E-1	2.821655E+0	7.629395E-3
54.8437	-1.159668E-2	4.132080E-1	2.842407E+0	7.324219E-3
54.8593	-1.739502E-2	4.595947E-1	2.867737E+0	7.629395E-3
54.8593	-1.190186E-2	4.690552E-1	2.878418E+0	7.324219E-3
54.875	-1.831055E-2	5.099487E-1	2.899475E+0	7.934570E-3
54.875	-8.544922E-3	5.383301E-1	2.919617E+0	7.629395E-3
54.8906	-9.460449E-3	5.804443E-1	2.940674E+0	7.934570E-3
54.9062	-1.037598E-2	6.069946E-1	2.962036E+0	7.934570E-3
54.9062	-9.765625E-3	6.536865E-1	2.985229E+0	7.934570E-3
54.9218	-3.051758E-3	6.692505E-1	2.998352E+0	7.934570E-3
54.9375	1.525879E-3	7.080078E-1	3.023987E+0	7.019043E-3
54.9375	-2.441406E-3	7.595825E-1	3.046570E+0	7.629395E-3
54.9531	-2.136230E-3	7.757568E-1	3.059692E+0	7.934570E-3
54.9687	3.051758E-4	8.303833E-1	3.084412E+0	7.934570E-3
54.9687	1.525879E-3	8.572388E-1	3.106995E+0	7.629395E-3
54.9843	7.324219E-3	8.944702E-1	3.119507E+0	8.544922E-3
55.0	7.019043E-3	9.243774E-1	3.143005E+0	7.019043E-3
55.0	4.577637E-3	9.655762E-1	3.164978E+0	7.324219E-3
55.0156	9.155273E-3	9.933472E-1	3.186340E+0	7.934570E-3
55.0156	1.495361E-2	1.016541E+0	3.199158E+0	7.934570E-3
55.0312	1.678467E-2	1.070251E+0	3.222961E+0	7.629395E-3
55.0468	1.800537E-2	1.090393E+0	3.242798E+0	7.019043E-3
55.0468	1.708984E-2	1.120605E+0	3.258057E+0	7.019043E-3
55.0625	2.075195E-2	1.154175E+0	3.280640E+0	8.239746E-3
55.0781	1.800537E-2	1.177979E+0	3.295593E+0	7.629395E-3
55.0781	7.934570E-3	1.177368E+0	3.293457E+0	2.624512E-2
55.0937	7.324219E-3	1.177063E+0	3.291016E+0	4.669189E-2
55.1093	-2.441406E-3	1.175232E+0	3.287964E+0	6.683350E-2
55.1093	8.544922E-3	1.161194E+0	3.286743E+0	8.514404E-2
55.125	1.220703E-3	1.159058E+0	3.283997E+0	1.065063E-1
55.1406	-5.493164E-3	1.156311E+0	3.281250E+0	1.260376E-1
55.1406	-8.850098E-3	1.152344E+0	3.279419E+0	1.452637E-1
55.1562	-9.765625E-3	1.148682E+0	3.277283E+0	1.660156E-1
55.1562	-1.708984E-2	1.136475E+0	3.274841E+0	1.867676E-1
55.1718	-1.647949E-2	1.130676E+0	3.273315E+0	2.059937E-1
55.1875	-2.716064E-2	1.114807E+0	3.271790E+0	2.267456E-1
55.1875	-3.021240E-2	1.119690E+0	3.269043E+0	2.462769E-1
55.2031	-3.112793E-2	1.099548E+0	3.267517E+0	2.655029E-1
55.2187	-3.540039E-2	1.101379E+0	3.264771E+0	2.856445E-1
55.2187	-3.723145E-2	1.092224E+0	3.263245E+0	3.051758E-1
55.2343	-3.936768E-2	1.088562E+0	3.261108E+0	3.237915E-1
55.25	-5.004883E-2	1.084900E+0	3.258362E+0	3.457642E-1
55.25	-4.974365E-2	1.065063E+0	3.256836E+0	3.656006E-1
55.2656	-5.554199E-2	1.067200E+0	3.255005E+0	3.829956E-1
55.2656	-5.767822E-2	1.056213E+0	3.251953E+0	4.052734E-1
55.2812	-6.256104E-2	1.053162E+0	3.250427E+0	4.254150E-1
55.2968	-6.927490E-2	1.036987E+0	3.248901E+0	4.443359E-1
55.2968	-6.988525E-2	1.034851E+0	3.246460E+0	4.644775E-1
55.3125	-7.354736E-2	1.011353E+0	3.243713E+0	4.840088E-1
55.3125	-7.812500E-2	1.004944E+0	3.242798E+0	5.032349E-1
55.3281	-8.392334E-2	1.010132E+0	3.239746E+0	5.249023E-1
55.3437	-8.850098E-2	1.002197E+0	3.237305E+0	5.441284E-1
55.3437	-9.307861E-2	9.884644E-1	3.235779E+0	5.636597E-1
55.3593	-1.040649E-1	9.796143E-1	3.233337E+0	5.844116E-1
55.375	-1.065063E-1	9.686279E-1	3.231506E+0	6.036377E-1
55.375	-1.052856E-1	9.545898E-1	3.229065E+0	6.240845E-1
55.3906	-1.147461E-1	9.545898E-1	3.227539E+0	6.427002E-1
55.4062	-1.214600E-1	9.423828E-1	3.224487E+0	6.631470E-1
55.4062	-1.278687E-1	9.249878E-1	3.224182E+0	6.826782E-1
55.4218	-1.394653E-1	9.237671E-1	3.220520E+0	7.040405E-1
55.4375	-1.382446E-1	9.082031E-1	3.218689E+0	7.229614E-1
55.4375	-1.440430E-1	8.999634E-1	3.217468E+0	7.424927E-1
55.4531	-1.519775E-1	8.837891E-1	3.215332E+0	7.632446E-1
55.4687	-1.614380E-1	8.752441E-1	3.211975E+0	7.836914E-1
55.4687	-1.571655E-1	8.627319E-1	3.210449E+0	8.016968E-1
55.4843	-1.745605E-1	8.459473E-1	3.208008E+0	8.236694E-1
55.4843	-1.660156E-1	8.511353E-1	3.206482E+0	8.410645E-1
55.5	-1.882935E-1	8.209229E-1	3.205261E+0	8.627319E-1
55.5156	-1.864624E-1	8.227539E-1	3.202515E+0	8.819580E-1
55.5156	-1.904297E-1	8.001709E-1	3.199158E+0	9.024048E-1
55.5312	-2.008057E-1	8.044434E-1	3.198547E+0	9.207153E-1
55.5468	-2.145386E-1	7.870483E-1	3.195496E+0	9.429932E-1
55.5468	-2.108765E-1	7.760620E-1	3.193970E+0	9.622192E-1
55.5625	-2.227783E-1	7.537842E-1	3.192444E+0	9.811401E-1
55.5781	-2.301025E-1	7.443237E-1	3.189087E+0	1.002197E+0
55.5781	-2.404785E-1	7.345581E-1	3.186951E+0	1.020813E+0
55.5937	-2.450562E-1	7.165527E-1	3.185730E+0	1.039734E+0
55.6093	-2.517700E-1	7.067871E-1	3.183594E+0	1.060791E+0
55.6093	-2.691650E-1	6.921387E-1	3.180542E+0	1.080933E+0
55.625	-2.743530E-1	6.832886E-1	3.179932E+0	1.100159E+0
55.625	-2.832031E-1	6.683350E-1	3.176880E+0	1.121216E+0
55.6406	-2.789307E-1	6.613159E-1	3.175659E+0	1.141968E+0
55.6562	-2.951050E-1	6.494141E-1	3.173828E+0	1.159668E+0
55.6562	-2.996826E-1	6.292725E-1	3.170776E+0	1.181641E+0
55.6718	-3.161621E-1	6.179810E-1	3.168945E+0	1.200256E+0
55.6875	-3.253174E-1	5.953979E-1	3.166809E+0	1.219177E+0
55.6875	-3.372192E-1	5.789185E-1	3.163452E+0	1.239929E+0
55.7031	-3.448486E-1	5.700684E-1	3.162537E+0	1.259460E+0
55.7031	-3.564453E-1	5.603027E-1	3.160095E+0	1.279297E+0
55.7187	-3.689575E-1	5.490112E-1	3.158875E+0	1.300659E+0
55.7343	-3.787231E-1	5.212402E-1	3.156128E+0	1.319580E+0
55.7343	-3.881836E-1	5.160522E-1	3.154907E+0	1.338806E+0
55.75	-4.034424E-1	4.931641E-1	3.151245E+0	1.364746E+0
55.7656	-4.089355E-1	4.876709E-1	3.150024E+0	1.378784E+0
55.7656	-4.223633E-1	4.693604E-1	3.147888E+0	1.396790E+0
55.7812	-4.312134E-1	4.550171E-1	3.145447E+0	1.419067E+0
55.7968	-4.446411E-1	4.409790E-1	3.143005E+0	1.439209E+0
55.7968	-4.568481E-1	4.309082E-1	3.140869E+0	1.457825E+0
55.8125	-4.681396E-1	4.132080E-1	3.139648E+0	1.478577E+0
55.8281	-4.794312E-1	3.970337E-1	3.137207E+0	1.498108E+0
55.8281	-4.907227E-1	3.836060E-1	3.135071E+0	1.518860E+0
55.8437	-5.114746E-1	3.652954E-1	3.133850E+0	1.539001E+0
55.8593	-5.181885E-1	3.540039E-1	3.131104E+0	1.557922E+0
55.8593	-5.325317E-1	3.369141E-1	3.129578E+0	1.575928E+0
55.875	-5.419922E-1	3.140259E-1	3.126831E+0	1.597595E+0
55.8906	-5.651855E-1	3.070068E-1	3.125000E+0	1.617737E+0
55.8906	-5.728149E-1	2.911377E-1	3.123779E+0	1.636047E+0
55.9062	-5.938721E-1	2.767944E-1	3.120117E+0	1.657715E+0
55.9062	-6.005859E-1	2.554321E-1	3.117676E+0	1.677856E+0
55.9218	-6.182861E-1	2.432251E-1	3.116455E+0	1.696777E+0
55.9375	-6.283569E-1	2.273560E-1	3.114319E+0	1.718445E+0
55.9375	-6.506348E-1	2.032471E-1	3.111267E+0	1.736450E+0
55.9531	-6.488037E-1	2.014160E-1	3.110657E+0	1.755676E+0
55.9687	-6.781006E-1	1.718140E-1	3.108826E+0	1.777039E+0
55.9687	-6.796265E-1	1.666260E-1	3.105774E+0	1.795959E+0
55.9843	-7.113647E-1	1.370239E-1	3.104248E+0	1.815491E+0
56.0	-7.165527E-1	1.315308E-1	3.101501E+0	1.837158E+0
56.0	-7.369995E-1	1.062012E-1	3.100281E+0	1.856689E+0
56.0156	-7.440186E-1	9.704590E-2	3.096924E+0	1.875610E+0
56.0156	-7.687378E-1	6.958008E-2	3.095703E+0	1.895752E+0
56.0312	-7.794189E-1	5.493164E-2	3.092957E+0	1.916199E+0
56.0468	-8.026123E-1	4.180908E-2	3.091125E+0	1.935425E+0
56.0468	-8.142090E-1	3.204346E-2	3.089294E+0	1.954041E+0
56.0625	-8.380127E-1	5.798340E-3	3.086548E+0	1.975403E+0
56.0781	-8.496094E-1	-1.434326E-2	3.084717E+0	1.995239E+0
56.0781	-8.657837E-1	-2.624512E-2	3.082886E+0	2.015076E+0
56.0937	-8.868408E-1	-4.455566E-2	3.081360E+0	2.035828E+0
56.1093	-9.045410E-1	-6.134033E-2	3.078918E+0	2.054749E+0
56.1093	-9.185791E-1	-7.873535E-2	3.077393E+0	2.073975E+0
56.125	-9.445190E-1	-1.086426E-1	3.074341E+0	2.095337E+0
56.1406	-9.530640E-1	-1.113892E-1	3.071594E+0	2.113647E+0
56.1406	-9.811401E-1	-1.449585E-1	3.070374E+0	2.132874E+0
56.1562	-1.000671E+0	-1.516724E-1	3.067932E+0	2.155151E+0
56.1562	-1.011658E+0	-1.727295E-1	3.065796E+0	2.173767E+0
56.1718	-1.032104E+0	-1.824951E-1	3.064575E+0	2.194214E+0
56.1875	-1.056519E+0	-2.081299E-1	3.063049E+0	2.214355E+0
56.1875	-1.066895E+0	-2.178955E-1	3.059082E+0	2.234192E+0
56.2031	-1.091919E+0	-2.362061E-1	3.058472E+0	2.253723E+0
56.2187	-1.119080E+0	-2.563477E-1	3.055725E+0	2.274780E+0
56.2187	-1.132507E+0	-2.725220E-1	3.052979E+0	2.293396E+0
56.2343	-1.148071E+0	-2.880859E-1	3.051147E+0	2.311401E+0
56.25	-1.178284E+0	-3.115845E-1	3.049316E+0	2.333374E+0
56.25	-1.205750E+0	-3.326416E-1	3.047485E+0	2.353210E+0
56.2656	-1.214600E+0	-3.424072E-1	3.045349E+0	2.371521E+0
56.2656	-1.237793E+0	-3.613281E-1	3.043213E+0	2.393188E+0
56.2812	-1.264343E+0	-3.823853E-1	3.040161E+0	2.413635E+0
56.2968	-1.280518E+0	-3.961182E-1	3.038940E+0	2.432556E+0
56.2968	-1.302490E+0	-4.244995E-1	3.036804E+0	2.452698E+0
56.3125	-1.332703E+0	-4.382324E-1	3.034973E+0	2.471924E+0
56.3125	-1.344299E+0	-4.531860E-1	3.033447E+0	2.490234E+0
56.3281	-1.377869E+0	-4.754639E-1	3.030701E+0	2.512207E+0
56.3437	-1.383362E+0	-4.885864E-1	3.027344E+0	2.531738E+0
56.3437	-1.419983E+0	-5.114746E-1	3.026428E+0	2.551270E+0
56.3593	-1.437073E+0	-5.218506E-1	3.024292E+0	2.572021E+0
56.375	-1.464844E+0	-5.505371E-1	3.021545E+0	2.591553E+0
56.375	-1.477661E+0	-5.599976E-1	3.020020E+0	2.610779E+0
56.3906	-1.509705E+0	-5.886841E-1	3.017578E+0	2.632446E+0
56.4062	-1.527405E+0	-5.993652E-1	3.015747E+0	2.650146E+0
56.4062	-1.563721E+0	-6.182861E-1	3.014526E+0	2.670288E+0
56.4218	-1.578064E+0	-6.307983E-1	3.011780E+0	2.690735E+0
56.4375	-1.605530E+0	-6.570435E-1	3.009338E+0	2.709961E+0
56.4375	-1.622925E+0	-6.726074E-1	3.008423E+0	2.729492E+0
56.4531	-1.649170E+0	-6.890869E-1	3.005676E+0	2.751160E+0
56.4687	-1.667480E+0	-7.104492E-1	3.002625E+0	2.770386E+0
56.4687	-1.697693E+0	-7.232666E-1	3.000793E+0	2.788086E+0
56.4843	-1.718750E+0	-7.485962E-1	2.998047E+0	2.810974E+0
56.4843	-1.731873E+0	-7.513428E-1	2.996826E+0	2.828979E+0
56.5	-1.771851E+0	-7.781982E-1	2.995605E+0	2.849426E+0
56.5156	-1.773682E+0	-7.797241E-1	2.993774E+0	2.869568E+0
56.5156	-1.807251E+0	-7.977295E-1	2.990417E+0	2.889709E+0
56.5312	-1.818848E+0	-8.142090E-1	2.989197E+0	2.907104E+0
56.5468	-1.850891E+0	-8.248901E-1	2.986450E+0	2.929687E+0
56.5468	-1.855164E+0	-8.358765E-1	2.984314E+0	2.948914E+0
56.5625	-1.883545E+0	-8.465576E-1	2.982788E+0	2.967834E+0
56.5781	-1.890869E+0	-8.502197E-1	2.980347E+0	2.990112E+0
56.5781	-1.912231E+0	-8.712769E-1	2.977600E+0	3.007507E+0
56.5937	-1.912537E+0	-8.700562E-1	2.975769E+0	3.027649E+0
56.6093	-1.922607E+0	-8.816528E-1	2.974243E+0	3.048096E+0
56.6093	-1.931458E+0	-8.819580E-1	2.971191E+0	3.068237E+0
56.625	-1.946106E+0	-9.078979E-1	2.970276E+0	3.087158E+0
56.625	-1.944885E+0	-9.002686E-1	2.968140E+0	3.108521E+0
56.6406	-1.937866E+0	-9.014893E-1	2.965698E+0	3.128357E+0
56.6562	-1.951294E+0	-8.999634E-1	2.964172E+0	3.147278E+0
56.6562	-1.943970E+0	-9.014893E-1	2.962036E+0	3.168335E+0
56.6718	-1.952515E+0	-9.069824E-1	2.958984E+0	3.187866E+0
56.6875	-1.953430E+0	-9.118652E-1	2.957153E+0	3.205261E+0
56.6875	-1.952209E+0	-9.133911E-1	2.955017E+0	3.227539E+0
56.7031	-1.948547E+0	-9.054565E-1	2.952881E+0	3.246765E+0
56.7031	-1.952515E+0	-9.136963E-1	2.951355E+0	3.266602E+0
56.7187	-1.936035E+0	-9.078979E-1	2.949524E+0	3.286438E+0
56.7343	-1.937256E+0	-9.155273E-1	2.947083E+0	3.306885E+0
56.7343	-1.939697E+0	-9.103394E-1	2.945557E+0	3.325500E+0
56.75	-1.930237E+0	-9.146118E-1	2.943420E+0	3.347168E+0
56.7656	-1.922607E+0	-9.149170E-1	2.940674E+0	3.365479E+0
56.7656	-1.935425E+0	-9.140015E-1	2.939453E+0	3.384399E+0
56.7812	-1.930237E+0	-9.140015E-1	2.936401E+0	3.406067E+0
56.7968	-1.928711E+0	-9.140015E-1	2.934265E+0	3.425598E+0
56.7968	-1.925049E+0	-9.268188E-1	2.932434E+0	3.444824E+0
56.8125	-1.918335E+0	-9.130859E-1	2.930603E+0	3.466187E+0
56.8281	-1.919250E+0	-9.179687E-1	2.927856E+0	3.485413E+0
56.8281	-1.920166E+0	-9.207153E-1	2.927246E+0	3.504944E+0
56.8437	-1.923828E+0	-9.231567E-1	2.924500E+0	3.525391E+0
56.8593	-1.907043E+0	-9.271240E-1	2.922058E+0	3.544312E+0
56.8593	-1.919556E+0	-9.204102E-1	2.920227E+0	3.563232E+0
56.875	-1.909485E+0	-9.280396E-1	2.918396E+0	3.584595E+0
56.8906	-1.912842E+0	-9.283447E-1	2.916260E+0	3.604431E+0
56.8906	-1.911316E+0	-9.304810E-1	2.914429E+0	3.622742E+0
56.9062	-1.919556E+0	-9.448242E-1	2.911682E+0	3.644714E+0
56.9062	-1.912842E+0	-9.368896E-1	2.909241E+0	3.663635E+0
56.9218	-1.914978E+0	-9.396362E-1	2.908020E+0	3.683777E+0
56.9375	-1.910706E+0	-9.274292E-1	2.905273E+0	3.704529E+0
56.9375	-1.915894E+0	-9.457397E-1	2.902527E+0	3.723755E+0
56.9531	-1.905518E+0	-9.307861E-1	2.902222E+0	3.742981E+0
56.9687	-1.898804E+0	-9.332275E-1	2.899475E+0	3.762817E+0
56.9687	-1.901855E+0	-9.362793E-1	2.896118E+0	3.782959E+0
56.9843	-1.902466E+0	-9.432983E-1	2.895813E+0	3.801575E+0
57.0	-1.900940E+0	-9.423828E-1	2.892761E+0	3.823547E+0
57.0	-1.889648E+0	-9.411621E-1	2.891846E+0	3.843079E+0
57.0156	-1.903076E+0	-9.481812E-1	2.888794E+0	3.861084E+0
57.0156	-1.891785E+0	-9.362793E-1	2.886963E+0	3.883057E+0
57.0312	-1.894226E+0	-9.506226E-1	2.884216E+0	3.903198E+0
57.0468	-1.886902E+0	-9.378052E-1	2.882385E+0	3.920898E+0
57.0468	-1.893311E+0	-9.527588E-1	2.880249E+0	3.941650E+0
57.0625	-1.878357E+0	-9.390259E-1	2.877808E+0	3.961792E+0
57.0625	-1.889038E+0	-9.500122E-1	2.876587E+0	3.980103E+0
57.0781	-1.882935E+0	-9.506226E-1	2.874756E+0	4.002380E+0
57.0937	-1.883240E+0	-9.384155E-1	2.872314E+0	4.020691E+0
57.0937	-1.881104E+0	-9.503174E-1	2.870483E+0	4.039612E+0
57.1093	-1.882019E+0	-9.420776E-1	2.868042E+0	4.061584E+0
57.125	-1.868591E+0	-9.524536E-1	2.865601E+0	4.080811E+0
57.125	-1.879883E+0	-9.542847E-1	2.863770E+0	4.099426E+0
57.1406	-1.866455E+0	-9.460449E-1	2.862244E+0	4.121094E+0
57.1562	-1.867065E+0	-9.521484E-1	2.859192E+0	4.140320E+0
57.1562	-1.871033E+0	-9.561157E-1	2.857361E+0	4.158936E+0
57.1718	-1.862183E+0	-9.573364E-1	2.854919E+0	4.180298E+0
57.1875	-1.872864E+0	-9.478760E-1	2.853088E+0	4.199219E+0
57.1875	-1.867065E+0	-9.606934E-1	2.852173E+0	4.218140E+0
57.2031	-1.870728E+0	-9.548950E-1	2.849426E+0	4.240112E+0
57.2187	-1.853027E+0	-9.570312E-1	2.846985E+0	4.259644E+0
57.2187	-1.867371E+0	-9.558105E-1	2.845764E+0	4.277039E+0
57.2343	-1.850891E+0	-9.527588E-1	2.842102E+0	4.299316E+0
57.2343	-1.864929E+0	-9.588623E-1	2.840576E+0	4.317017E+0
57.25	-1.859436E+0	-9.625244E-1	2.838745E+0	4.338379E+0
57.2656	-1.853333E+0	-9.622192E-1	2.836609E+0	4.357605E+0
57.2656	-1.844482E+0	-9.561157E-1	2.833862E+0	4.378357E+0
57.2812	-1.849365E+0	-9.680176E-1	2.832947E+0	4.396973E+0
57.2968	-1.841431E+0	-9.573364E-1	2.830505E+0	4.418030E+0
57.2968	-1.838379E+0	-9.561157E-1	2.828369E+0	4.437561E+0
57.3125	-1.836853E+0	-9.622192E-1	2.826233E+0	4.455261E+0
57.3281	-1.835022E+0	-9.481812E-1	2.824097E+0	4.477234E+0
57.3281	-1.815796E+0	-9.530640E-1	2.822571E+0	4.496765E+0
57.3437	-1.825256E+0	-9.448242E-1	2.820129E+0	4.516296E+0
57.3593	-1.803284E+0	-9.484863E-1	2.817688E+0	4.537048E+0
57.3593	-1.802979E+0	-9.472656E-1	2.815552E+0	4.556274E+0
57.375	-1.794128E+0	-9.371948E-1	2.814026E+0	4.576416E+0
57.375	-1.789856E+0	-9.359741E-1	2.811890E+0	4.596558E+0
57.3906	-1.781921E+0	-9.313965E-1	2.808533E+0	4.616089E+0
57.4062	-1.781311E+0	-9.423828E-1	2.808228E+0	4.633789E+0
57.4062	-1.771545E+0	-9.335327E-1	2.805786E+0	4.655762E+0
57.4218	-1.761169E+0	-9.280396E-1	2.803955E+0	4.675293E+0
57.4375	-1.765137E+0	-9.268188E-1	2.802429E+0	4.693298E+0
57.4375	-1.750488E+0	-9.268188E-1	2.799683E+0	4.715576E+0
57.4531	-1.748962E+0	-9.313965E-1	2.796631E+0	4.734192E+0
57.4531	-1.750793E+0	-9.335327E-1	2.794800E+0	4.753723E+0
57.4687	-1.740417E+0	-9.268188E-1	2.794189E+0	4.774780E+0
57.4843	-1.742554E+0	-9.219360E-1	2.790833E+0	4.793396E+0
57.4843	-1.751099E+0	-9.301758E-1	2.789001E+0	4.812622E+0
57.5	-1.740723E+0	-9.225464E-1	2.786255E+0	4.833984E+0
57.5156	-1.739502E+0	-9.384155E-1	2.784729E+0	4.852905E+0
57.5156	-1.743164E+0	-9.283447E-1	2.783203E+0	4.871826E+0
57.5312	-1.735229E+0	-9.353638E-1	2.781372E+0	4.893799E+0
57.5468	-1.738281E+0	-9.310913E-1	2.778931E+0	4.912720E+0
57.5468	-1.751709E+0	-9.378052E-1	2.777100E+0	4.931946E+0
57.5625	-1.746826E+0	-9.432983E-1	2.774353E+0	4.952698E+0
57.5781	-1.732788E+0	-9.353638E-1	2.771606E+0	4.972229E+0
57.5781	-1.733398E+0	-9.371948E-1	2.770081E+0	4.990540E+0
57.5937	-1.723633E+0	-9.262085E-1	2.768250E+0	5.011292E+0
57.6093	-1.726074E+0	-9.338379E-1	2.764893E+0	5.030823E+0
57.6093	-1.715393E+0	-9.210205E-1	2.764587E+0	5.049744E+0
57.625	-1.714783E+0	-9.289551E-1	2.762146E+0	5.071106E+0
57.6406	-1.698914E+0	-9.164429E-1	2.759094E+0	5.090637E+0
57.6406	-1.705017E+0	-9.170532E-1	2.758484E+0	5.109253E+0
57.6562	-1.677856E+0	-9.045410E-1	2.756042E+0	5.131226E+0
57.6562	-1.672058E+0	-8.959961E-1	2.753906E+0	5.150452E+0
57.6718	-1.636047E+0	-8.819580E-1	2.751160E+0	5.170288E+0
57.6875	-1.611328E+0	-8.590698E-1	2.748718E+0	5.189819E+0
57.6875	-1.572266E+0	-8.294678E-1	2.746887E+0	5.208740E+0
57.7031	-1.549988E+0	-8.074951E-1	2.745361E+0	5.228271E+0
57.7187	-6.591797E-2	-1.864624E-1	2.743225E+0	5.249634E+0
57.7187	-7.873535E-2	-1.876831E-1	2.741699E+0	5.268555E+0
57.7343	-7.080078E-2	-1.885986E-1	2.740173E+0	5.287170E+0
57.75	-6.652832E-2	-1.821899E-1	2.737427E+0	5.309143E+0
57.75	-6.500244E-2	-1.818848E-1	2.736511E+0	5.328369E+0
57.7656	-7.202148E-2	-1.861572E-1	2.733154E+0	5.346680E+0
57.7656	-7.110596E-2	-1.858521E-1	2.731018E+0	5.366821E+0
57.7812	-6.958008E-2	-1.837158E-1	2.728882E+0	5.386963E+0
57.7968	-7.171631E-2	-1.849365E-1	2.726440E+0	5.406799E+0
57.7968	-6.805420E-2	-1.806641E-1	2.724915E+0	5.426025E+0
57.8125	-6.347656E-2	-1.849365E-1	2.722778E+0	5.447693E+0
57.8281	-6.774902E-2	-1.852417E-1	2.720642E+0	5.466003E+0
57.8281	-6.530762E-2	-1.858521E-1	2.719421E+0	5.485535E+0
57.8437	-6.622314E-2	-1.852417E-1	2.716980E+0	5.506287E+0
57.8593	-6.286621E-2	-1.837158E-1	2.714233E+0	5.526428E+0
57.8593	-6.195068E-2	-1.843262E-1	2.713623E+0	5.543518E+0
57.875	-6.713867E-2	-1.876831E-1	2.711487E+0	5.565186E+0
57.8906	-6.774902E-2	-1.852417E-1	2.708130E+0	5.584717E+0
57.8906	-6.866455E-2	-1.828003E-1	2.706299E+0	5.603333E+0
57.9062	-6.347656E-2	-1.788330E-1	2.704163E+0	5.625305E+0
57.9062	-6.683350E-2	-1.815796E-1	2.701416E+0	5.644531E+0
57.9218	-6.805420E-2	-1.840210E-1	2.699890E+0	5.663452E+0
57.9375	-6.927490E-2	-1.837158E-1	2.697449E+0	5.684814E+0
57.9375	-6.866455E-2	-1.794434E-1	2.695312E+0	5.703125E+0
57.9531	-6.896973E-2	-1.867676E-1	2.693787E+0	5.722351E+0
57.9687	-6.256104E-2	-1.803589E-1	2.691956E+0	5.743408E+0
57.9687	-7.232666E-2	-1.815796E-1	2.689514E+0	5.762024E+0
57.9843	-7.293701E-2	-1.837158E-1	2.687988E+0	5.781250E+0
58.0	-6.439209E-2	-1.815796E-1	2.685547E+0	5.803223E+0
58.0	-6.988525E-2	-1.782227E-1	2.684021E+0	5.821228E+0
58.0156	-6.103516E-2	-1.828003E-1	2.681274E+0	5.839539E+0
58.0156	-6.744385E-2	-1.809692E-1	2.679749E+0	5.861816E+0
58.0312	-6.439209E-2	-1.800537E-1	2.676697E+0	5.881958E+0
58.0468	-6.866455E-2	-1.791382E-1	2.674866E+0	5.899353E+0
58.0468	-6.347656E-2	-1.773071E-1	2.673340E+0	5.921326E+0
58.0625	-6.866455E-2	-1.803589E-1	2.670898E+0	5.939941E+0
58.0625	-6.622314E-2	-1.828003E-1	2.669678E+0	5.957947E+0
58.0781	-6.896973E-2	-1.864624E-1	2.667236E+0	5.980225E+0
58.0937	-6.134033E-2	-1.766968E-1	2.664185E+0	6.004944E+0
58.0937	-6.927490E-2	-1.800537E-1	2.663574E+0	6.018982E+0
58.1093	-6.958008E-2	-1.776123E-1	2.659607E+0	6.039734E+0
58.125	-6.744385E-2	-1.797485E-1	2.658081E+0	6.058655E+0
58.125	-6.408691E-2	-1.791382E-1	2.656250E+0	6.078491E+0
58.1406	-6.530762E-2	-1.797485E-1	2.654724E+0	6.097412E+0
58.1562	-7.293701E-2	-1.785278E-1	2.652588E+0	6.117859E+0
58.1562	-6.652832E-2	-1.818848E-1	2.650146E+0	6.138306E+0
58.1718	-6.683350E-2	-1.773071E-1	2.648926E+0	6.156921E+0
58.1875	-6.378174E-2	-1.773071E-1	2.646484E+0	6.177673E+0
58.1875	-6.896973E-2	-1.770020E-1	2.644348E+0	6.196899E+0
58.2031	-6.347656E-2	-1.782227E-1	2.642212E+0	6.216125E+0
58.2187	-6.530762E-2	-1.748657E-1	2.639771E+0	6.237183E+0
58.2187	-7.263184E-2	-1.766968E-1	2.636719E+0	6.255493E+0
58.2343	-6.256104E-2	-1.757812E-1	2.635498E+0	6.274414E+0
58.25	-6.958008E-2	-1.721191E-1	2.633057E+0	6.296387E+0
58.25	-6.072998E-2	-1.760864E-1	2.631226E+0	6.315308E+0
58.2656	-6.195068E-2	-1.757812E-1	2.629700E+0	6.332703E+0
58.2656	-6.774902E-2	-1.745605E-1	2.627563E+0	6.355896E+0
58.2812	-6.072998E-2	-1.806641E-1	2.625427E+0	6.374817E+0
58.2968	-6.622314E-2	-1.742554E-1	2.623291E+0	6.394043E+0
58.2968	-6.317139E-2	-1.718140E-1	2.621765E+0	6.413879E+0
58.3125	-6.408691E-2	-1.724243E-1	2.619019E+0	6.434326E+0
58.3125	-6.103516E-2	-1.766968E-1	2.617493E+0	6.451721E+0
58.3281	-6.439209E-2	-1.718140E-1	2.613525E+0	6.473083E+0
58.3437	-6.439209E-2	-1.718140E-1	2.612000E+0	6.492615E+0
58.3437	-7.019043E-2	-1.748657E-1	2.609863E+0	6.511230E+0
58.3593	-6.622314E-2	-1.727295E-1	2.608337E+0	6.533203E+0
58.375	-6.622314E-2	-1.754761E-1	2.605286E+0	6.550903E+0
58.375	-6.713867E-2	-1.699829E-1	2.604370E+0	6.571045E+0
58.3906	-6.072998E-2	-1.763916E-1	2.602234E+0	6.591797E+0
58.4062	-6.256104E-2	-1.766968E-1	2.600098E+0	6.611633E+0
58.4062	-6.591797E-2	-1.724243E-1	2.598572E+0	6.629639E+0
58.4218	-6.072998E-2	-1.779175E-1	2.596741E+0	6.650696E+0
58.4375	-6.408691E-2	-1.724243E-1	2.593384E+0	6.670227E+0
58.4375	-5.859375E-2	-1.791382E-1	2.591858E+0	6.688232E+0
58.4531	-6.744385E-2	-1.727295E-1	2.589417E+0	6.710510E+0
58.4687	-6.134033E-2	-1.687622E-1	2.588196E+0	6.729126E+0
58.4687	-6.317139E-2	-1.748657E-1	2.585754E+0	6.748047E+0
58.4843	-6.622314E-2	-1.687622E-1	2.583618E+0	6.769409E+0
58.4843	-6.835937E-2	-1.672363E-1	2.581177E+0	6.788025E+0
58.5	-6.256104E-2	-1.742554E-1	2.579651E+0	6.807556E+0
58.5156	-6.835937E-2	-1.712036E-1	2.577515E+0	6.828308E+0
58.5156	-6.103516E-2	-1.715088E-1	2.575073E+0	6.848145E+0
58.5312	-6.256104E-2	-1.727295E-1	2.573547E+0	6.865845E+0
58.5468	-6.469727E-2	-1.699829E-1	2.571106E+0	6.887817E+0
58.5468	-6.408691E-2	-1.736450E-1	2.568054E+0	6.906433E+0
58.5625	-6.072998E-2	-1.739502E-1	2.566833E+0	6.925049E+0
58.5781	-6.042480E-2	-1.705933E-1	2.564697E+0	6.947327E+0
58.5781	-6.072998E-2	-1.715088E-1	2.562866E+0	6.965637E+0
58.5937	-6.317139E-2	-1.696777E-1	2.560730E+0	6.984558E+0
58.6093	-6.469727E-2	-1.733398E-1	2.558899E+0	7.004395E+0
58.6093	-6.927490E-2	-1.696777E-1	2.556763E+0	7.024536E+0
58.625	-6.652832E-2	-1.666260E-1	2.554932E+0	7.044067E+0
58.625	-5.767822E-2	-1.693726E-1	2.552795E+0	7.064514E+0
58.6406	-5.554199E-2	-1.675415E-1	2.550354E+0	7.084351E+0
58.6562	-6.317139E-2	-1.715088E-1	2.548828E+0	7.102356E+0
58.6562	-6.958008E-2	-1.721191E-1	2.546082E+0	7.124634E+0
58.6718	-6.195068E-2	-1.724243E-1	2.543945E+0	7.143250E+0
58.6875	-6.134033E-2	-1.666260E-1	2.542114E+0	7.160339E+0
58.6875	-6.469727E-2	-1.644897E-1	2.539978E+0	7.183228E+0
58.7031	-6.408691E-2	-1.641846E-1	2.537231E+0	7.205505E+0
58.7187	-6.347656E-2	-1.712036E-1	2.535706E+0	7.221985E+0
58.7343	-6.011963E-2	-1.693726E-1	2.530518E+0	7.274475E+0
58.7343	-5.889893E-2	-1.663208E-1	2.529907E+0	7.281799E+0
58.75	-6.103516E-2	-1.699829E-1	2.528076E+0	7.301025E+0
58.7656	-6.195068E-2	-1.644897E-1	2.525635E+0	7.319031E+0
58.7656	-5.828857E-2	-1.635742E-1	2.522888E+0	7.338562E+0
58.7812	-6.469727E-2	-1.654053E-1	2.520752E+0	7.359619E+0
58.7968	-6.225586E-2	-1.635742E-1	2.518616E+0	7.378540E+0
58.7968	-5.828857E-2	-1.602173E-1	2.516785E+0	7.398071E+0
58.8125	-5.859375E-2	-1.638794E-1	2.514648E+0	7.419434E+0
58.8281	-6.042480E-2	-1.611328E-1	2.511902E+0	7.437744E+0
58.8281	-5.554199E-2	-1.638794E-1	2.511597E+0	7.457275E+0
58.8437	-6.530762E-2	-1.672363E-1	2.508850E+0	7.478027E+0
58.8593	-6.134033E-2	-1.623535E-1	2.507019E+0	7.497864E+0
58.8593	-5.981445E-2	-1.608276E-1	2.505493E+0	7.514954E+0
58.875	-6.195068E-2	-1.675415E-1	2.502441E+0	7.536926E+0
58.8906	-5.828857E-2	-1.654053E-1	2.500000E+0	7.555847E+0
58.8906	-6.195068E-2	-1.586914E-1	2.498474E+0	7.574768E+0
58.9062	-6.256104E-2	-1.617432E-1	2.496338E+0	7.596130E+0
58.9062	-5.523682E-2	-1.681519E-1	2.493896E+0	7.614746E+0
58.9218	-6.134033E-2	-1.611328E-1	2.492371E+0	7.633667E+0
58.9375	-5.828857E-2	-1.611328E-1	2.489624E+0	7.655945E+0
58.9375	-6.225586E-2	-1.681519E-1	2.487793E+0	7.674866E+0
58.9531	-6.042480E-2	-1.626587E-1	2.486267E+0	7.692261E+0
58.9687	-6.164551E-2	-1.641846E-1	2.483826E+0	7.713928E+0
58.9687	-6.225586E-2	-1.626587E-1	2.481384E+0	7.732544E+0
58.9843	-6.103516E-2	-1.693726E-1	2.480164E+0	7.751465E+0
59.0	-5.279541E-2	-1.651001E-1	2.476807E+0	7.773132E+0
59.0	-6.286621E-2	-1.574707E-1	2.475891E+0	7.792969E+0
59.0156	-5.767822E-2	-1.602173E-1	2.473755E+0	7.809448E+0
59.0156	-5.920410E-2	-1.647949E-1	2.471619E+0	7.832031E+0
59.0312	-5.645752E-2	-1.605225E-1	2.468872E+0	7.851868E+0
59.0468	-6.134033E-2	-1.599121E-1	2.467957E+0	7.871399E+0
59.0468	-5.950928E-2	-1.599121E-1	2.465515E+0	7.890320E+0
59.0625	-6.134033E-2	-1.559448E-1	2.462463E+0	7.910767E+0
59.0625	-6.195068E-2	-1.571655E-1	2.449036E+0	7.927246E+0
59.0781	-5.737305E-2	-1.477051E-1	2.317810E+0	7.930908E+0
59.0937	-4.730225E-2	-1.358032E-1	2.201843E+0	7.930298E+0
59.0937	-4.669189E-2	-1.275635E-1	2.139893E+0	7.929993E+0
59.1093	-4.333496E-2	-1.211548E-1	2.012939E+0	7.929382E+0
59.125	-4.028320E-2	-1.141357E-1	1.911316E+0	7.929993E+0
59.125	-3.570557E-2	-1.065063E-1	1.832886E+0	7.929382E+0
59.1406	-4.028320E-2	-1.037598E-1	1.720581E+0	7.929077E+0
59.1562	-3.875732E-2	-9.246826E-2	1.588440E+0	7.929687E+0
59.1562	-3.662109E-2	-8.666992E-2	1.525269E+0	7.928467E+0
59.1718	-3.387451E-2	-7.537842E-2	1.395874E+0	7.928162E+0
59.1875	-2.502441E-2	-7.171631E-2	1.280212E+0	7.929077E+0
59.1875	-2.014160E-2	-6.927490E-2	1.218567E+0	7.928772E+0
59.2031	-1.708984E-2	-6.256104E-2	1.108704E+0	7.929382E+0
59.2187	-2.075195E-2	-5.706787E-2	9.777832E-1	7.928467E+0
59.2187	-1.922607E-2	-5.340576E-2	9.124756E-1	7.929077E+0
59.2343	-9.765625E-3	-4.577637E-2	7.879639E-1	7.928467E+0
59.2343	-8.544922E-3	-4.455566E-2	6.961060E-1	7.928772E+0
59.25	-1.892090E-2	-4.119873E-2	6.079102E-1	7.928772E+0
59.2656	-8.544922E-3	-3.204346E-2	5.047607E-1	7.928162E+0
59.2656	-7.324219E-3	-2.990723E-2	3.707886E-1	7.928772E+0
59.2812	-5.493164E-3	-2.838135E-2	3.082275E-1	7.928772E+0
59.2968	-2.136230E-3	-1.434326E-2	1.849365E-1	7.929077E+0
59.2968	6.103516E-4	-1.129150E-2	7.385254E-2	7.928467E+0
59.3125	7.629395E-3	-7.629395E-3	1.220703E-2	7.928772E+0
59.3281	6.103516E-4	-7.934570E-3	5.493164E-3	7.833252E+0
59.3281	3.051758E-4	-2.014160E-2	6.713867E-3	7.738647E+0
59.3437	-6.408691E-3	-1.831055E-2	6.408691E-3	7.640076E+0
59.3593	1.525879E-3	-1.251221E-2	7.934570E-3	7.534180E+0
59.3593	-3.662109E-3	-1.556396E-2	8.850098E-3	7.437439E+0
59.375	9.155273E-4	-1.831055E-2	8.239746E-3	7.339783E+0
59.375	-3.662109E-3	-1.037598E-2	8.850098E-3	7.233887E+0
59.3906	-8.544922E-3	-6.408691E-3	9.155273E-3	7.134094E+0
59.4062	3.051758E-3	-1.342773E-2	8.544922E-3	7.042542E+0
59.4062	-3.662109E-3	-1.831055E-2	9.155273E-3	6.932373E+0
59.4218	0.000000E+0	-1.342773E-2	9.460449E-3	6.833801E+0
59.4375	-6.408691E-3	-1.037598E-2	8.850098E-3	6.741638E+0
59.4375	-1.525879E-3	-7.324219E-3	9.155273E-3	6.632080E+0
59.4531	3.356934E-3	-1.007080E-2	9.460449E-3	6.534729E+0
59.4531	0.000000E+0	-1.403809E-2	8.850098E-3	6.437073E+0
59.4687	6.103516E-3	-1.739502E-2	8.850098E-3	6.332397E+0
59.4843	0.000000E+0	-1.220703E-2	9.460449E-3	6.232910E+0
59.4843	-3.051758E-3	-1.342773E-2	8.850098E-3	6.138306E+0
59.5	-4.577637E-3	-1.586914E-2	9.460449E-3	6.031799E+0
59.5156	-3.662109E-3	-1.220703E-2	9.155273E-3	5.933838E+0
59.5156	6.103516E-4	-1.220703E-2	9.155273E-3	5.836792E+0
59.5312	-3.051758E-4	-7.934570E-3	9.155273E-3	5.730896E+0
59.5468	-1.525879E-3	-1.190186E-2	1.007080E-2	5.633240E+0
59.5468	1.220703E-3	-1.251221E-2	8.544922E-3	5.534058E+0
59.5625	-4.882812E-3	-1.251221E-2	9.460449E-3	5.430298E+0
59.5781	6.103516E-4	-9.155273E-3	9.155273E-3	5.332947E+0
59.5781	0.000000E+0	-8.850098E-3	9.155273E-3	5.233459E+0
59.5937	1.831055E-3	-1.586914E-2	9.155273E-3	5.130005E+0
59.6093	-1.220703E-3	-1.831055E-2	9.765625E-3	5.030823E+0
59.6093	3.051758E-4	-1.251221E-2	8.544922E-3	4.935608E+0
59.625	0.000000E+0	-1.281738E-2	1.037598E-2	4.829102E+0
59.6406	-4.272461E-3	-1.037598E-2	9.155273E-3	4.730530E+0
59.6406	-3.051758E-3	-1.922607E-2	8.544922E-3	4.633789E+0
59.6562	-3.051758E-4	-1.373291E-2	9.155273E-3	4.526978E+0
59.6562	-1.831055E-3	-1.464844E-2	9.765625E-3	4.429016E+0
59.6718	2.441406E-3	-5.187988E-3	9.155273E-3	4.330139E+0
59.6875	6.103516E-4	-1.678467E-2	8.850098E-3	4.226379E+0
59.6875	-3.356934E-3	-1.434326E-2	9.460449E-3	4.127808E+0
59.7031	2.136230E-3	-1.190186E-2	8.544922E-3	4.027405E+0
59.7187	3.356934E-3	-1.342773E-2	9.460449E-3	3.925171E+0
59.7187	6.103516E-4	-1.068115E-2	9.765625E-3	3.824768E+0
59.7343	4.882812E-3	-8.544922E-3	9.155273E-3	3.728638E+0
59.75	-2.441406E-3	-1.190186E-2	9.155273E-3	3.623657E+0
59.75	2.136230E-3	-1.159668E-2	1.007080E-2	3.523865E+0
59.7656	-5.187988E-3	-1.373291E-2	8.850098E-3	3.424377E+0
59.7656	6.103516E-4	-1.251221E-2	9.155273E-3	3.325500E+0
59.7812	-1.220703E-3	-1.495361E-2	9.765625E-3	3.221741E+0
59.7968	1.831055E-3	-1.037598E-2	9.155273E-3	3.121643E+0
59.7968	4.882812E-3	-1.098633E-2	9.155273E-3	3.021545E+0
59.8125	-1.220703E-3	-1.342773E-2	8.850098E-3	2.919312E+0
59.8281	3.051758E-3	-1.342773E-2	1.007080E-2	2.819519E+0
59.8281	-1.220703E-3	-1.342773E-2	9.155273E-3	2.720032E+0
59.8437	6.103516E-4	-7.324219E-3	9.155273E-3	2.616577E+0
59.8593	-2.746582E-3	-1.159668E-2	9.460449E-3	2.516785E+0
59.8593	9.155273E-4	-6.713867E-3	8.544922E-3	2.420654E+0
59.875	1.525879E-3	-9.460449E-3	1.007080E-2	2.315063E+0
59.8906	-5.493164E-3	-1.342773E-2	8.850098E-3	2.215881E+0
59.8906	-3.051758E-3	-1.739502E-2	7.934570E-3	2.119141E+0
59.9062	9.155273E-4	-9.460449E-3	9.460449E-3	2.012329E+0
59.9062	4.272461E-3	-5.798340E-3	9.155273E-3	1.914978E+0
59.9218	-5.493164E-3	-1.464844E-2	8.850098E-3	1.813660E+0
59.9375	2.441406E-3	-5.798340E-3	9.155273E-3	1.711731E+0
59.9375	-1.831055E-3	-1.007080E-2	9.765625E-3	1.611023E+0
59.9531	-1.220703E-3	-5.798340E-3	9.765625E-3	1.511841E+0
59.9687	-1.220703E-3	-7.324219E-3	1.037598E-2	1.408691E+0
59.9687	3.051758E-3	-1.098633E-2	1.068115E-2	1.308899E+0
59.9843	3.356934E-3	-6.408691E-3	1.037598E-2	1.213074E+0
60.0	2.441406E-3	-3.662109E-3	9.460449E-3	1.106873E+0
60.0	2.136230E-3	-7.629395E-3	1.068115E-2	1.006775E+0
60.0156	-9.155273E-4	-6.408691E-3	1.007080E-2	9.133911E-1
60.0156	1.220703E-3	-9.460449E-3	1.037598E-2	8.047485E-1
60.0312	3.662109E-3	-2.136230E-3	9.765625E-3	7.049561E-1
60.0468	7.324219E-3	-2.746582E-3	9.765625E-3	6.066895E-1
60.0468	3.051758E-3	-3.051758E-3	9.765625E-3	5.038452E-1
60.0625	0.000000E+0	-9.765625E-3	9.460449E-3	4.037476E-1
60.0625	4.272461E-3	-7.019043E-3	1.037598E-2	3.070068E-1
60.0781	3.356934E-3	-4.577637E-3	1.068115E-2	2.011108E-1
60.0937	7.324219E-3	-1.220703E-3	1.007080E-2	1.013184E-1
60.0937	4.272461E-3	-6.713867E-3	1.037598E-2	3.967285E-3
60.1093	1.525879E-3	6.103516E-4	1.098633E-2	3.356934E-3
60.125	2.441406E-3	-4.272461E-3	1.068115E-2	5.187988E-3
60.125	9.155273E-4	-2.746582E-3	1.037598E-2	5.493164E-3
60.1406	9.460449E-3	-3.051758E-3	1.037598E-2	6.713867E-3
60.1562	2.136230E-3	-4.272461E-3	1.037598E-2	6.408691E-3
60.1562	4.577637E-3	-2.136230E-3	1.098633E-2	6.408691E-3
60.1718	-6.103516E-4	-8.544922E-3	1.129150E-2	7.019043E-3
60.1875	5.493164E-3	-4.882812E-3	1.098633E-2	7.324219E-3
60.1875	1.525879E-3	-3.967285E-3	1.098633E-2	7.324219E-3
60.2031	5.187988E-3	-4.882812E-3	1.129150E-2	7.629395E-3
60.2187	1.251221E-2	-3.662109E-3	1.037598E-2	7.019043E-3
60.2187	4.882812E-3	-1.831055E-3	1.037598E-2	7.324219E-3
60.2343	9.460449E-3	-6.103516E-4	1.068115E-2	7.019043E-3
60.2343	-3.356934E-3	-2.136230E-3	1.098633E-2	7.629395E-3
60.25	-1.220703E-3	-2.441406E-3	1.037598E-2	7.019043E-3
60.2656	3.356934E-3	0.000000E+0	1.007080E-2	7.629395E-3
60.2656	6.713867E-3	-1.831055E-3	1.068115E-2	7.629395E-3
60.2812	8.544922E-3	-2.441406E-3	1.068115E-2	7.934570E-3
60.2968	-5.493164E-3	-5.798340E-3	1.098633E-2	7.629395E-3
60.2968	2.441406E-3	1.525879E-3	1.068115E-2	8.239746E-3
60.3125	6.408691E-3	-3.356934E-3	1.098633E-2	7.629395E-3
60.3281	0.000000E+0	-3.967285E-3	1.068115E-2	7.934570E-3
60.3281	6.103516E-4	-1.831055E-3	1.037598E-2	7.629395E-3
60.3437	-6.103516E-4	-8.850098E-3	1.007080E-2	7.934570E-3
60.3593	-3.051758E-3	-8.544922E-3	1.068115E-2	7.324219E-3
60.3593	5.187988E-3	2.136230E-3	1.068115E-2	7.629395E-3
60.375	-3.051758E-4	-5.187988E-3	1.068115E-2	7.934570E-3
60.375	5.798340E-3	-1.220703E-3	1.098633E-2	7.629395E-3
60.3906	1.220703E-3	-6.103516E-4	9.765625E-3	7.934570E-3
60.4062	1.525879E-3	-1.220703E-3	1.068115E-2	7.324219E-3
60.4062	-3.662109E-3	-5.493164E-3	1.037598E-2	7.629395E-3
60.4218	6.408691E-3	-6.103516E-4	1.068115E-2	7.324219E-3
60.4375	-1.831055E-3	-5.493164E-3	1.037598E-2	7.629395E-3
60.4375	3.051758E-3	-7.019043E-3	1.098633E-2	7.629395E-3
60.4531	3.662109E-3	-7.324219E-3	1.037598E-2	7.934570E-3
60.4531	6.103516E-3	-1.220703E-3	1.007080E-2	7.629395E-3
60.4687	4.272461E-3	-7.324219E-3	1.007080E-2	7.934570E-3
60.4843	5.493164E-3	-9.155273E-3	1.068115E-2	7.324219E-3
60.4843	3.662109E-3	-1.525879E-3	1.068115E-2	7.019043E-3
60.5	2.441406E-3	-2.136230E-3	1.068115E-2	7.324219E-3
60.5156	3.051758E-3	-1.129150E-2	1.098633E-2	7.324219E-3
60.5156	-2.746582E-3	-5.187988E-3	1.068115E-2	7.629395E-3
60.5312	0.000000E+0	0.000000E+0	1.098633E-2	7.629395E-3
60.5468	0.000000E+0	-7.629395E-3	1.098633E-2	7.019043E-3
60.5468	3.051758E-4	0.000000E+0	1.068115E-2	7.629395E-3
60.5625	4.272461E-3	-5.493164E-3	1.037598E-2	7.629395E-3
60.5781	6.103516E-4	0.000000E+0	1.037598E-2	7.629395E-3
60.5781	8.850098E-3	-2.441406E-3	1.098633E-2	7.629395E-3
60.5937	3.967285E-3	-3.051758E-3	1.037598E-2	7.629395E-3
60.6093	3.967285E-3	-4.272461E-3	9.765625E-3	7.324219E-3
60.6093	4.577637E-3	-1.007080E-2	1.037598E-2	7.324219E-3
60.625	4.272461E-3	-3.051758E-3	1.068115E-2	7.629395E-3
60.6406	0.000000E+0	-6.713867E-3	1.068115E-2	7.934570E-3
60.6406	2.441406E-3	3.051758E-4	1.037598E-2	7.324219E-3
60.6562	4.577637E-3	-7.934570E-3	1.037598E-2	7.324219E-3
60.6562	8.544922E-3	-4.882812E-3	1.068115E-2	7.934570E-3
60.6718	-1.220703E-3	-5.187988E-3	1.068115E-2	7.324219E-3
60.6875	6.103516E-3	-5.493164E-3	1.068115E-2	7.629395E-3
60.6875	5.493164E-3	-2.136230E-3	1.037598E-2	7.934570E-3
60.7031	8.544922E-3	-2.441406E-3	1.098633E-2	7.629395E-3
60.7187	6.103516E-4	1.220703E-3	1.098633E-2	8.239746E-3
60.7187	5.493164E-3	-3.967285E-3	1.068115E-2	7.629395E-3
60.7343	3.967285E-3	-3.356934E-3	1.068115E-2	7.934570E-3
60.75	2.136230E-3	-1.220703E-3	1.007080E-2	7.934570E-3
60.75	5.187988E-3	-1.159668E-2	1.098633E-2	8.239746E-3
60.7656	7.324219E-3	-5.798340E-3	1.037598E-2	8.239746E-3
60.7656	5.493164E-3	-6.408691E-3	1.037598E-2	7.934570E-3
60.7812	5.798340E-3	-5.798340E-3	1.098633E-2	7.629395E-3
60.7968	2.441406E-3	-3.662109E-3	1.068115E-2	7.629395E-3
60.7968	8.850098E-3	3.051758E-4	1.098633E-2	8.239746E-3
60.8125	3.356934E-3	-6.713867E-3	1.037598E-2	7.934570E-3
60.8125	9.155273E-4	-7.934570E-3	1.068115E-2	7.934570E-3
60.8281	8.544922E-3	-3.967285E-3	1.037598E-2	7.934570E-3
60.8437	5.798340E-3	-6.103516E-4	1.007080E-2	7.934570E-3
60.8437	2.136230E-3	-5.798340E-3	1.068115E-2	7.629395E-3
60.8593	2.441406E-3	-2.441406E-3	1.068115E-2	7.324219E-3
60.875	-3.662109E-3	-1.220703E-3	1.037598E-2	7.629395E-3
60.875	5.493164E-3	-1.220703E-3	1.037598E-2	7.934570E-3
60.8906	8.239746E-3	-2.746582E-3	1.129150E-2	7.629395E-3
60.9062	2.441406E-3	-2.441406E-3	1.098633E-2	8.239746E-3
60.9062	8.544922E-3	-4.577637E-3	1.068115E-2	7.324219E-3
60.9218	6.103516E-3	0.000000E+0	1.037598E-2	8.239746E-3
60.9375	-6.103516E-4	-1.098633E-2	1.068115E-2	7.324219E-3
60.9375	1.831055E-3	0.000000E+0	1.037598E-2	7.934570E-3
60.9531	5.798340E-3	-5.493164E-3	1.068115E-2	7.934570E-3
60.9687	4.882812E-3	-6.408691E-3	1.007080E-2	7.629395E-3
60.9687	4.882812E-3	-3.051758E-4	1.068115E-2	7.629395E-3
60.9843	1.831055E-3	0.000000E+0	1.068115E-2	7.629395E-3
60.9843	5.187988E-3	-1.007080E-2	1.129150E-2	7.629395E-3
61.0	5.187988E-3	-5.187988E-3	1.007080E-2	7.629395E-3
61.0156	-9.155273E-4	-9.155273E-4	1.007080E-2	8.239746E-3
61.0156	3.356934E-3	-6.713867E-3	1.037598E-2	7.324219E-3
61.0312	6.713867E-3	-5.187988E-3	1.037598E-2	7.629395E-3
61.0468	1.220703E-3	-3.051758E-3	1.037598E-2	7.934570E-3
61.0468	3.662109E-3	-5.798340E-3	9.765625E-3	7.629395E-3
61.0625	7.019043E-3	-3.356934E-3	1.068115E-2	7.324219E-3
61.0781	1.525879E-3	-1.525879E-3	1.068115E-2	7.629395E-3
61.0781	2.136230E-3	-7.629395E-3	1.037598E-2	7.019043E-3
61.0937	9.155273E-3	-3.662109E-3	1.129150E-2	7.629395E-3
61.1093	6.103516E-3	3.356934E-3	1.098633E-2	7.629395E-3
61.1093	5.798340E-3	-2.441406E-3	1.068115E-2	8.239746E-3
61.125	7.019043E-3	-7.324219E-3	1.068115E-2	8.239746E-3
61.125	1.220703E-3	-6.103516E-3	1.098633E-2	8.239746E-3
