November 24, 2009 14:09
629a03
H:\20091124-sws11-ls\traj\LS_p33_d80_vp20_vd20.traj
lateral amplification = 100
normal amp = 500
pitch angle = -4
roll angle = 130
cantilever = 629a03
sample = sws11
<data>
time	voltageForceLateral	voltageForceNormal	voltagePositionX	voltagePositionY
69.8437	-8.911133E-2	-2.355957E-1	7.934570E-3	5.187988E-3
69.8437	-9.796143E-2	-2.606201E-1	7.629395E-3	4.882812E-3
69.8594	-8.666992E-2	-2.285767E-1	7.934570E-3	5.187988E-3
69.8594	-9.643555E-2	-2.310181E-1	7.629395E-3	5.187988E-3
69.875	-8.941650E-2	-2.502441E-1	7.629395E-3	5.187988E-3
69.8906	-9.307861E-2	-2.255249E-1	7.629395E-3	4.882812E-3
69.8906	-9.063721E-2	-2.453613E-1	8.239746E-3	6.103516E-3
69.9062	-8.728027E-2	-2.429199E-1	8.239746E-3	5.187988E-3
69.9219	-8.758545E-2	-2.215576E-1	7.934570E-3	5.187988E-3
69.9219	-9.582520E-2	-2.328491E-1	7.934570E-3	5.187988E-3
69.9375	-9.124756E-2	-2.182007E-1	7.629395E-3	4.577637E-3
69.9531	-9.399414E-2	-2.560425E-1	7.934570E-3	5.493164E-3
69.9531	-8.880615E-2	-2.276611E-1	7.629395E-3	5.187988E-3
69.9687	-9.185791E-2	-2.365112E-1	7.934570E-3	5.493164E-3
69.9687	-8.666992E-2	-2.484131E-1	7.324219E-3	5.187988E-3
69.9844	-8.728027E-2	-2.413940E-1	7.629395E-3	5.187988E-3
70.0	-7.965088E-2	-2.462769E-1	8.239746E-3	4.882812E-3
70.0	-8.758545E-2	-2.301025E-1	7.629395E-3	5.493164E-3
70.0156	-9.643555E-2	-2.478027E-1	7.934570E-3	5.798340E-3
70.0312	-1.004028E-1	-2.471924E-1	7.629395E-3	5.187988E-3
70.0312	-9.521484E-2	-2.432251E-1	7.324219E-3	4.882812E-3
70.0469	-9.277344E-2	-2.328491E-1	7.934570E-3	4.577637E-3
70.0469	-9.552002E-2	-2.481079E-1	7.629395E-3	5.187988E-3
70.0625	-1.000977E-1	-2.319336E-1	7.629395E-3	5.493164E-3
70.0781	-9.765625E-2	-2.490234E-1	7.934570E-3	4.882812E-3
70.0781	-9.368896E-2	-2.554321E-1	7.629395E-3	4.882812E-3
70.0937	-1.016235E-1	-2.407837E-1	7.934570E-3	4.882812E-3
70.1094	-9.185791E-2	-2.435303E-1	7.629395E-3	4.577637E-3
70.1094	-8.972168E-2	-2.313232E-1	7.324219E-3	5.187988E-3
70.125	-9.735107E-2	-2.313232E-1	7.629395E-3	5.493164E-3
70.1406	-9.399414E-2	-2.359009E-1	8.239746E-3	5.493164E-3
70.1406	-8.453369E-2	-2.328491E-1	7.934570E-3	4.882812E-3
70.1562	-8.758545E-2	-2.365112E-1	7.629395E-3	4.272461E-3
70.1719	-9.307861E-2	-2.563477E-1	7.629395E-3	5.798340E-3
70.1719	-9.399414E-2	-2.349854E-1	7.629395E-3	5.187988E-3
70.1875	-8.911133E-2	-2.404785E-1	7.324219E-3	5.187988E-3
70.2031	-9.582520E-2	-2.432251E-1	8.239746E-3	5.187988E-3
70.2031	-8.270264E-2	-2.365112E-1	7.324219E-3	4.882812E-3
70.2187	-9.704590E-2	-2.471924E-1	8.544922E-3	5.187988E-3
70.2187	-8.483887E-2	-2.371216E-1	7.324219E-3	5.187988E-3
70.2344	-9.002686E-2	-2.465820E-1	7.019043E-3	5.493164E-3
70.25	-9.765625E-2	-2.413940E-1	7.629395E-3	5.798340E-3
70.25	-9.246826E-2	-2.371216E-1	7.629395E-3	4.882812E-3
70.2656	-9.216309E-2	-2.569580E-1	7.629395E-3	4.577637E-3
70.2812	-9.338379E-2	-2.362061E-1	7.934570E-3	5.187988E-3
70.2812	-8.483887E-2	-2.258301E-1	7.934570E-3	5.493164E-3
70.2969	-8.392334E-2	-2.331543E-1	8.239746E-3	5.187988E-3
70.2969	-9.552002E-2	-2.374268E-1	7.934570E-3	5.187988E-3
70.3125	-9.002686E-2	-2.389526E-1	7.629395E-3	4.882812E-3
70.3281	-9.735107E-2	-2.389526E-1	8.544922E-3	5.798340E-3
70.3281	-9.307861E-2	-2.270508E-1	7.629395E-3	4.882812E-3
70.3437	-8.789062E-2	-2.279663E-1	7.629395E-3	5.187988E-3
70.3594	-9.704590E-2	-2.459717E-1	8.239746E-3	4.882812E-3
70.3594	-8.422852E-2	-2.432251E-1	7.629395E-3	5.493164E-3
70.375	-9.307861E-2	-2.346802E-1	7.324219E-3	5.187988E-3
70.3906	-9.033203E-2	-2.398682E-1	7.934570E-3	5.493164E-3
70.3906	-8.819580E-2	-2.285767E-1	7.934570E-3	4.882812E-3
70.4062	-8.758545E-2	-2.325439E-1	8.850098E-3	5.187988E-3
70.4219	-9.094238E-2	-2.304077E-1	7.934570E-3	5.187988E-3
70.4219	-9.246826E-2	-2.447510E-1	7.629395E-3	5.187988E-3
70.4375	-8.026123E-2	-2.273560E-1	7.934570E-3	4.882812E-3
70.4531	-8.636475E-2	-2.255249E-1	7.629395E-3	4.577637E-3
70.4531	-9.521484E-2	-2.380371E-1	7.629395E-3	4.882812E-3
70.4687	-8.758545E-2	-2.526855E-1	7.629395E-3	4.577637E-3
70.4844	-1.004028E-1	-2.420044E-1	8.239746E-3	5.798340E-3
70.4844	-8.819580E-2	-2.243042E-1	7.629395E-3	5.187988E-3
70.5	-8.789062E-2	-2.304077E-1	7.934570E-3	4.882812E-3
70.5	-8.453369E-2	-2.142334E-1	7.629395E-3	5.187988E-3
70.5156	-9.918213E-2	-2.529907E-1	7.934570E-3	5.798340E-3
70.5312	-9.033203E-2	-2.395630E-1	7.629395E-3	5.493164E-3
70.5312	-8.941650E-2	-2.398682E-1	7.934570E-3	5.798340E-3
70.5469	-9.460449E-2	-2.420044E-1	7.629395E-3	5.187988E-3
70.5625	-9.155273E-2	-2.484131E-1	8.239746E-3	5.798340E-3
70.5625	-8.758545E-2	-2.459717E-1	8.239746E-3	5.493164E-3
70.5781	-9.185791E-2	-2.420044E-1	7.934570E-3	4.882812E-3
70.5937	-9.063721E-2	-2.230835E-1	7.934570E-3	4.882812E-3
70.5937	-9.185791E-2	-2.304077E-1	7.934570E-3	4.882812E-3
70.6094	-1.034546E-1	-2.374268E-1	7.324219E-3	4.882812E-3
70.6094	-9.674072E-2	-2.493286E-1	7.934570E-3	5.187988E-3
70.625	-9.643555E-2	-2.407837E-1	8.239746E-3	4.882812E-3
70.6406	-8.666992E-2	-2.355957E-1	8.239746E-3	5.187988E-3
70.6406	-9.460449E-2	-2.398682E-1	7.324219E-3	5.798340E-3
70.6562	-9.704590E-2	-2.478027E-1	7.629395E-3	4.882812E-3
70.6562	-8.880615E-2	-2.444458E-1	7.934570E-3	5.187988E-3
70.6719	-8.422852E-2	-2.517700E-1	7.324219E-3	5.187988E-3
70.6875	-9.216309E-2	-2.484131E-1	7.629395E-3	5.493164E-3
70.6875	-9.826660E-2	-2.142334E-1	7.934570E-3	5.493164E-3
70.7031	-8.514404E-2	-2.386475E-1	8.239746E-3	5.187988E-3
70.7187	-8.758545E-2	-2.258301E-1	7.934570E-3	5.187988E-3
70.7187	-1.034546E-1	-2.288818E-1	7.934570E-3	5.187988E-3
70.7344	-9.063721E-2	-2.273560E-1	7.629395E-3	4.882812E-3
70.75	-9.033203E-2	-2.291870E-1	8.239746E-3	5.187988E-3
70.75	-9.643555E-2	-2.484131E-1	7.934570E-3	4.882812E-3
70.7656	-9.216309E-2	-2.310181E-1	1.098633E-2	5.187988E-3
70.7812	-9.002686E-2	-2.426147E-1	3.387451E-2	4.272461E-3
70.7812	-9.643555E-2	-2.508545E-1	4.791260E-2	4.882812E-3
70.7969	-9.063721E-2	-2.673340E-1	7.141113E-2	5.493164E-3
70.8125	-8.728027E-2	-2.676392E-1	9.582520E-2	4.577637E-3
70.8125	-9.918213E-2	-2.810669E-1	1.092529E-1	4.882812E-3
70.8281	-9.613037E-2	-2.615356E-1	1.336670E-1	4.577637E-3
70.8437	-9.704590E-2	-2.764893E-1	1.538086E-1	5.187988E-3
70.8437	-8.789062E-2	-3.030396E-1	1.696777E-1	5.493164E-3
70.8594	-9.887695E-2	-2.749634E-1	1.928711E-1	5.187988E-3
70.8594	-9.643555E-2	-3.027344E-1	2.154541E-1	5.493164E-3
70.875	-9.796143E-2	-3.039551E-1	2.291870E-1	5.187988E-3
70.8906	-9.765625E-2	-3.164673E-1	2.526855E-1	5.187988E-3
70.8906	-1.022339E-1	-3.161621E-1	2.761841E-1	4.882812E-3
70.9062	-1.058960E-1	-3.356934E-1	2.890015E-1	4.577637E-3
70.9219	-1.034546E-1	-3.366089E-1	3.125000E-1	5.493164E-3
70.9219	-9.521484E-2	-3.308105E-1	3.329468E-1	5.493164E-3
70.9375	-1.046753E-1	-3.570557E-1	3.485107E-1	5.493164E-3
70.9531	-1.031494E-1	-3.656006E-1	3.717041E-1	4.882812E-3
70.9531	-1.055908E-1	-3.732300E-1	3.958130E-1	5.187988E-3
70.9687	-1.089478E-1	-3.668213E-1	4.086304E-1	4.882812E-3
70.9687	-1.019287E-1	-3.823853E-1	4.312134E-1	5.187988E-3
70.9844	-9.765625E-2	-3.771973E-1	4.562378E-1	5.187988E-3
71.0	-1.025391E-1	-4.040527E-1	4.678345E-1	5.187988E-3
71.0	-1.043701E-1	-4.110718E-1	4.928589E-1	5.187988E-3
71.0156	-1.013184E-1	-4.043579E-1	5.151367E-1	5.493164E-3
71.0312	-1.065063E-1	-4.211426E-1	5.279541E-1	4.577637E-3
71.0312	-1.113892E-1	-4.226685E-1	5.517578E-1	5.187988E-3
71.0469	-1.040649E-1	-4.199219E-1	5.718994E-1	5.187988E-3
71.0469	-1.107788E-1	-4.589844E-1	5.880737E-1	5.493164E-3
71.0625	-1.046753E-1	-4.360962E-1	6.097412E-1	5.187988E-3
71.0781	-1.052856E-1	-4.650879E-1	6.347656E-1	4.882812E-3
71.0781	-1.101685E-1	-4.708862E-1	6.481934E-1	4.882812E-3
71.0937	-1.138306E-1	-4.833984E-1	6.726074E-1	4.882812E-3
71.1094	-1.138306E-1	-4.800415E-1	6.945801E-1	5.187988E-3
71.1094	-1.049805E-1	-4.684448E-1	7.077026E-1	5.798340E-3
71.125	-1.107788E-1	-5.004883E-1	7.315063E-1	5.187988E-3
71.1406	-1.089478E-1	-4.852295E-1	7.528687E-1	4.882812E-3
71.1406	-1.119995E-1	-5.084229E-1	7.733154E-1	5.187988E-3
71.1562	-1.135254E-1	-5.123901E-1	7.870483E-1	5.493164E-3
71.1719	-1.113892E-1	-5.279541E-1	8.108521E-1	4.882812E-3
71.1719	-1.043701E-1	-5.307007E-1	8.340454E-1	5.493164E-3
71.1875	-1.126099E-1	-5.569458E-1	8.465576E-1	4.882812E-3
71.2031	-1.089478E-1	-5.361938E-1	8.706665E-1	4.882812E-3
71.2031	-1.089478E-1	-5.545044E-1	8.935547E-1	5.187988E-3
71.2187	-1.116943E-1	-5.480957E-1	9.069824E-1	5.187988E-3
71.2187	-1.071167E-1	-5.734253E-1	9.289551E-1	5.187988E-3
71.2344	-1.177979E-1	-5.810547E-1	9.536743E-1	5.493164E-3
71.25	-1.220703E-1	-5.947876E-1	9.652710E-1	5.187988E-3
71.25	-1.177979E-1	-5.963135E-1	9.902954E-1	4.882812E-3
71.2656	-1.113892E-1	-6.015015E-1	1.013184E+0	5.493164E-3
71.2812	-1.168823E-1	-6.051636E-1	1.026306E+0	5.187988E-3
71.2812	-1.205444E-1	-6.188965E-1	1.049805E+0	4.882812E-3
71.2969	-1.126099E-1	-6.329346E-1	1.069031E+0	4.577637E-3
71.2969	-1.177979E-1	-6.231689E-1	1.085815E+0	5.187988E-3
71.3125	-1.211548E-1	-6.271362E-1	1.109314E+0	4.882812E-3
71.3281	-1.156616E-1	-6.488037E-1	1.132507E+0	5.493164E-3
71.3281	-1.217651E-1	-6.597900E-1	1.145325E+0	5.493164E-3
71.3437	-1.171875E-1	-6.805420E-1	1.170044E+0	5.187988E-3
71.3594	-1.184082E-1	-6.817627E-1	1.192932E+0	6.103516E-3
71.3594	-1.214600E-1	-6.878662E-1	1.205139E+0	4.882812E-3
71.375	-1.239014E-1	-6.845093E-1	1.229858E+0	5.493164E-3
71.3906	-1.275635E-1	-6.857300E-1	1.242065E+0	5.493164E-3
71.3906	-1.266479E-1	-6.924438E-1	1.262512E+0	5.798340E-3
71.4062	-1.193237E-1	-7.122803E-1	1.285095E+0	5.493164E-3
71.4219	-1.208496E-1	-7.299805E-1	1.312256E+0	4.882812E-3
71.4219	-1.293945E-1	-7.223511E-1	1.324768E+0	5.798340E-3
71.4375	-1.287842E-1	-7.501221E-1	1.347046E+0	6.713867E-3
71.4531	-1.153564E-1	-7.467651E-1	1.371460E+0	5.187988E-3
71.4531	-1.321411E-1	-7.635498E-1	1.384583E+0	5.493164E-3
71.4687	-1.223755E-1	-7.537842E-1	1.408997E+0	4.577637E-3
71.4844	-1.300049E-1	-7.769775E-1	1.431274E+0	5.493164E-3
71.4844	-1.190186E-1	-7.876587E-1	1.445007E+0	5.493164E-3
71.5	-1.263428E-1	-7.897949E-1	1.468201E+0	5.493164E-3
71.5	-1.303101E-1	-8.105469E-1	1.488037E+0	5.187988E-3
71.5156	-1.361084E-1	-8.145142E-1	1.504211E+0	5.187988E-3
71.5312	-1.251221E-1	-8.312988E-1	1.528320E+0	5.187988E-3
71.5312	-1.266479E-1	-8.306885E-1	1.551514E+0	5.187988E-3
71.5469	-1.321411E-1	-8.309937E-1	1.563416E+0	5.187988E-3
71.5625	-1.345825E-1	-8.609009E-1	1.588440E+0	5.798340E-3
71.5625	-1.367187E-1	-8.584595E-1	1.610718E+0	5.187988E-3
71.5781	-1.358032E-1	-8.657837E-1	1.623230E+0	5.493164E-3
71.5937	-1.330566E-1	-9.014893E-1	1.645203E+0	5.187988E-3
71.5937	-1.348877E-1	-8.746338E-1	1.669922E+0	5.798340E-3
71.6094	-1.330566E-1	-9.170532E-1	1.683044E+0	5.187988E-3
71.6094	-1.324463E-1	-9.066772E-1	1.707153E+0	5.493164E-3
71.625	-1.321411E-1	-9.167480E-1	1.723328E+0	5.187988E-3
71.6406	-1.434326E-1	-9.207153E-1	1.744080E+0	5.493164E-3
71.6406	-1.492310E-1	-9.515381E-1	1.762085E+0	4.577637E-3
71.6562	-1.397705E-1	-9.506226E-1	1.782837E+0	4.882812E-3
71.6719	-1.351929E-1	-9.478760E-1	1.809692E+0	5.187988E-3
71.6719	-1.385498E-1	-9.567261E-1	1.821899E+0	5.798340E-3
71.6875	-1.406860E-1	-9.796143E-1	1.843872E+0	5.187988E-3
71.7031	-1.388550E-1	-9.887695E-1	1.869507E+0	5.493164E-3
71.7031	-1.358032E-1	-9.805298E-1	1.881409E+0	5.493164E-3
71.7187	-1.397705E-1	-1.022949E+0	1.906738E+0	5.187988E-3
71.7344	-1.434326E-1	-1.032104E+0	1.929016E+0	5.798340E-3
71.7344	-1.443481E-1	-1.019287E+0	1.942139E+0	5.493164E-3
71.75	-1.473999E-1	-1.043701E+0	1.965942E+0	4.882812E-3
71.75	-1.461792E-1	-1.023254E+0	1.984558E+0	4.577637E-3
71.7656	-1.422119E-1	-1.060486E+0	2.001343E+0	5.798340E-3
71.7812	-1.400757E-1	-1.055603E+0	2.025452E+0	4.577637E-3
71.7812	-1.492310E-1	-1.078491E+0	2.048645E+0	4.882812E-3
71.7969	-1.531982E-1	-1.070557E+0	2.061157E+0	5.187988E-3
71.8125	-1.562500E-1	-1.091614E+0	2.085571E+0	5.493164E-3
71.8125	-1.440430E-1	-1.114197E+0	2.108459E+0	5.187988E-3
71.8281	-1.473999E-1	-1.113281E+0	2.120972E+0	4.577637E-3
71.8437	-1.535034E-1	-1.133118E+0	2.142334E+0	4.882812E-3
71.8437	-1.477051E-1	-1.134033E+0	2.167358E+0	5.493164E-3
71.8594	-1.498413E-1	-1.167297E+0	2.180786E+0	5.187988E-3
71.8594	-1.593018E-1	-1.161194E+0	2.204895E+0	5.187988E-3
71.875	-1.553345E-1	-1.193542E+0	2.220459E+0	5.187988E-3
71.8906	-1.593018E-1	-1.174011E+0	2.240906E+0	5.187988E-3
71.8906	-1.510620E-1	-1.199951E+0	2.260132E+0	5.798340E-3
71.9062	-1.608276E-1	-1.218872E+0	2.287598E+0	5.493164E-3
71.9062	-1.589966E-1	-1.199951E+0	2.300110E+0	5.798340E-3
71.9219	-1.556396E-1	-1.246948E+0	2.324219E+0	5.493164E-3
71.9375	-1.586914E-1	-1.241760E+0	2.347717E+0	5.187988E-3
71.9375	-1.672363E-1	-1.247864E+0	2.359924E+0	5.493164E-3
71.9531	-1.684570E-1	-1.275024E+0	2.383118E+0	4.577637E-3
71.9687	-1.586914E-1	-1.279602E+0	2.404175E+0	4.882812E-3
71.9687	-1.602173E-1	-1.301575E+0	2.419739E+0	5.493164E-3
71.9844	-1.562500E-1	-1.295166E+0	2.443848E+0	5.187988E-3
72.0	-1.672363E-1	-1.326599E+0	2.465820E+0	4.882812E-3
72.0	-1.687622E-1	-1.331482E+0	2.478943E+0	4.882812E-3
72.0156	-1.687622E-1	-1.349792E+0	2.502136E+0	4.882812E-3
72.0312	-1.638794E-1	-1.354065E+0	2.526245E+0	5.187988E-3
72.0312	-1.773071E-1	-1.366577E+0	2.538757E+0	4.882812E-3
72.0469	-1.791382E-1	-1.383972E+0	2.561340E+0	4.882812E-3
72.0625	-1.696777E-1	-1.403503E+0	2.586365E+0	5.493164E-3
72.0625	-1.718140E-1	-1.401367E+0	2.598877E+0	5.187988E-3
72.0781	-1.806641E-1	-1.423340E+0	2.622681E+0	4.882812E-3
72.0937	-1.806641E-1	-1.436768E+0	2.641907E+0	5.187988E-3
72.0937	-1.690674E-1	-1.434326E+0	2.657776E+0	4.577637E-3
72.1094	-1.696777E-1	-1.478271E+0	2.680664E+0	5.187988E-3
72.1094	-1.730347E-1	-1.475830E+0	2.705383E+0	5.187988E-3
72.125	-1.809692E-1	-1.484680E+0	2.717590E+0	5.493164E-3
72.1406	-1.806641E-1	-1.528320E+0	2.742615E+0	5.187988E-3
72.1406	-1.837158E-1	-1.520691E+0	2.764282E+0	5.187988E-3
72.1562	-1.776123E-1	-1.553650E+0	2.777100E+0	5.187988E-3
72.1719	-1.718140E-1	-1.656799E+0	2.801208E+0	5.493164E-3
72.1719	-1.766968E-1	-1.491394E+0	2.821655E+0	5.798340E-3
72.1875	-1.809692E-1	-1.442566E+0	2.837219E+0	5.187988E-3
72.2031	-1.797485E-1	-1.296692E+0	2.860107E+0	5.493164E-3
72.2031	-1.727295E-1	-1.173706E+0	2.884827E+0	5.187988E-3
72.2187	-1.873779E-1	-1.077271E+0	2.897034E+0	5.187988E-3
72.2187	-1.602173E-1	-9.396362E-1	2.919922E+0	5.187988E-3
72.2344	-1.773071E-1	-8.050537E-1	2.944031E+0	4.882812E-3
72.25	-1.638794E-1	-7.205200E-1	2.956543E+0	5.493164E-3
72.25	-1.788330E-1	-5.944824E-1	2.981262E+0	5.187988E-3
72.2656	-1.663208E-1	-4.348755E-1	3.003235E+0	5.493164E-3
72.2812	-1.763916E-1	-3.784180E-1	3.015747E+0	5.493164E-3
72.2812	-1.657104E-1	-1.937866E-1	3.040161E+0	5.493164E-3
72.2969	-1.629639E-1	-1.263428E-1	3.061523E+0	4.882812E-3
72.2969	-1.580811E-1	-3.204346E-2	3.077393E+0	6.103516E-3
72.3125	-1.660156E-1	1.220703E-1	3.100586E+0	4.882812E-3
72.3281	-1.647949E-1	2.749634E-1	3.124084E+0	5.493164E-3
72.3281	-1.568604E-1	3.524780E-1	3.135986E+0	4.882812E-3
72.3437	-1.608276E-1	5.090332E-1	3.160400E+0	5.187988E-3
72.3594	-1.614380E-1	6.231689E-1	3.182983E+0	5.493164E-3
72.3594	-1.586914E-1	7.089233E-1	3.195801E+0	5.493164E-3
72.375	-1.498413E-1	8.517456E-1	3.219604E+0	5.187988E-3
72.3906	-1.525879E-1	9.875488E-1	3.243103E+0	5.187988E-3
72.3906	-1.416016E-1	1.047668E+0	3.255005E+0	4.882812E-3
72.4062	-1.586914E-1	1.205444E+0	3.279724E+0	5.187988E-3
72.4219	-1.519775E-1	1.288147E+0	3.291626E+0	5.798340E-3
72.4219	-1.748657E-1	1.276245E+0	3.288574E+0	2.349854E-2
72.4375	-2.008057E-1	1.228027E+0	3.285828E+0	4.394531E-2
72.4531	-2.200317E-1	1.184387E+0	3.282166E+0	6.317139E-2
72.4531	-2.404785E-1	1.185303E+0	3.280334E+0	8.148193E-2
72.4687	-2.786255E-1	1.153259E+0	3.276672E+0	1.037598E-1
72.4844	-2.911377E-1	1.133118E+0	3.274231E+0	1.232910E-1
72.4844	-3.164673E-1	1.125488E+0	3.272095E+0	1.428223E-1
72.5	-3.439331E-1	1.083374E+0	3.268738E+0	1.629639E-1
72.5	-3.631592E-1	1.040955E+0	3.265381E+0	1.818848E-1
72.5156	-3.863525E-1	1.023254E+0	3.263245E+0	2.020264E-1
72.5312	-4.125977E-1	9.887695E-1	3.259888E+0	2.218628E-1
72.5312	-4.367065E-1	9.927368E-1	3.256836E+0	2.429199E-1
72.5469	-4.437256E-1	9.436035E-1	3.255310E+0	2.612305E-1
72.5625	-4.898071E-1	9.078979E-1	3.251648E+0	2.822876E-1
72.5625	-4.852295E-1	8.786011E-1	3.248596E+0	3.024292E-1
72.5781	-5.194092E-1	8.935547E-1	3.246460E+0	3.207397E-1
72.5937	-5.392456E-1	8.367920E-1	3.243713E+0	3.421021E-1
72.5937	-5.682373E-1	7.952881E-1	3.240356E+0	3.610229E-1
72.6094	-5.709839E-1	7.913208E-1	3.238220E+0	3.799438E-1
72.6094	-6.109619E-1	7.336426E-1	3.234863E+0	4.006958E-1
72.625	-6.262207E-1	7.321167E-1	3.233032E+0	4.190063E-1
72.6406	-6.582642E-1	6.967163E-1	3.229980E+0	4.403687E-1
72.6406	-6.774902E-1	6.518555E-1	3.226318E+0	4.611206E-1
72.6562	-7.009888E-1	6.112671E-1	3.222961E+0	4.791260E-1
72.6562	-7.199097E-1	5.929565E-1	3.221130E+0	4.983521E-1
72.6719	-7.293701E-1	5.578613E-1	3.218689E+0	5.200195E-1
72.6875	-7.757568E-1	5.480957E-1	3.214722E+0	5.398560E-1
72.6875	-7.723999E-1	5.191040E-1	3.213196E+0	5.590820E-1
72.7031	-8.193970E-1	4.501343E-1	3.209839E+0	5.786133E-1
72.7187	-8.374023E-1	4.281616E-1	3.206787E+0	5.975342E-1
72.7187	-8.697510E-1	4.019165E-1	3.204651E+0	6.179810E-1
72.7344	-8.758545E-1	3.659058E-1	3.201904E+0	6.384277E-1
72.75	-9.158325E-1	3.103638E-1	3.198547E+0	6.588745E-1
72.75	-9.237671E-1	3.182983E-1	3.196716E+0	6.768799E-1
72.7656	-9.735107E-1	2.713013E-1	3.193665E+0	6.979370E-1
72.7812	-9.777832E-1	2.484131E-1	3.190308E+0	7.177734E-1
72.7812	-1.009827E+0	2.172852E-1	3.188477E+0	7.366943E-1
72.7969	-1.033020E+0	1.776123E-1	3.184814E+0	7.577515E-1
72.8125	-1.058960E+0	1.440430E-1	3.181152E+0	7.760620E-1
72.8125	-1.081238E+0	1.034546E-1	3.180542E+0	7.952881E-1
72.8281	-1.109924E+0	7.232666E-2	3.176880E+0	8.166504E-1
72.8437	-1.131897E+0	3.631592E-2	3.173523E+0	8.355713E-1
72.8437	-1.157227E+0	3.051758E-4	3.171387E+0	8.557129E-1
72.8594	-1.194153E+0	-3.295898E-2	3.167725E+0	8.761597E-1
72.8594	-1.206970E+0	-5.737305E-2	3.165283E+0	8.956909E-1
72.875	-1.245422E+0	-1.037598E-1	3.162842E+0	9.143066E-1
72.8906	-1.255188E+0	-1.635742E-1	3.159180E+0	9.365845E-1
72.8906	-1.292114E+0	-1.788330E-1	3.156128E+0	9.555054E-1
72.9062	-1.315613E+0	-2.014160E-1	3.154602E+0	9.735107E-1
72.9219	-1.347656E+0	-2.099609E-1	3.151550E+0	9.948730E-1
72.9219	-1.361389E+0	-2.725220E-1	3.148804E+0	1.014404E+0
72.9375	-1.410522E+0	-3.213501E-1	3.146362E+0	1.033936E+0
72.9531	-1.427002E+0	-3.723145E-1	3.143005E+0	1.054382E+0
72.9531	-1.463928E+0	-3.942871E-1	3.139954E+0	1.073608E+0
72.9687	-1.482239E+0	-4.006958E-1	3.138428E+0	1.093445E+0
72.9687	-1.522217E+0	-4.452515E-1	3.134460E+0	1.113586E+0
72.9844	-1.549072E+0	-4.934692E-1	3.131104E+0	1.133728E+0
73.0	-1.567993E+0	-5.230713E-1	3.130188E+0	1.151733E+0
73.0	-1.606750E+0	-5.606079E-1	3.126526E+0	1.173706E+0
73.0156	-1.614380E+0	-6.024170E-1	3.122864E+0	1.192627E+0
73.0312	-1.660767E+0	-6.091309E-1	3.121033E+0	1.211243E+0
73.0312	-1.681213E+0	-6.585693E-1	3.117981E+0	1.232910E+0
73.0469	-1.715698E+0	-7.049561E-1	3.115845E+0	1.252136E+0
73.0469	-1.745605E+0	-7.440186E-1	3.113098E+0	1.271667E+0
73.0625	-1.772156E+0	-7.800293E-1	3.110046E+0	1.291809E+0
73.0781	-1.806335E+0	-8.117676E-1	3.106995E+0	1.311646E+0
73.0781	-1.831665E+0	-8.584595E-1	3.105469E+0	1.330261E+0
73.0937	-1.854248E+0	-8.972168E-1	3.101807E+0	1.351929E+0
73.1094	-1.890869E+0	-9.045410E-1	3.098755E+0	1.371155E+0
73.1094	-1.906128E+0	-9.631348E-1	3.096313E+0	1.389771E+0
73.125	-1.938171E+0	-9.790039E-1	3.092651E+0	1.411133E+0
73.1406	-1.970215E+0	-1.048889E+0	3.090515E+0	1.430969E+0
73.1406	-2.015076E+0	-1.083069E+0	3.087769E+0	1.449890E+0
73.1562	-2.022400E+0	-1.111755E+0	3.084717E+0	1.468506E+0
73.1719	-2.065430E+0	-1.135559E+0	3.081665E+0	1.489258E+0
73.1719	-2.092285E+0	-1.169739E+0	3.079224E+0	1.509399E+0
73.1875	-2.128601E+0	-1.201477E+0	3.077087E+0	1.529236E+0
73.2031	-2.144470E+0	-1.250916E+0	3.073730E+0	1.549988E+0
73.2031	-2.195435E+0	-1.311951E+0	3.070374E+0	1.569214E+0
73.2187	-2.203064E+0	-1.286316E+0	3.068542E+0	1.587524E+0
73.2187	-2.145996E+0	-1.308899E+0	3.066406E+0	1.608276E+0
73.2344	-1.862488E+0	-1.113586E+0	3.062439E+0	1.628418E+0
73.25	-1.736450E+0	-1.047363E+0	3.061218E+0	1.647339E+0
73.25	-1.740112E+0	-1.049194E+0	3.056946E+0	1.669006E+0
73.2656	-1.738892E+0	-1.094055E+0	3.053894E+0	1.686707E+0
73.2812	-1.786804E+0	-1.094666E+0	3.052368E+0	1.705627E+0
73.2812	-1.801453E+0	-1.143188E+0	3.048706E+0	1.727905E+0
73.2969	-1.819458E+0	-1.173706E+0	3.045654E+0	1.746826E+0
73.2969	-1.711731E+0	-1.130676E+0	3.043518E+0	1.765747E+0
73.3125	-1.649475E+0	-1.099243E+0	3.040771E+0	1.786194E+0
73.3281	-1.587830E+0	-1.071472E+0	3.037415E+0	1.806030E+0
73.3281	-1.518555E+0	-1.027222E+0	3.035889E+0	1.825256E+0
73.3437	-1.524963E+0	-1.045837E+0	3.032227E+0	1.845703E+0
73.3594	-1.570129E+0	-1.086731E+0	3.028564E+0	1.865540E+0
73.3594	-1.593933E+0	-1.128540E+0	3.027344E+0	1.884155E+0
73.375	-1.630249E+0	-1.175232E+0	3.023987E+0	1.905518E+0
73.3906	-1.664734E+0	-1.199341E+0	3.020630E+0	1.925049E+0
73.3906	-1.672363E+0	-1.221924E+0	3.018799E+0	1.943665E+0
73.4062	-1.726379E+0	-1.274109E+0	3.015442E+0	1.965027E+0
73.4219	-1.734009E+0	-1.285706E+0	3.012390E+0	1.984863E+0
73.4219	-1.774902E+0	-1.351013E+0	3.009949E+0	2.004395E+0
73.4375	-1.786194E+0	-1.363220E+0	3.007507E+0	2.022705E+0
73.4531	-1.817932E+0	-1.400452E+0	3.004456E+0	2.044067E+0
73.4531	-1.847534E+0	-1.441345E+0	3.001709E+0	2.062988E+0
73.4687	-1.868591E+0	-1.449280E+0	2.999573E+0	2.083435E+0
73.4687	-1.863098E+0	-1.473389E+0	2.996216E+0	2.102661E+0
73.4844	-1.681213E+0	-1.370544E+0	2.992554E+0	2.123108E+0
73.5	-1.624146E+0	-1.355591E+0	2.991028E+0	2.140808E+0
73.5	-1.535950E+0	-1.293640E+0	2.988281E+0	2.162781E+0
73.5156	-1.515198E+0	-1.318665E+0	2.984924E+0	2.182617E+0
73.5312	-1.529846E+0	-1.313171E+0	2.982788E+0	2.200317E+0
73.5312	-1.570435E+0	-1.380920E+0	2.979431E+0	2.221985E+0
73.5469	-1.594238E+0	-1.388855E+0	2.976990E+0	2.241211E+0
73.5469	-1.621094E+0	-1.422424E+0	2.975159E+0	2.260437E+0
73.5625	-1.661682E+0	-1.458740E+0	2.971497E+0	2.282104E+0
73.5781	-1.686096E+0	-1.520996E+0	2.967529E+0	2.300415E+0
73.5781	-1.714172E+0	-1.535339E+0	2.965698E+0	2.319031E+0
73.5937	-1.750183E+0	-1.578064E+0	2.963562E+0	2.340698E+0
73.6094	-1.773376E+0	-1.600952E+0	2.960510E+0	2.359619E+0
73.6094	-1.782837E+0	-1.600342E+0	2.957764E+0	2.380371E+0
73.625	-1.664124E+0	-1.549072E+0	2.954407E+0	2.399902E+0
73.6406	-1.554565E+0	-1.514282E+0	2.952271E+0	2.419434E+0
73.6406	-1.521606E+0	-1.509705E+0	2.950439E+0	2.437439E+0
73.6562	-1.557617E+0	-1.523437E+0	2.946777E+0	2.460327E+0
73.6719	-1.586609E+0	-1.557312E+0	2.942810E+0	2.480164E+0
73.6719	-1.607361E+0	-1.597900E+0	2.940979E+0	2.498169E+0
73.6875	-1.650085E+0	-1.636963E+0	2.938232E+0	2.517700E+0
73.7031	-1.632385E+0	-1.644897E+0	2.935791E+0	2.537842E+0
73.7031	-1.628723E+0	-1.662903E+0	2.932739E+0	2.557068E+0
73.7187	-1.615601E+0	-1.667480E+0	2.929382E+0	2.578430E+0
73.7344	-1.427917E+0	-1.573181E+0	2.926331E+0	2.597656E+0
73.7344	-1.376953E+0	-1.546326E+0	2.925415E+0	2.615967E+0
73.75	-1.309509E+0	-1.545105E+0	2.921753E+0	2.637024E+0
73.75	-1.335754E+0	-1.556396E+0	2.918396E+0	2.657166E+0
73.7656	-1.333313E+0	-1.582031E+0	2.915955E+0	2.676392E+0
73.7812	-1.334229E+0	-1.593323E+0	2.913208E+0	2.697449E+0
73.7812	-1.339111E+0	-1.609497E+0	2.909851E+0	2.716064E+0
73.7969	-1.354980E+0	-1.644287E+0	2.907715E+0	2.734985E+0
73.8125	-1.376953E+0	-1.655273E+0	2.904358E+0	2.756348E+0
73.8125	-1.390991E+0	-1.669922E+0	2.901001E+0	2.776184E+0
73.8281	-1.416626E+0	-1.693115E+0	2.900391E+0	2.794189E+0
73.8437	-1.430054E+0	-1.741943E+0	2.897034E+0	2.815552E+0
73.8437	-1.474304E+0	-1.775818E+0	2.893372E+0	2.835388E+0
73.8594	-1.465759E+0	-1.773682E+0	2.891235E+0	2.853088E+0
73.8594	-1.514282E+0	-1.816711E+0	2.887573E+0	2.875061E+0
73.875	-1.531677E+0	-1.839294E+0	2.886047E+0	2.893677E+0
73.8906	-1.564941E+0	-1.866150E+0	2.883606E+0	2.913818E+0
73.8906	-1.569519E+0	-1.900635E+0	2.879639E+0	2.933960E+0
73.9062	-1.599121E+0	-1.942444E+0	2.876587E+0	2.953186E+0
73.9062	-1.608276E+0	-1.955872E+0	2.873535E+0	2.973022E+0
73.9219	-1.647034E+0	-1.978149E+0	2.871704E+0	2.993774E+0
73.9375	-1.679687E+0	-2.043152E+0	2.868347E+0	3.012695E+0
73.9375	-1.696777E+0	-2.045593E+0	2.866516E+0	3.031616E+0
73.9531	-1.743774E+0	-2.099304E+0	2.863159E+0	3.052673E+0
73.9687	-1.761780E+0	-2.115173E+0	2.860718E+0	3.072510E+0
73.9687	-1.809692E+0	-2.156982E+0	2.858582E+0	3.092041E+0
73.9844	-1.821899E+0	-2.195435E+0	2.854919E+0	3.111877E+0
74.0	-1.853943E+0	-2.232361E+0	2.850952E+0	3.131714E+0
74.0	-1.853027E+0	-2.219849E+0	2.849731E+0	3.150330E+0
74.0156	-1.432495E+0	-1.985779E+0	2.846985E+0	3.171692E+0
74.0312	-1.369019E+0	-1.988220E+0	2.843323E+0	3.190918E+0
74.0312	-1.398315E+0	-2.023010E+0	2.841797E+0	3.209839E+0
74.0469	-1.432800E+0	-2.044373E+0	2.838135E+0	3.230896E+0
74.0625	-1.463623E+0	-2.072144E+0	2.835083E+0	3.250732E+0
74.0625	-1.473694E+0	-2.081909E+0	2.833557E+0	3.268738E+0
74.0781	-1.522217E+0	-2.122192E+0	2.829590E+0	3.290405E+0
74.0937	-1.530457E+0	-2.154846E+0	2.827454E+0	3.308411E+0
74.0937	-1.556091E+0	-2.164612E+0	2.824707E+0	3.328857E+0
74.1094	-1.586914E+0	-2.212830E+0	2.821655E+0	3.348999E+0
74.1094	-1.613464E+0	-2.219238E+0	2.818604E+0	3.369141E+0
74.125	-1.624146E+0	-2.245789E+0	2.816772E+0	3.388062E+0
74.1406	-1.626282E+0	-2.270508E+0	2.812805E+0	3.409424E+0
74.1406	-1.531677E+0	-2.245789E+0	2.810364E+0	3.428345E+0
74.1562	-1.574402E+0	-2.282410E+0	2.808228E+0	3.447571E+0
74.1719	-1.592102E+0	-2.282104E+0	2.805176E+0	3.468628E+0
74.1719	-1.618042E+0	-2.331543E+0	2.801514E+0	3.487854E+0
74.1875	-1.664734E+0	-2.355652E+0	2.799683E+0	3.507080E+0
74.2031	-1.689148E+0	-2.380981E+0	2.796936E+0	3.527527E+0
74.2031	-1.717529E+0	-2.419739E+0	2.793274E+0	3.547058E+0
74.2187	-1.743774E+0	-2.425232E+0	2.791443E+0	3.565979E+0
74.2187	-1.791382E+0	-2.497253E+0	2.788086E+0	3.587036E+0
74.2344	-1.787109E+0	-2.518616E+0	2.785034E+0	3.606873E+0
74.25	-1.827087E+0	-2.544250E+0	2.783813E+0	3.624268E+0
74.25	-1.867371E+0	-2.558594E+0	2.779846E+0	3.646545E+0
74.2656	-1.896667E+0	-2.596436E+0	2.776794E+0	3.665466E+0
74.2812	-1.932983E+0	-2.625732E+0	2.775269E+0	3.684387E+0
74.2812	-1.972046E+0	-2.686157E+0	2.771301E+0	3.706055E+0
74.2969	-2.002869E+0	-2.711792E+0	2.769165E+0	3.724060E+0
74.2969	-2.042847E+0	-2.742004E+0	2.766418E+0	3.744202E+0
74.3125	-2.073364E+0	-2.757874E+0	2.763367E+0	3.765259E+0
74.3281	-2.102051E+0	-2.808838E+0	2.760010E+0	3.784180E+0
74.3281	-2.136536E+0	-2.833862E+0	2.758484E+0	3.803711E+0
74.3437	-2.168884E+0	-2.872925E+0	2.755127E+0	3.823547E+0
74.3594	-2.218018E+0	-2.903748E+0	2.752380E+0	3.843079E+0
74.3594	-2.235413E+0	-2.939453E+0	2.749939E+0	3.862000E+0
74.375	-2.280884E+0	-2.944336E+0	2.746582E+0	3.883667E+0
74.3906	-2.304077E+0	-3.000488E+0	2.744751E+0	3.902588E+0
74.3906	-2.327576E+0	-3.011475E+0	2.742004E+0	3.919373E+0
74.4062	-2.370300E+0	-3.060913E+0	2.738953E+0	3.942261E+0
74.4219	-2.397156E+0	-3.078003E+0	2.735291E+0	3.962402E+0
74.4219	-2.416382E+0	-3.072815E+0	2.734070E+0	3.981323E+0
74.4375	-1.907349E-1	-1.576843E+0	2.731018E+0	4.002380E+0
74.4531	-1.940918E-1	-1.574707E+0	2.727051E+0	4.020691E+0
74.4531	-1.861572E-1	-1.561584E+0	2.724915E+0	4.039917E+0
74.4687	-1.855469E-1	-1.554260E+0	2.721863E+0	4.061584E+0
74.4844	-1.864624E-1	-1.542664E+0	2.719421E+0	4.080811E+0
74.4844	-1.873779E-1	-1.562195E+0	2.716980E+0	4.100342E+0
74.5	-1.852417E-1	-1.575317E+0	2.713318E+0	4.121399E+0
74.5	-1.876831E-1	-1.559143E+0	2.710266E+0	4.139404E+0
74.5156	-1.812744E-1	-1.551208E+0	2.707825E+0	4.159546E+0
74.5312	-1.913452E-1	-1.539612E+0	2.705994E+0	4.179993E+0
74.5312	-1.873779E-1	-1.563110E+0	2.702332E+0	4.198914E+0
74.5469	-1.843262E-1	-1.554871E+0	2.700195E+0	4.218445E+0
74.5625	-1.873779E-1	-1.558838E+0	2.696838E+0	4.238586E+0
74.5625	-1.815796E-1	-1.551514E+0	2.694702E+0	4.258728E+0
74.5781	-1.742554E-1	-1.560364E+0	2.691956E+0	4.277344E+0
74.5937	-1.803589E-1	-1.542664E+0	2.688293E+0	4.298706E+0
74.5937	-1.736450E-1	-1.545715E+0	2.684937E+0	4.317627E+0
74.6094	-1.779175E-1	-1.537781E+0	2.683716E+0	4.335632E+0
74.6094	-1.815796E-1	-1.540527E+0	2.680359E+0	4.356689E+0
74.625	-1.818848E-1	-1.526184E+0	2.678528E+0	4.375305E+0
74.6406	-1.858521E-1	-1.518860E+0	2.675171E+0	4.396973E+0
74.6406	-1.879883E-1	-1.531067E+0	2.672424E+0	4.416504E+0
74.6562	-1.940918E-1	-1.543579E+0	2.668457E+0	4.435425E+0
74.6562	-1.773071E-1	-1.543579E+0	2.666931E+0	4.454041E+0
74.6719	-1.806641E-1	-1.536255E+0	2.663269E+0	4.476318E+0
74.6875	-1.763916E-1	-1.528931E+0	2.660522E+0	4.495239E+0
74.6875	-1.834106E-1	-1.518250E+0	2.658386E+0	4.514465E+0
74.7031	-1.892090E-1	-1.531067E+0	2.655334E+0	4.534302E+0
74.7187	-1.861572E-1	-1.534729E+0	2.652893E+0	4.553528E+0
74.7187	-1.779175E-1	-1.541443E+0	2.650146E+0	4.573364E+0
74.7344	-1.855469E-1	-1.541138E+0	2.646790E+0	4.594421E+0
74.75	-1.821899E-1	-1.513062E+0	2.644043E+0	4.613953E+0
74.75	-1.803589E-1	-1.516418E+0	2.642212E+0	4.632874E+0
74.7656	-1.788330E-1	-1.511841E+0	2.639160E+0	4.653015E+0
74.7812	-1.834106E-1	-1.525574E+0	2.636414E+0	4.672546E+0
74.7812	-1.776123E-1	-1.517029E+0	2.633362E+0	4.690552E+0
74.7969	-1.779175E-1	-1.518860E+0	2.631226E+0	4.712524E+0
74.8125	-1.834106E-1	-1.527710E+0	2.627258E+0	4.731445E+0
74.8125	-1.858521E-1	-1.506348E+0	2.625427E+0	4.751282E+0
74.8281	-1.791382E-1	-1.515198E+0	2.622070E+0	4.771423E+0
74.8437	-1.818848E-1	-1.530151E+0	2.619324E+0	4.790955E+0
74.8437	-1.757812E-1	-1.502991E+0	2.617798E+0	4.810791E+0
74.8594	-1.864624E-1	-1.527405E+0	2.614136E+0	4.830933E+0
74.8594	-1.754761E-1	-1.499939E+0	2.611389E+0	4.849243E+0
74.875	-1.794434E-1	-1.515808E+0	2.608643E+0	4.868164E+0
74.8906	-1.739502E-1	-1.502380E+0	2.604980E+0	4.890137E+0
74.8906	-1.785278E-1	-1.512756E+0	2.602844E+0	4.909973E+0
74.9062	-1.873779E-1	-1.490479E+0	2.600708E+0	4.927979E+0
74.9219	-1.803589E-1	-1.513977E+0	2.596741E+0	4.948730E+0
74.9219	-1.815796E-1	-1.522217E+0	2.593994E+0	4.967957E+0
74.9375	-1.892090E-1	-1.501770E+0	2.592468E+0	4.987793E+0
74.9531	-1.892090E-1	-1.510010E+0	2.589111E+0	5.007935E+0
74.9531	-1.776123E-1	-1.499939E+0	2.585754E+0	5.028076E+0
74.9687	-1.840210E-1	-1.513672E+0	2.583923E+0	5.046082E+0
74.9687	-1.876831E-1	-1.505127E+0	2.580566E+0	5.066833E+0
74.9844	-1.766968E-1	-1.491394E+0	2.578125E+0	5.086365E+0
75.0	-1.892090E-1	-1.517334E+0	2.575989E+0	5.104980E+0
75.0	-1.770020E-1	-1.492310E+0	2.572021E+0	5.126648E+0
75.0156	-1.806641E-1	-1.487427E+0	2.568665E+0	5.144958E+0
75.0312	-1.815796E-1	-1.491699E+0	2.567444E+0	5.164185E+0
75.0312	-1.776123E-1	-1.511536E+0	2.564392E+0	5.184937E+0
75.0469	-1.748657E-1	-1.486511E+0	2.561340E+0	5.204773E+0
75.0469	-1.748657E-1	-1.485291E+0	2.558899E+0	5.223389E+0
75.0625	-1.843262E-1	-1.501160E+0	2.555847E+0	5.244751E+0
75.0781	-1.882935E-1	-1.492920E+0	2.552795E+0	5.263672E+0
75.0781	-1.828003E-1	-1.486206E+0	2.550354E+0	5.282288E+0
75.0937	-1.718140E-1	-1.488037E+0	2.547607E+0	5.303345E+0
75.1094	-1.754761E-1	-1.484375E+0	2.544250E+0	5.322571E+0
75.1094	-1.824951E-1	-1.488342E+0	2.541809E+0	5.340881E+0
75.125	-1.766968E-1	-1.491699E+0	2.539062E+0	5.361633E+0
75.1406	-1.831055E-1	-1.490784E+0	2.536316E+0	5.382080E+0
75.1406	-1.818848E-1	-1.493530E+0	2.532959E+0	5.401306E+0
75.1562	-1.919556E-1	-1.482544E+0	2.530823E+0	5.419922E+0
75.1719	-1.815796E-1	-1.482849E+0	2.528381E+0	5.440369E+0
75.1719	-1.818848E-1	-1.482544E+0	2.525635E+0	5.459900E+0
75.1875	-1.748657E-1	-1.472778E+0	2.523193E+0	5.480042E+0
75.2031	-1.861572E-1	-1.471558E+0	2.518616E+0	5.500488E+0
75.2031	-1.834106E-1	-1.492615E+0	2.516174E+0	5.520325E+0
75.2187	-1.843262E-1	-1.484985E+0	2.514954E+0	5.539551E+0
75.2187	-1.812744E-1	-1.493225E+0	2.512207E+0	5.558472E+0
75.2344	-1.770020E-1	-1.473083E+0	2.508240E+0	5.578308E+0
75.25	-1.855469E-1	-1.485291E+0	2.505798E+0	5.596924E+0
75.25	-1.864624E-1	-1.473694E+0	2.503052E+0	5.618896E+0
75.2656	-1.760864E-1	-1.474609E+0	2.500305E+0	5.638123E+0
75.2812	-1.837158E-1	-1.465454E+0	2.497864E+0	5.656433E+0
75.2812	-1.776123E-1	-1.461792E+0	2.494507E+0	5.676880E+0
75.2969	-1.733398E-1	-1.469116E+0	2.492065E+0	5.696716E+0
75.2969	-1.712036E-1	-1.457825E+0	2.490234E+0	5.715637E+0
75.3125	-1.733398E-1	-1.475220E+0	2.486267E+0	5.736694E+0
75.3281	-1.766968E-1	-1.461792E+0	2.483215E+0	5.755310E+0
75.3281	-1.788330E-1	-1.470642E+0	2.481384E+0	5.774536E+0
75.3437	-1.748657E-1	-1.475830E+0	2.478027E+0	5.795288E+0
75.3594	-1.800537E-1	-1.461792E+0	2.475281E+0	5.814819E+0
75.3594	-1.803589E-1	-1.459351E+0	2.473145E+0	5.833435E+0
75.375	-1.770020E-1	-1.468201E+0	2.469788E+0	5.853882E+0
75.3906	-1.739502E-1	-1.470032E+0	2.468262E+0	5.872803E+0
75.3906	-1.806641E-1	-1.456604E+0	2.465820E+0	5.891113E+0
75.4062	-1.782227E-1	-1.474915E+0	2.462769E+0	5.913391E+0
75.4219	-1.794434E-1	-1.460876E+0	2.458191E+0	5.933533E+0
75.4219	-1.828003E-1	-1.460266E+0	2.456665E+0	5.950928E+0
75.4375	-1.867676E-1	-1.471558E+0	2.453308E+0	5.971985E+0
75.4531	-1.821899E-1	-1.470032E+0	2.450256E+0	5.991211E+0
75.4531	-1.928711E-1	-1.466675E+0	2.447815E+0	6.010437E+0
75.4687	-1.742554E-1	-1.470337E+0	2.444458E+0	6.031494E+0
75.4844	-1.803589E-1	-1.444397E+0	2.441711E+0	6.050110E+0
75.4844	-1.879883E-1	-1.462097E+0	2.439880E+0	6.069336E+0
75.5	-1.779175E-1	-1.471558E+0	2.437439E+0	6.090088E+0
75.5	-1.898193E-1	-1.462708E+0	2.434082E+0	6.109619E+0
75.5156	-1.715088E-1	-1.443176E+0	2.431641E+0	6.129150E+0
75.5312	-1.791382E-1	-1.469116E+0	2.427673E+0	6.149292E+0
75.5312	-1.815796E-1	-1.443787E+0	2.425537E+0	6.168213E+0
75.5469	-1.739502E-1	-1.459045E+0	2.423096E+0	6.187134E+0
75.5625	-1.712036E-1	-1.441040E+0	2.420654E+0	6.207886E+0
75.5625	-1.770020E-1	-1.455994E+0	2.416382E+0	6.227417E+0
75.5781	-1.687622E-1	-1.448059E+0	2.414856E+0	6.245422E+0
75.5937	-1.892090E-1	-1.452026E+0	2.412109E+0	6.266785E+0
75.5937	-1.705933E-1	-1.452942E+0	2.408447E+0	6.285706E+0
75.6094	-1.846313E-1	-1.449585E+0	2.406616E+0	6.304321E+0
75.6094	-1.791382E-1	-1.456909E+0	2.403564E+0	6.326294E+0
75.625	-1.727295E-1	-1.447144E+0	2.401733E+0	6.343689E+0
75.6406	-1.834106E-1	-1.467896E+0	2.398376E+0	6.364441E+0
75.6406	-1.840210E-1	-1.440125E+0	2.396240E+0	6.384888E+0
75.6562	-1.818848E-1	-1.454468E+0	2.393188E+0	6.401672E+0
75.6719	-1.745605E-1	-1.440430E+0	2.389526E+0	6.423950E+0
75.6719	-1.864624E-1	-1.443787E+0	2.387390E+0	6.444092E+0
75.6875	-1.821899E-1	-1.438599E+0	2.384949E+0	6.462097E+0
75.7031	-1.739502E-1	-1.425171E+0	2.381287E+0	6.482849E+0
75.7031	-1.745605E-1	-1.430054E+0	2.377930E+0	6.502380E+0
75.7187	-1.708984E-1	-1.439514E+0	2.376099E+0	6.521301E+0
75.7187	-1.727295E-1	-1.438293E+0	2.373657E+0	6.542358E+0
75.7344	-1.733398E-1	-1.417847E+0	2.369690E+0	6.560364E+0
75.75	-1.770020E-1	-1.417847E+0	2.367554E+0	6.578674E+0
75.75	-1.763916E-1	-1.428223E+0	2.364807E+0	6.601257E+0
75.7656	-1.696777E-1	-1.424561E+0	2.361755E+0	6.620178E+0
75.7812	-1.803589E-1	-1.444092E+0	2.360229E+0	6.638184E+0
75.7812	-1.739502E-1	-1.432800E+0	2.356567E+0	6.659851E+0
75.7969	-1.745605E-1	-1.441040E+0	2.353516E+0	6.678162E+0
75.7969	-1.690674E-1	-1.423035E+0	2.351074E+0	6.697998E+0
75.8125	-1.864624E-1	-1.435852E+0	2.348938E+0	6.718445E+0
75.8281	-1.770020E-1	-1.429138E+0	2.345276E+0	6.738281E+0
75.8281	-1.705933E-1	-1.426697E+0	2.342834E+0	6.756592E+0
75.8437	-1.751709E-1	-1.425781E+0	2.339783E+0	6.776733E+0
75.8594	-1.751709E-1	-1.434631E+0	2.336426E+0	6.796265E+0
75.8594	-1.724243E-1	-1.411133E+0	2.334595E+0	6.815491E+0
75.875	-1.873779E-1	-1.428223E+0	2.331543E+0	6.836853E+0
75.8906	-1.794434E-1	-1.420593E+0	2.327881E+0	6.855469E+0
75.8906	-1.693726E-1	-1.412354E+0	2.325439E+0	6.874084E+0
75.9062	-1.745605E-1	-1.408386E+0	2.324524E+0	6.893616E+0
75.9219	-1.702881E-1	-1.414490E+0	2.320557E+0	6.914673E+0
75.9219	-1.708984E-1	-1.410522E+0	2.317200E+0	6.934204E+0
75.9375	-1.760864E-1	-1.429749E+0	2.315063E+0	6.952820E+0
75.9531	-1.715088E-1	-1.416931E+0	2.312012E+0	6.972961E+0
75.9531	-1.788330E-1	-1.403809E+0	2.308960E+0	6.993103E+0
75.9687	-1.782227E-1	-1.412659E+0	2.307739E+0	7.012024E+0
75.9687	-1.708984E-1	-1.421509E+0	2.303772E+0	7.032776E+0
75.9844	-1.715088E-1	-1.420593E+0	2.301025E+0	7.052307E+0
76.0	-1.660156E-1	-1.422119E+0	2.299500E+0	7.069702E+0
76.0	-1.760864E-1	-1.408081E+0	2.295837E+0	7.091370E+0
76.0156	-1.736450E-1	-1.429749E+0	2.292480E+0	7.110291E+0
76.0312	-1.763916E-1	-1.406860E+0	2.290344E+0	7.128296E+0
76.0312	-1.763916E-1	-1.427307E+0	2.287292E+0	7.150879E+0
76.0469	-1.773071E-1	-1.417847E+0	2.284546E+0	7.168579E+0
76.0469	-1.782227E-1	-1.401672E+0	2.282410E+0	7.188110E+0
76.0625	-1.770020E-1	-1.403503E+0	2.278748E+0	7.208252E+0
76.0781	-1.712036E-1	-1.398315E+0	2.275085E+0	7.228088E+0
76.0781	-1.678467E-1	-1.397705E+0	2.273560E+0	7.247009E+0
76.0937	-1.809692E-1	-1.410217E+0	2.270813E+0	7.267456E+0
76.1094	-1.718140E-1	-1.410828E+0	2.266846E+0	7.286987E+0
76.1094	-1.708984E-1	-1.415710E+0	2.265625E+0	7.305298E+0
76.125	-1.742554E-1	-1.396484E+0	2.261963E+0	7.326965E+0
76.1406	-1.760864E-1	-1.403198E+0	2.260742E+0	7.346191E+0
76.1406	-1.644897E-1	-1.391602E+0	2.258301E+0	7.363281E+0
76.1562	-1.815796E-1	-1.398926E+0	2.254639E+0	7.384644E+0
76.1719	-1.739502E-1	-1.413879E+0	2.250671E+0	7.404785E+0
76.1719	-1.684570E-1	-1.389771E+0	2.248535E+0	7.423401E+0
76.1875	-1.730347E-1	-1.417236E+0	2.246704E+0	7.444763E+0
76.2031	-1.702881E-1	-1.387939E+0	2.242737E+0	7.463379E+0
76.2031	-1.803589E-1	-1.386719E+0	2.240906E+0	7.480774E+0
76.2187	-1.699829E-1	-1.390991E+0	2.237244E+0	7.503052E+0
76.2344	-1.702881E-1	-1.397095E+0	2.234802E+0	7.522278E+0
76.2344	-1.745605E-1	-1.384583E+0	2.232666E+0	7.541504E+0
76.25	-1.794434E-1	-1.388550E+0	2.228699E+0	7.561646E+0
76.25	-1.669312E-1	-1.393127E+0	2.225647E+0	7.580261E+0
76.2656	-1.739502E-1	-1.413574E+0	2.223206E+0	7.599487E+0
76.2812	-1.779175E-1	-1.382446E+0	2.220764E+0	7.620544E+0
76.2812	-1.776123E-1	-1.391907E+0	2.217712E+0	7.639771E+0
76.2969	-1.770020E-1	-1.389465E+0	2.215576E+0	7.657776E+0
76.3125	-1.748657E-1	-1.380310E+0	2.211914E+0	7.678833E+0
76.3125	-1.718140E-1	-1.378784E+0	2.208252E+0	7.698059E+0
76.3281	-1.727295E-1	-1.402283E+0	2.207336E+0	7.716675E+0
76.3437	-1.779175E-1	-1.391296E+0	2.204590E+0	7.738037E+0
76.3437	-1.681519E-1	-1.380920E+0	2.201233E+0	7.756653E+0
76.3594	-1.675415E-1	-1.378174E+0	2.199402E+0	7.775269E+0
76.3594	-1.846313E-1	-1.376038E+0	2.195740E+0	7.796326E+0
76.375	-1.797485E-1	-1.392822E+0	2.193909E+0	7.813721E+0
76.3906	-1.687622E-1	-1.385498E+0	2.190857E+0	7.835388E+0
76.3906	-1.721191E-1	-1.369019E+0	2.188416E+0	7.854309E+0
76.4062	-1.675415E-1	-1.365051E+0	2.185059E+0	7.874451E+0
76.4219	-1.647949E-1	-1.355896E+0	2.129822E+0	7.893982E+0
76.4219	-1.748657E-1	-1.302490E+0	2.061157E+0	7.894287E+0
76.4375	-1.629639E-1	-1.235962E+0	1.947327E+0	7.893677E+0
76.4531	-1.531982E-1	-1.176147E+0	1.813354E+0	7.893372E+0
76.4531	-1.589966E-1	-1.136475E+0	1.750488E+0	7.893982E+0
76.4687	-1.446533E-1	-1.071472E+0	1.620789E+0	7.893677E+0
76.4844	-1.348877E-1	-1.003113E+0	1.504211E+0	7.893372E+0
76.4844	-1.507568E-1	-9.774780E-1	1.439819E+0	7.893372E+0
76.5	-1.473999E-1	-9.066772E-1	1.307373E+0	7.893066E+0
76.5	-1.339722E-1	-8.743286E-1	1.206360E+0	7.893982E+0
76.5156	-1.284790E-1	-8.187866E-1	1.129150E+0	7.893372E+0
76.5312	-1.336670E-1	-7.791138E-1	1.002502E+0	7.893066E+0
76.5312	-1.272583E-1	-7.077026E-1	8.813477E-1	7.893372E+0
76.5469	-1.254272E-1	-7.000732E-1	8.184814E-1	7.892761E+0
76.5625	-1.248169E-1	-6.478882E-1	6.893921E-1	7.893372E+0
76.5625	-1.202393E-1	-5.844116E-1	5.740356E-1	7.893066E+0
76.5781	-1.184082E-1	-5.807495E-1	5.093384E-1	7.892151E+0
76.5937	-1.092529E-1	-5.038452E-1	3.936768E-1	7.892761E+0
76.5937	-1.074219E-1	-4.714966E-1	2.664185E-1	7.893372E+0
76.6094	-1.031494E-1	-4.333496E-1	2.044678E-1	7.893677E+0
76.6094	-1.031494E-1	-3.826904E-1	8.636475E-2	7.893372E+0
76.625	-1.016235E-1	-3.518677E-1	1.464844E-2	7.892761E+0
76.6406	-1.046753E-1	-3.485107E-1	1.525879E-3	7.800903E+0
76.6406	-1.049805E-1	-3.411865E-1	3.356934E-3	7.698669E+0
76.6562	-1.046753E-1	-3.512573E-1	4.577637E-3	7.606201E+0
76.6562	-1.077271E-1	-3.604126E-1	4.272461E-3	7.506714E+0
76.6719	-9.521484E-2	-3.634644E-1	5.798340E-3	7.398682E+0
76.6875	-9.613037E-2	-3.350830E-1	7.019043E-3	7.300720E+0
76.6875	-9.826660E-2	-3.515625E-1	5.493164E-3	7.206421E+0
76.7031	-1.068115E-1	-3.613281E-1	5.798340E-3	7.099915E+0
76.7187	-1.013184E-1	-3.341675E-1	6.103516E-3	7.003174E+0
76.7187	-9.735107E-2	-3.402710E-1	5.798340E-3	6.903992E+0
76.7344	-9.735107E-2	-3.280640E-1	5.798340E-3	6.802063E+0
76.75	-9.246826E-2	-3.381348E-1	6.713867E-3	6.703491E+0
76.75	-1.037598E-1	-3.417969E-1	5.798340E-3	6.607056E+0
76.7656	-1.013184E-1	-3.256226E-1	5.493164E-3	6.502075E+0
76.7812	-1.052856E-1	-3.363037E-1	6.408691E-3	6.403809E+0
76.7812	-1.049805E-1	-3.436279E-1	6.408691E-3	6.309204E+0
76.7969	-9.582520E-2	-3.234863E-1	6.713867E-3	6.202087E+0
76.8125	-9.674072E-2	-3.457642E-1	6.408691E-3	6.104126E+0
76.8125	-1.022339E-1	-3.210449E-1	6.408691E-3	6.009827E+0
76.8281	-9.552002E-2	-3.115845E-1	6.713867E-3	5.903931E+0
76.8437	-1.052856E-1	-3.390503E-1	6.713867E-3	5.805054E+0
76.8437	-1.052856E-1	-3.302002E-1	6.103516E-3	5.706787E+0
76.8594	-9.918213E-2	-3.338623E-1	6.408691E-3	5.605164E+0
76.8594	-1.000977E-1	-3.353882E-1	6.713867E-3	5.505676E+0
76.875	-9.918213E-2	-3.112793E-1	6.103516E-3	5.408630E+0
76.8906	-9.674072E-2	-3.222656E-1	7.324219E-3	5.304565E+0
76.8906	-1.034546E-1	-3.131104E-1	6.713867E-3	5.206604E+0
76.9062	-8.422852E-2	-3.063965E-1	6.103516E-3	5.108643E+0
76.9219	-1.089478E-1	-3.179932E-1	6.408691E-3	5.004578E+0
76.9219	-9.490967E-2	-3.207397E-1	6.408691E-3	4.907227E+0
76.9375	-1.013184E-1	-3.302002E-1	6.713867E-3	4.807129E+0
76.9531	-1.074219E-1	-3.158569E-1	6.103516E-3	4.705505E+0
76.9531	-9.948730E-2	-3.219604E-1	6.408691E-3	4.606323E+0
76.9687	-9.338379E-2	-3.002930E-1	5.798340E-3	4.508362E+0
76.9687	-9.063721E-2	-2.990723E-1	6.408691E-3	4.405518E+0
76.9844	-9.826660E-2	-2.996826E-1	6.713867E-3	4.305420E+0
77.0	-9.857178E-2	-3.030396E-1	6.408691E-3	4.210205E+0
77.0	-1.058960E-1	-3.137207E-1	7.324219E-3	4.105225E+0
77.0156	-9.582520E-2	-3.091431E-1	7.324219E-3	4.004822E+0
77.0312	-8.941650E-2	-3.027344E-1	7.019043E-3	3.909302E+0
77.0312	-9.552002E-2	-3.067017E-1	7.324219E-3	3.805237E+0
77.0469	-9.277344E-2	-2.899170E-1	7.324219E-3	3.706665E+0
77.0469	-8.636475E-2	-2.807617E-1	7.019043E-3	3.606873E+0
77.0625	-1.013184E-1	-2.777100E-1	7.019043E-3	3.504639E+0
77.0781	-8.972168E-2	-2.841187E-1	7.324219E-3	3.405457E+0
77.0781	-1.046753E-1	-2.963257E-1	7.324219E-3	3.307190E+0
77.0937	-1.010132E-1	-2.719116E-1	7.629395E-3	3.203430E+0
77.1094	-8.911133E-2	-2.819824E-1	7.629395E-3	3.105164E+0
77.1094	-9.765625E-2	-2.902222E-1	7.324219E-3	3.005981E+0
77.125	-9.552002E-2	-2.832031E-1	7.934570E-3	2.902222E+0
77.1406	-9.429932E-2	-2.859497E-1	7.629395E-3	2.803955E+0
77.1406	-1.049805E-1	-2.774048E-1	7.324219E-3	2.710571E+0
77.1562	-9.277344E-2	-2.566528E-1	7.934570E-3	2.602234E+0
77.1719	-8.392334E-2	-2.529907E-1	7.019043E-3	2.502136E+0
77.1719	-1.049805E-1	-2.749634E-1	6.713867E-3	2.404785E+0
77.1875	-9.277344E-2	-2.676392E-1	7.324219E-3	2.301636E+0
77.2031	-9.399414E-2	-2.597046E-1	7.629395E-3	2.202759E+0
77.2031	-9.246826E-2	-2.688599E-1	7.019043E-3	2.106628E+0
77.2187	-9.552002E-2	-2.664185E-1	6.713867E-3	2.001953E+0
77.2187	-8.789062E-2	-2.609253E-1	7.629395E-3	1.901245E+0
77.2344	-9.643555E-2	-2.590942E-1	7.324219E-3	1.804810E+0
77.25	-9.704590E-2	-2.670288E-1	7.934570E-3	1.701660E+0
77.25	-1.055908E-1	-2.459717E-1	7.629395E-3	1.600647E+0
77.2656	-9.155273E-2	-2.413940E-1	7.629395E-3	1.501770E+0
77.2812	-9.307861E-2	-2.514648E-1	7.324219E-3	1.400452E+0
77.2812	-8.636475E-2	-2.508545E-1	7.324219E-3	1.301575E+0
77.2969	-9.368896E-2	-2.310181E-1	7.324219E-3	1.200867E+0
77.3125	-9.277344E-2	-2.346802E-1	7.934570E-3	1.098938E+0
77.3125	-8.544922E-2	-2.423096E-1	7.934570E-3	9.982300E-1
77.3281	-9.368896E-2	-2.209473E-1	7.324219E-3	9.027100E-1
77.3437	-9.368896E-2	-2.304077E-1	7.629395E-3	7.983398E-1
77.3437	-9.704590E-2	-2.355957E-1	7.324219E-3	6.976318E-1
77.3594	-9.613037E-2	-2.288818E-1	6.713867E-3	6.018066E-1
77.3594	-8.758545E-2	-2.172852E-1	7.324219E-3	4.974365E-1
77.375	-9.002686E-2	-2.319336E-1	7.934570E-3	4.031372E-1
77.3906	-9.124756E-2	-2.053833E-1	7.324219E-3	2.966309E-1
77.3906	-8.575439E-2	-2.124023E-1	7.019043E-3	1.983643E-1
77.4062	-1.022339E-1	-2.050781E-1	7.324219E-3	9.948730E-2
77.4062	-8.789062E-2	-1.998901E-1	7.934570E-3	9.155273E-4
77.4219	-9.094238E-2	-2.035522E-1	7.629395E-3	1.220703E-3
77.4375	-8.911133E-2	-2.062988E-1	7.324219E-3	1.831055E-3
77.4375	-8.880615E-2	-2.096558E-1	7.629395E-3	3.356934E-3
77.4531	-7.598877E-2	-2.093506E-1	7.934570E-3	3.051758E-3
77.4687	-9.521484E-2	-2.117920E-1	7.629395E-3	3.967285E-3
77.4687	-8.789062E-2	-2.160645E-1	7.629395E-3	4.272461E-3
77.4844	-9.185791E-2	-1.986694E-1	7.629395E-3	4.577637E-3
77.5	-9.521484E-2	-2.075195E-1	7.629395E-3	4.577637E-3
77.5	-8.636475E-2	-1.895142E-1	7.934570E-3	4.577637E-3
77.5156	-8.422852E-2	-1.989746E-1	7.934570E-3	4.882812E-3
77.5312	-9.552002E-2	-2.151489E-1	7.934570E-3	4.272461E-3
77.5312	-7.598877E-2	-1.992798E-1	7.934570E-3	4.882812E-3
77.5469	-9.826660E-2	-2.139282E-1	7.629395E-3	4.882812E-3
77.5625	-9.887695E-2	-1.974487E-1	7.629395E-3	4.577637E-3
77.5625	-1.004028E-1	-1.913452E-1	7.629395E-3	4.577637E-3
77.5781	-9.216309E-2	-2.020264E-1	7.629395E-3	4.577637E-3
77.5937	-9.399414E-2	-2.142334E-1	7.629395E-3	4.882812E-3
77.5937	-7.995605E-2	-2.111816E-1	7.629395E-3	5.187988E-3
77.6094	-8.819580E-2	-2.001953E-1	8.239746E-3	5.187988E-3
77.6094	-8.270264E-2	-1.971436E-1	7.629395E-3	4.882812E-3
77.625	-8.728027E-2	-2.142334E-1	7.934570E-3	4.577637E-3
77.6406	-9.002686E-2	-2.078247E-1	7.629395E-3	4.882812E-3
77.6406	-9.307861E-2	-2.175903E-1	7.629395E-3	4.882812E-3
77.6562	-8.697510E-2	-2.044678E-1	7.934570E-3	5.187988E-3
77.6719	-8.514404E-2	-1.995850E-1	7.934570E-3	4.882812E-3
77.6719	-9.735107E-2	-2.142334E-1	7.934570E-3	4.882812E-3
77.6875	-8.941650E-2	-2.047729E-1	7.324219E-3	4.882812E-3
77.7031	-9.399414E-2	-2.032471E-1	7.629395E-3	5.187988E-3
77.7031	-8.880615E-2	-1.974487E-1	7.324219E-3	5.187988E-3
77.7187	-8.392334E-2	-1.974487E-1	7.629395E-3	4.577637E-3
77.7187	-8.483887E-2	-1.974487E-1	7.629395E-3	4.882812E-3
77.7344	-8.392334E-2	-2.044678E-1	7.934570E-3	5.493164E-3
77.75	-9.277344E-2	-2.145386E-1	8.239746E-3	5.187988E-3
77.75	-9.338379E-2	-2.145386E-1	7.629395E-3	5.187988E-3
77.7656	-8.514404E-2	-1.904297E-1	7.934570E-3	4.882812E-3
77.7812	-9.094238E-2	-1.998901E-1	7.934570E-3	5.493164E-3
77.7812	-9.552002E-2	-2.044678E-1	7.934570E-3	5.493164E-3
77.7969	-8.056641E-2	-2.075195E-1	7.934570E-3	4.577637E-3
77.7969	-8.941650E-2	-1.910400E-1	7.324219E-3	4.882812E-3
77.8125	-8.850098E-2	-2.072144E-1	7.629395E-3	5.493164E-3
77.8281	-8.514404E-2	-2.096558E-1	7.324219E-3	5.187988E-3
77.8281	-9.338379E-2	-1.977539E-1	7.629395E-3	4.882812E-3
77.8437	-9.185791E-2	-1.922607E-1	7.934570E-3	4.272461E-3
77.8594	-8.819580E-2	-2.023315E-1	7.934570E-3	5.493164E-3
77.8594	-9.552002E-2	-2.111816E-1	7.934570E-3	4.882812E-3
77.875	-8.148193E-2	-1.971436E-1	7.934570E-3	4.882812E-3
77.8906	-9.521484E-2	-1.931763E-1	7.324219E-3	4.577637E-3
77.8906	-8.850098E-2	-1.983643E-1	8.239746E-3	5.493164E-3
77.9062	-9.124756E-2	-2.020264E-1	7.629395E-3	5.187988E-3
77.9219	-8.361816E-2	-1.916504E-1	7.629395E-3	4.882812E-3
77.9219	-9.582520E-2	-2.111816E-1	7.324219E-3	4.882812E-3
77.9375	-8.544922E-2	-2.011108E-1	7.629395E-3	4.577637E-3
77.9531	-8.697510E-2	-2.050781E-1	7.934570E-3	5.493164E-3
77.9531	-9.185791E-2	-2.105713E-1	7.629395E-3	5.187988E-3
77.9687	-9.613037E-2	-1.974487E-1	7.324219E-3	4.882812E-3
77.9844	-9.185791E-2	-2.270508E-1	7.629395E-3	5.187988E-3
77.9844	-9.307861E-2	-2.053833E-1	6.713867E-3	5.493164E-3
78.0	-8.850098E-2	-1.974487E-1	7.934570E-3	5.187988E-3
78.0	-9.582520E-2	-2.075195E-1	7.934570E-3	4.882812E-3
78.0156	-1.043701E-1	-1.989746E-1	7.934570E-3	5.187988E-3
78.0312	-9.307861E-2	-2.087402E-1	7.629395E-3	5.493164E-3
78.0312	-9.155273E-2	-2.017212E-1	7.934570E-3	4.882812E-3
78.0469	-9.582520E-2	-1.892090E-1	7.629395E-3	5.187988E-3
78.0625	-9.399414E-2	-2.157593E-1	7.629395E-3	5.493164E-3
78.0625	-8.941650E-2	-1.934814E-1	8.239746E-3	5.187988E-3
78.0781	-9.613037E-2	-1.892090E-1	7.629395E-3	4.882812E-3
78.0937	-9.124756E-2	-2.062988E-1	7.934570E-3	4.577637E-3
78.0937	-9.338379E-2	-2.133179E-1	8.239746E-3	4.882812E-3
78.1094	-8.666992E-2	-2.050781E-1	7.629395E-3	4.577637E-3
78.1094	-9.399414E-2	-2.243042E-1	7.324219E-3	5.493164E-3
78.125	-8.666992E-2	-2.001953E-1	7.324219E-3	5.187988E-3
78.1406	-9.185791E-2	-2.047729E-1	7.934570E-3	5.187988E-3
78.1406	-9.490967E-2	-1.916504E-1	7.629395E-3	5.798340E-3
78.1562	-7.904053E-2	-2.130127E-1	7.629395E-3	5.187988E-3
78.1562	-9.521484E-2	-2.032471E-1	8.239746E-3	5.187988E-3
78.1719	-8.789062E-2	-2.056885E-1	7.629395E-3	4.272461E-3
78.1875	-9.796143E-2	-2.151489E-1	8.239746E-3	5.187988E-3
78.1875	-9.368896E-2	-2.005005E-1	8.239746E-3	4.882812E-3
78.2031	-9.613037E-2	-2.105713E-1	7.629395E-3	5.493164E-3
78.2187	-8.850098E-2	-1.916504E-1	7.629395E-3	4.882812E-3
78.2187	-8.850098E-2	-1.971436E-1	8.239746E-3	5.187988E-3
78.2344	-9.613037E-2	-2.050781E-1	7.934570E-3	5.187988E-3
78.25	-9.521484E-2	-2.166748E-1	7.324219E-3	4.882812E-3
78.25	-9.735107E-2	-2.017212E-1	7.934570E-3	4.882812E-3
78.2656	-8.270264E-2	-2.029419E-1	7.934570E-3	5.493164E-3
78.2812	-8.972168E-2	-1.916504E-1	7.934570E-3	5.187988E-3
78.2812	-9.124756E-2	-1.998901E-1	8.239746E-3	4.882812E-3
78.2969	-8.544922E-2	-1.907349E-1	7.324219E-3	4.577637E-3
78.3125	-9.124756E-2	-2.114868E-1	7.934570E-3	5.187988E-3
78.3125	-8.728027E-2	-1.950073E-1	7.629395E-3	4.577637E-3
78.3281	-9.277344E-2	-2.093506E-1	7.934570E-3	4.882812E-3
78.3437	-9.796143E-2	-2.145386E-1	7.629395E-3	4.882812E-3
78.3437	-9.552002E-2	-2.133179E-1	7.934570E-3	4.882812E-3
78.3594	-8.575439E-2	-1.953125E-1	8.239746E-3	5.187988E-3
78.3594	-9.063721E-2	-1.974487E-1	7.934570E-3	4.577637E-3
78.375	-9.338379E-2	-2.114868E-1	7.934570E-3	4.577637E-3
78.3906	-8.758545E-2	-1.998901E-1	7.629395E-3	4.577637E-3
78.3906	-9.979248E-2	-2.059937E-1	8.239746E-3	5.187988E-3
78.4062	-8.483887E-2	-2.020264E-1	7.934570E-3	5.187988E-3
78.4219	-9.765625E-2	-1.928711E-1	7.934570E-3	4.882812E-3
78.4219	-8.331299E-2	-2.117920E-1	7.629395E-3	4.882812E-3
78.4375	-8.697510E-2	-1.977539E-1	7.629395E-3	5.493164E-3
78.4531	-9.094238E-2	-2.182007E-1	7.934570E-3	5.493164E-3
78.4531	-8.880615E-2	-2.005005E-1	7.934570E-3	5.187988E-3
78.4687	-8.361816E-2	-1.931763E-1	7.629395E-3	5.187988E-3
78.4687	-9.033203E-2	-2.069092E-1	7.629395E-3	5.187988E-3
