November 24, 2009 14:06
629a03
H:\20091124-sws11-ls\traj\LS_p30_d80_vp20_vd20.traj
lateral amplification = 100
normal amp = 500
pitch angle = -4
roll angle = 130
cantilever = 629a03
sample = sws11
<data>
time	voltageForceLateral	voltageForceNormal	voltagePositionX	voltagePositionY
110.0156	-7.324219E-2	-1.913452E-1	7.324219E-3	4.882812E-3
110.0156	-7.751465E-2	-1.803589E-1	7.629395E-3	5.493164E-3
110.0313	-8.117676E-2	-1.950073E-1	6.713867E-3	5.187988E-3
110.0469	-7.904053E-2	-1.934814E-1	7.934570E-3	4.882812E-3
110.0469	-7.080078E-2	-1.690674E-1	7.629395E-3	4.577637E-3
110.0625	-7.873535E-2	-1.647949E-1	7.324219E-3	5.798340E-3
110.0781	-8.880615E-2	-1.828003E-1	7.934570E-3	5.493164E-3
110.0781	-7.598877E-2	-1.788330E-1	8.239746E-3	3.967285E-3
110.0938	-7.293701E-2	-1.760864E-1	7.629395E-3	5.187988E-3
110.1094	-8.392334E-2	-1.959229E-1	7.629395E-3	4.882812E-3
110.1094	-8.544922E-2	-1.748657E-1	7.934570E-3	5.187988E-3
110.125	-7.293701E-2	-1.593018E-1	7.934570E-3	5.493164E-3
110.1406	-7.629395E-2	-1.739502E-1	7.934570E-3	4.882812E-3
110.1406	-7.720947E-2	-1.876831E-1	7.629395E-3	4.272461E-3
110.1563	-8.880615E-2	-1.647949E-1	7.324219E-3	4.272461E-3
110.1719	-7.568359E-2	-1.892090E-1	7.629395E-3	4.577637E-3
110.1719	-7.659912E-2	-1.821899E-1	7.324219E-3	5.187988E-3
110.1875	-7.751465E-2	-1.821899E-1	7.019043E-3	4.882812E-3
110.2031	-8.117676E-2	-1.770020E-1	7.629395E-3	5.798340E-3
110.2031	-8.453369E-2	-1.922607E-1	7.629395E-3	4.577637E-3
110.2188	-7.446289E-2	-1.925659E-1	7.629395E-3	5.187988E-3
110.2344	-8.300781E-2	-1.910400E-1	7.629395E-3	5.493164E-3
110.2344	-7.354736E-2	-1.843262E-1	7.629395E-3	5.187988E-3
110.25	-8.209229E-2	-1.785278E-1	7.629395E-3	4.272461E-3
110.25	-8.178711E-2	-1.904297E-1	7.629395E-3	4.882812E-3
110.2656	-8.850098E-2	-1.879883E-1	8.239746E-3	4.882812E-3
110.2813	-7.537842E-2	-1.696777E-1	7.019043E-3	5.187988E-3
110.2813	-7.354736E-2	-1.776123E-1	7.629395E-3	5.493164E-3
110.2969	-7.354736E-2	-1.947021E-1	7.629395E-3	4.577637E-3
110.3125	-7.995605E-2	-1.763916E-1	7.324219E-3	4.577637E-3
110.3125	-7.751465E-2	-1.785278E-1	7.629395E-3	4.882812E-3
110.3281	-8.270264E-2	-1.760864E-1	7.629395E-3	4.882812E-3
110.3281	-7.843018E-2	-1.791382E-1	7.324219E-3	4.882812E-3
110.3438	-8.422852E-2	-1.812744E-1	7.629395E-3	4.272461E-3
110.3594	-7.873535E-2	-1.925659E-1	7.934570E-3	4.882812E-3
110.3594	-8.666992E-2	-1.809692E-1	7.324219E-3	4.882812E-3
110.375	-7.873535E-2	-1.855469E-1	6.713867E-3	4.882812E-3
110.3906	-8.300781E-2	-1.782227E-1	7.324219E-3	5.187988E-3
110.3906	-7.202148E-2	-1.770020E-1	7.324219E-3	4.577637E-3
110.4063	-8.392334E-2	-1.651001E-1	7.629395E-3	4.882812E-3
110.4219	-8.026123E-2	-1.898193E-1	7.934570E-3	4.882812E-3
110.4219	-8.605957E-2	-1.922607E-1	7.324219E-3	4.272461E-3
110.4375	-8.331299E-2	-1.791382E-1	7.629395E-3	4.577637E-3
110.4375	-8.514404E-2	-1.809692E-1	7.324219E-3	4.882812E-3
110.4531	-8.941650E-2	-1.757812E-1	7.324219E-3	4.882812E-3
110.4688	-8.026123E-2	-1.913452E-1	7.934570E-3	5.187988E-3
110.4844	-7.568359E-2	-1.953125E-1	7.934570E-3	4.882812E-3
110.5	-8.178711E-2	-1.641846E-1	7.324219E-3	4.882812E-3
110.5	-7.720947E-2	-1.947021E-1	7.629395E-3	5.187988E-3
110.5156	-7.263184E-2	-1.791382E-1	7.934570E-3	4.882812E-3
110.5313	-8.392334E-2	-1.788330E-1	7.629395E-3	4.882812E-3
110.5313	-8.056641E-2	-1.910400E-1	7.629395E-3	4.882812E-3
110.5469	-8.178711E-2	-1.745605E-1	7.324219E-3	4.577637E-3
110.5625	-7.690430E-2	-1.681519E-1	7.934570E-3	4.882812E-3
110.5625	-7.690430E-2	-1.806641E-1	7.324219E-3	4.882812E-3
110.5781	-8.209229E-2	-1.885986E-1	8.239746E-3	4.272461E-3
110.5781	-7.812500E-2	-1.806641E-1	7.629395E-3	4.577637E-3
110.5938	-6.958008E-2	-1.837158E-1	7.629395E-3	4.882812E-3
110.6094	-7.507324E-2	-1.794434E-1	7.629395E-3	4.577637E-3
110.6094	-7.476807E-2	-1.855469E-1	7.629395E-3	4.882812E-3
110.625	-8.392334E-2	-1.708984E-1	7.324219E-3	4.577637E-3
110.6406	-8.209229E-2	-1.986694E-1	7.629395E-3	5.493164E-3
110.6406	-8.148193E-2	-1.779175E-1	7.629395E-3	5.187988E-3
110.6563	-8.972168E-2	-1.928711E-1	7.324219E-3	4.882812E-3
110.6563	-8.209229E-2	-1.867676E-1	7.934570E-3	4.882812E-3
110.6719	-7.965088E-2	-1.800537E-1	7.629395E-3	4.882812E-3
110.6875	-7.202148E-2	-1.708984E-1	8.239746E-3	5.187988E-3
110.6875	-8.209229E-2	-1.721191E-1	7.629395E-3	4.882812E-3
110.7031	-8.941650E-2	-1.834106E-1	7.324219E-3	4.577637E-3
110.7188	-7.781982E-2	-1.861572E-1	7.324219E-3	5.187988E-3
110.7188	-7.171631E-2	-1.901245E-1	7.324219E-3	4.577637E-3
110.7344	-8.056641E-2	-1.812744E-1	7.934570E-3	5.187988E-3
110.75	-7.141113E-2	-1.846313E-1	7.324219E-3	5.187988E-3
110.75	-7.720947E-2	-1.730347E-1	7.629395E-3	4.882812E-3
110.7656	-7.507324E-2	-1.849365E-1	7.324219E-3	5.187988E-3
110.7656	-8.392334E-2	-1.873779E-1	7.934570E-3	4.882812E-3
110.7813	-6.988525E-2	-1.779175E-1	7.629395E-3	5.187988E-3
110.7969	-7.873535E-2	-1.574707E-1	7.324219E-3	5.187988E-3
110.7969	-7.385254E-2	-1.895142E-1	7.019043E-3	5.187988E-3
110.8125	-8.056641E-2	-1.843262E-1	7.629395E-3	4.882812E-3
110.8281	-7.843018E-2	-1.953125E-1	7.629395E-3	5.187988E-3
110.8281	-8.087158E-2	-1.849365E-1	7.629395E-3	5.187988E-3
110.8438	-7.781982E-2	-1.861572E-1	7.324219E-3	4.272461E-3
110.8594	-7.873535E-2	-1.712036E-1	7.629395E-3	4.577637E-3
110.8594	-8.239746E-2	-1.925659E-1	8.239746E-3	4.882812E-3
110.875	-7.568359E-2	-1.922607E-1	7.629395E-3	4.882812E-3
110.8906	-8.514404E-2	-1.934814E-1	7.324219E-3	4.882812E-3
110.8906	-8.544922E-2	-1.873779E-1	7.019043E-3	5.187988E-3
110.9063	-8.422852E-2	-1.657104E-1	7.934570E-3	4.882812E-3
110.9219	-8.544922E-2	-1.760864E-1	1.190186E-2	5.187988E-3
110.9219	-7.965088E-2	-1.901245E-1	2.807617E-2	5.187988E-3
110.9375	-8.300781E-2	-1.776123E-1	5.310059E-2	4.882812E-3
110.9531	-7.629395E-2	-2.111816E-1	7.476807E-2	4.882812E-3
110.9531	-7.843018E-2	-1.959229E-1	8.911133E-2	4.577637E-3
110.9688	-8.666992E-2	-2.252197E-1	1.126099E-1	4.882812E-3
110.9688	-8.056641E-2	-2.236938E-1	1.275635E-1	4.882812E-3
110.9844	-8.728027E-2	-2.157593E-1	1.464844E-1	5.187988E-3
111.0	-8.880615E-2	-2.392578E-1	1.681519E-1	4.882812E-3
111.0	-9.002686E-2	-2.487183E-1	1.879883E-1	4.577637E-3
111.0156	-8.880615E-2	-2.569580E-1	2.072144E-1	5.187988E-3
111.0313	-8.056641E-2	-2.511597E-1	2.291870E-1	4.272461E-3
111.0313	-8.453369E-2	-2.767944E-1	2.560425E-1	4.882812E-3
111.0469	-7.720947E-2	-2.590942E-1	2.691650E-1	5.187988E-3
111.0625	-9.155273E-2	-2.877808E-1	2.935791E-1	4.882812E-3
111.0625	-8.361816E-2	-2.819824E-1	3.155518E-1	5.187988E-3
111.0781	-7.995605E-2	-3.015137E-1	3.289795E-1	5.187988E-3
111.0781	-9.063721E-2	-2.960205E-1	3.527832E-1	4.577637E-3
111.0938	-7.690430E-2	-3.140259E-1	3.720093E-1	4.577637E-3
111.1094	-8.392334E-2	-3.125000E-1	3.884888E-1	4.272461E-3
111.1094	-8.728027E-2	-3.152466E-1	4.107666E-1	5.187988E-3
111.125	-8.972168E-2	-3.344727E-1	4.351807E-1	4.577637E-3
111.1406	-8.697510E-2	-3.366089E-1	4.476929E-1	4.882812E-3
111.1406	-8.911133E-2	-3.540039E-1	4.730225E-1	5.187988E-3
111.1563	-9.063721E-2	-3.375244E-1	4.934692E-1	5.187988E-3
111.1563	-9.521484E-2	-3.488159E-1	5.072021E-1	4.882812E-3
111.1719	-9.399414E-2	-3.695679E-1	5.297852E-1	5.187988E-3
111.1875	-9.490967E-2	-3.692627E-1	5.545044E-1	4.577637E-3
111.1875	-9.246826E-2	-3.799438E-1	5.682373E-1	4.272461E-3
111.2031	-9.429932E-2	-3.762817E-1	5.914307E-1	4.882812E-3
111.2188	-9.216309E-2	-3.848267E-1	6.088257E-1	4.882812E-3
111.2188	-8.636475E-2	-3.976440E-1	6.277466E-1	4.882812E-3
111.2344	-9.338379E-2	-4.040527E-1	6.478882E-1	5.187988E-3
111.25	-8.819580E-2	-4.061890E-1	6.668091E-1	5.187988E-3
111.25	-9.246826E-2	-4.174805E-1	6.872559E-1	4.882812E-3
111.2656	-1.004028E-1	-4.272461E-1	7.119751E-1	5.187988E-3
111.2656	-9.429932E-2	-4.312134E-1	7.266235E-1	4.577637E-3
111.2813	-1.000977E-1	-4.354858E-1	7.489014E-1	5.493164E-3
111.2969	-1.074219E-1	-4.638672E-1	7.742310E-1	4.272461E-3
111.2969	-1.022339E-1	-4.403687E-1	7.870483E-1	5.187988E-3
111.3125	-1.019287E-1	-4.684448E-1	8.087158E-1	4.577637E-3
111.3281	-9.826660E-2	-4.769897E-1	8.334351E-1	5.187988E-3
111.3281	-9.704590E-2	-4.925537E-1	8.468628E-1	4.882812E-3
111.3438	-9.613037E-2	-5.004883E-1	8.712769E-1	4.882812E-3
111.3594	-1.013184E-1	-5.038452E-1	8.935547E-1	4.882812E-3
111.3594	-9.887695E-2	-5.035400E-1	9.057617E-1	5.798340E-3
111.375	-1.052856E-1	-5.276489E-1	9.304810E-1	4.882812E-3
111.3906	-1.037598E-1	-5.181885E-1	9.494019E-1	5.187988E-3
111.3906	-1.062012E-1	-5.227661E-1	9.661865E-1	4.882812E-3
111.4063	-1.110840E-1	-5.371094E-1	9.875488E-1	4.577637E-3
111.4219	-1.046753E-1	-5.462646E-1	1.008301E+0	5.187988E-3
111.4219	-9.704590E-2	-5.502319E-1	1.026001E+0	5.187988E-3
111.4375	-1.126099E-1	-5.691528E-1	1.050110E+0	5.187988E-3
111.4531	-1.071167E-1	-5.810547E-1	1.072998E+0	5.187988E-3
111.4531	-1.107788E-1	-5.609131E-1	1.085510E+0	4.882812E-3
111.4688	-1.022339E-1	-5.935669E-1	1.109009E+0	4.577637E-3
111.4688	-1.068115E-1	-6.024170E-1	1.122742E+0	5.187988E-3
111.4844	-1.046753E-1	-6.051636E-1	1.143494E+0	4.882812E-3
111.5	-1.080322E-1	-6.173706E-1	1.165466E+0	4.577637E-3
111.5	-1.065063E-1	-6.158447E-1	1.183777E+0	4.577637E-3
111.5156	-1.089478E-1	-6.231689E-1	1.202393E+0	5.493164E-3
111.5313	-1.159668E-1	-6.442261E-1	1.225281E+0	4.882812E-3
111.5313	-1.086426E-1	-6.719971E-1	1.251831E+0	4.577637E-3
111.5469	-1.147461E-1	-6.643677E-1	1.266479E+0	4.882812E-3
111.5625	-1.049805E-1	-6.762695E-1	1.289062E+0	5.187988E-3
111.5625	-1.196289E-1	-6.936646E-1	1.311340E+0	5.187988E-3
111.5781	-1.062012E-1	-6.784058E-1	1.323853E+0	5.187988E-3
111.5781	-1.031494E-1	-6.826782E-1	1.348267E+0	5.187988E-3
111.5938	-1.193237E-1	-6.930542E-1	1.368408E+0	5.187988E-3
111.6094	-1.156616E-1	-7.165527E-1	1.384277E+0	4.882812E-3
111.6094	-1.199341E-1	-7.250977E-1	1.406250E+0	5.493164E-3
111.625	-1.223755E-1	-7.254028E-1	1.431580E+0	4.882812E-3
111.6406	-1.080322E-1	-7.260132E-1	1.444092E+0	4.882812E-3
111.6406	-1.126099E-1	-7.403564E-1	1.468811E+0	4.882812E-3
111.6563	-1.156616E-1	-7.580566E-1	1.490479E+0	4.882812E-3
111.6563	-1.232910E-1	-7.537842E-1	1.503296E+0	4.882812E-3
111.6719	-1.159668E-1	-7.681274E-1	1.525879E+0	5.187988E-3
111.6875	-1.181030E-1	-7.693481E-1	1.551514E+0	4.577637E-3
111.6875	-1.217651E-1	-8.023071E-1	1.562805E+0	5.187988E-3
111.7031	-1.242065E-1	-8.178711E-1	1.586914E+0	5.187988E-3
111.7188	-1.162720E-1	-8.190918E-1	1.603394E+0	5.493164E-3
111.7188	-1.147461E-1	-8.160400E-1	1.624451E+0	4.577637E-3
111.7344	-1.205444E-1	-8.261108E-1	1.642761E+0	4.577637E-3
111.75	-1.193237E-1	-8.621216E-1	1.665039E+0	4.577637E-3
111.75	-1.254272E-1	-8.428955E-1	1.681213E+0	4.882812E-3
111.7656	-1.168823E-1	-8.477783E-1	1.701355E+0	5.493164E-3
111.7813	-1.235962E-1	-8.703613E-1	1.721802E+0	4.882812E-3
111.7813	-1.226807E-1	-8.758545E-1	1.749878E+0	4.577637E-3
111.7969	-1.358032E-1	-8.950806E-1	1.762390E+0	5.493164E-3
111.8125	-1.303101E-1	-8.911133E-1	1.787415E+0	5.187988E-3
111.8125	-1.339722E-1	-9.268188E-1	1.809082E+0	4.577637E-3
111.8281	-1.345825E-1	-9.237671E-1	1.822510E+0	4.882812E-3
111.8281	-1.300049E-1	-9.426880E-1	1.845703E+0	5.493164E-3
111.8438	-1.397705E-1	-9.552002E-1	1.866150E+0	4.577637E-3
111.8594	-1.379395E-1	-9.490967E-1	1.881409E+0	5.187988E-3
111.8594	-1.275635E-1	-9.536743E-1	1.903992E+0	5.187988E-3
111.875	-1.428223E-1	-9.777832E-1	1.928711E+0	4.882812E-3
111.8906	-1.287842E-1	-9.783936E-1	1.941528E+0	5.187988E-3
111.8906	-1.281738E-1	-9.841919E-1	1.966553E+0	4.577637E-3
111.9063	-1.315308E-1	-9.988403E-1	1.988525E+0	4.882812E-3
111.9063	-1.321411E-1	-1.025696E+0	2.001648E+0	5.187988E-3
111.9219	-1.388550E-1	-1.025085E+0	2.022400E+0	5.187988E-3
111.9375	-1.455688E-1	-1.020813E+0	2.047729E+0	4.577637E-3
111.9375	-1.376343E-1	-1.062622E+0	2.060242E+0	4.882812E-3
111.9531	-1.385498E-1	-1.071777E+0	2.084351E+0	5.187988E-3
111.9688	-1.464844E-1	-1.080017E+0	2.101746E+0	4.882812E-3
111.9688	-1.477051E-1	-1.059570E+0	2.120972E+0	5.187988E-3
111.9844	-1.388550E-1	-1.090393E+0	2.140198E+0	4.882812E-3
112.0	-1.385498E-1	-1.085205E+0	2.160034E+0	4.577637E-3
112.0	-1.428223E-1	-1.099243E+0	2.179871E+0	4.577637E-3
112.0156	-1.400757E-1	-1.131287E+0	2.204590E+0	4.882812E-3
112.0156	-1.516724E-1	-1.128845E+0	2.219543E+0	4.577637E-3
112.0313	-1.525879E-1	-1.155090E+0	2.243652E+0	5.187988E-3
112.0469	-1.412964E-1	-1.156921E+0	2.267151E+0	4.577637E-3
112.0469	-1.477051E-1	-1.168518E+0	2.280884E+0	4.882812E-3
112.0625	-1.519775E-1	-1.175537E+0	2.301636E+0	4.882812E-3
112.0781	-1.412964E-1	-1.201172E+0	2.326965E+0	5.493164E-3
112.0781	-1.538086E-1	-1.207581E+0	2.338867E+0	4.882812E-3
112.0938	-1.477051E-1	-1.210632E+0	2.363586E+0	4.882812E-3
112.1094	-1.571655E-1	-1.244202E+0	2.386475E+0	4.882812E-3
112.1094	-1.516724E-1	-1.239624E+0	2.399292E+0	4.577637E-3
112.125	-1.425171E-1	-1.261597E+0	2.423096E+0	4.577637E-3
112.1406	-1.559448E-1	-1.271362E+0	2.442932E+0	5.493164E-3
112.1406	-1.562500E-1	-1.262817E+0	2.458801E+0	4.882812E-3
112.1563	-1.522827E-1	-1.299133E+0	2.481384E+0	4.882812E-3
112.1719	-1.516724E-1	-1.303406E+0	2.502747E+0	4.577637E-3
112.1719	-1.492310E-1	-1.294250E+0	2.518616E+0	4.882812E-3
112.1875	-1.620483E-1	-1.340332E+0	2.542419E+0	5.493164E-3
112.2031	-1.580811E-1	-1.358337E+0	2.565613E+0	5.493164E-3
112.2031	-1.492310E-1	-1.352234E+0	2.578430E+0	5.187988E-3
112.2188	-1.724243E-1	-1.382446E+0	2.601929E+0	5.187988E-3
112.2188	-1.635742E-1	-1.387329E+0	2.616272E+0	4.882812E-3
112.2344	-1.586914E-1	-1.391296E+0	2.636719E+0	5.187988E-3
112.25	-1.663208E-1	-1.414795E+0	2.657776E+0	5.187988E-3
112.25	-1.617432E-1	-1.444397E+0	2.683411E+0	4.577637E-3
112.2656	-1.657104E-1	-1.447144E+0	2.698364E+0	5.187988E-3
112.2656	-1.599121E-1	-1.480103E+0	2.717896E+0	5.187988E-3
112.2813	-1.602173E-1	-1.472473E+0	2.738037E+0	4.882812E-3
112.2969	-1.687622E-1	-1.502075E+0	2.764282E+0	4.882812E-3
112.2969	-1.623535E-1	-1.580200E+0	2.776794E+0	4.882812E-3
112.3125	-1.745605E-1	-1.455078E+0	2.799072E+0	5.187988E-3
112.3281	-1.684570E-1	-1.303711E+0	2.825623E+0	4.882812E-3
112.3281	-1.605225E-1	-1.226501E+0	2.837219E+0	5.493164E-3
112.3438	-1.599121E-1	-1.082153E+0	2.861328E+0	4.272461E-3
112.3594	-1.596069E-1	-9.646606E-1	2.883911E+0	4.882812E-3
112.3594	-1.477051E-1	-8.709717E-1	2.896729E+0	4.882812E-3
112.375	-1.651001E-1	-7.226562E-1	2.920532E+0	5.187988E-3
112.3906	-1.553345E-1	-6.042480E-1	2.940979E+0	5.187988E-3
112.3906	-1.602173E-1	-5.194092E-1	2.956543E+0	4.272461E-3
112.4063	-1.541138E-1	-4.058838E-1	2.977905E+0	4.272461E-3
112.4219	-1.498413E-1	-3.396606E-1	2.990112E+0	4.882812E-3
112.4219	-1.800537E-1	-4.092407E-1	2.983704E+0	2.105713E-2
112.4375	-2.120972E-1	-4.367065E-1	2.972412E+0	4.089355E-2
112.4531	-2.340698E-1	-5.090332E-1	2.962952E+0	5.767822E-2
112.4531	-2.444458E-1	-5.712891E-1	2.957153E+0	7.476807E-2
112.4688	-2.841187E-1	-6.539917E-1	2.946167E+0	9.429932E-2
112.4688	-3.094482E-1	-6.820679E-1	2.938538E+0	1.126099E-1
112.4844	-3.152466E-1	-7.492065E-1	2.930603E+0	1.287842E-1
112.5	-3.524780E-1	-7.980347E-1	2.921448E+0	1.486206E-1
112.5	-3.704834E-1	-8.444214E-1	2.913513E+0	1.666260E-1
112.5156	-3.863525E-1	-9.298706E-1	2.905273E+0	1.828003E-1
112.5313	-4.263306E-1	-9.909058E-1	2.894897E+0	2.023315E-1
112.5313	-4.446411E-1	-1.064453E+0	2.883301E+0	2.209473E-1
112.5469	-4.760742E-1	-1.097107E+0	2.877502E+0	2.374268E-1
112.5625	-4.940796E-1	-1.181030E+0	2.866516E+0	2.563477E-1
112.5625	-5.194092E-1	-1.252441E+0	2.856445E+0	2.743530E-1
112.5781	-5.371094E-1	-1.304016E+0	2.850342E+0	2.917480E-1
112.5781	-5.773926E-1	-1.350708E+0	2.840271E+0	3.109741E-1
112.5938	-5.895996E-1	-1.403503E+0	2.831726E+0	3.277588E-1
112.6094	-6.134033E-1	-1.475830E+0	2.824707E+0	3.445435E-1
112.6094	-6.417847E-1	-1.547546E+0	2.814941E+0	3.634644E-1
112.625	-6.686401E-1	-1.611633E+0	2.804565E+0	3.811646E-1
112.6406	-6.954956E-1	-1.653442E+0	2.798157E+0	3.988647E-1
112.6406	-7.226562E-1	-1.697388E+0	2.787781E+0	4.174805E-1
112.6563	-7.559204E-1	-1.799927E+0	2.778320E+0	4.348755E-1
112.6563	-7.769775E-1	-1.843872E+0	2.771912E+0	4.522705E-1
112.6719	-8.001709E-1	-1.904297E+0	2.762451E+0	4.714966E-1
112.6875	-8.306885E-1	-1.994019E+0	2.751770E+0	4.898071E-1
112.6875	-8.395386E-1	-2.004089E+0	2.745667E+0	5.056763E-1
112.7031	-8.779907E-1	-2.089233E+0	2.734680E+0	5.261230E-1
112.7188	-9.008789E-1	-2.159424E+0	2.727966E+0	5.416870E-1
112.7188	-9.323120E-1	-2.208252E+0	2.719421E+0	5.615234E-1
112.7344	-9.579468E-1	-2.252197E+0	2.710876E+0	5.795288E-1
112.75	-9.762573E-1	-2.333984E+0	2.701416E+0	5.966187E-1
112.75	-1.019287E+0	-2.373047E+0	2.692871E+0	6.155396E-1
112.7656	-1.031189E+0	-2.471619E+0	2.681885E+0	6.335449E-1
112.7813	-1.065063E+0	-2.548218E+0	2.672119E+0	6.512451E-1
112.7813	-1.074829E+0	-2.571106E+0	2.666016E+0	6.686401E-1
112.7969	-1.115112E+0	-2.621765E+0	2.655945E+0	6.878662E-1
112.8125	-1.113281E+0	-2.687073E+0	2.647095E+0	7.052612E-1
112.8125	-1.144104E+0	-2.731323E+0	2.640381E+0	7.223511E-1
112.8281	-9.069824E-1	-2.676086E+0	2.630615E+0	7.415771E-1
112.8281	-7.165527E-1	-2.688904E+0	2.619934E+0	7.595825E-1
112.8438	-7.006836E-1	-2.706299E+0	2.614441E+0	7.766724E-1
112.8594	-7.034302E-1	-2.751770E+0	2.604370E+0	7.955933E-1
112.8594	-7.019043E-1	-2.806396E+0	2.593689E+0	8.132935E-1
112.875	-7.168579E-1	-2.853394E+0	2.587585E+0	8.297729E-1
112.8906	-6.793213E-1	-2.892151E+0	2.578430E+0	8.499146E-1
112.8906	-6.134033E-1	-2.907715E+0	2.567749E+0	8.666992E-1
112.9063	-5.990601E-1	-2.930298E+0	2.561646E+0	8.837891E-1
112.9219	-5.386353E-1	-2.969666E+0	2.550354E+0	9.036255E-1
112.9219	-5.111694E-1	-2.998352E+0	2.542114E+0	9.210205E-1
112.9375	-1.522827E-1	-1.358948E+0	2.536011E+0	9.384155E-1
112.9531	-1.571655E-1	-1.369324E+0	2.525330E+0	9.579468E-1
112.9531	-1.669312E-1	-1.367187E+0	2.514954E+0	9.741211E-1
112.9688	-1.562500E-1	-1.372375E+0	2.509460E+0	9.912109E-1
112.9688	-1.498413E-1	-1.344299E+0	2.498474E+0	1.010742E+0
112.9844	-1.486206E-1	-1.343079E+0	2.489319E+0	1.027832E+0
113.0	-1.654053E-1	-1.352539E+0	2.483215E+0	1.044922E+0
113.0	-1.553345E-1	-1.352234E+0	2.473755E+0	1.064758E+0
113.0156	-1.559448E-1	-1.332397E+0	2.465515E+0	1.080933E+0
113.0156	-1.538086E-1	-1.324463E+0	2.456360E+0	1.099243E+0
113.0313	-1.541138E-1	-1.317749E+0	2.448425E+0	1.117554E+0
113.0469	-1.553345E-1	-1.314697E+0	2.436829E+0	1.136475E+0
113.0469	-1.611328E-1	-1.309204E+0	2.430725E+0	1.153259E+0
113.0625	-1.486206E-1	-1.308289E+0	2.420654E+0	1.171570E+0
113.0781	-1.611328E-1	-1.311951E+0	2.409973E+0	1.189880E+0
113.0781	-1.577759E-1	-1.288757E+0	2.404785E+0	1.206970E+0
113.0938	-1.538086E-1	-1.303101E+0	2.394104E+0	1.226196E+0
113.1094	-1.571655E-1	-1.274414E+0	2.384033E+0	1.243896E+0
113.1094	-1.538086E-1	-1.280212E+0	2.377625E+0	1.260681E+0
113.125	-1.467896E-1	-1.280518E+0	2.367859E+0	1.280212E+0
113.1406	-1.461792E-1	-1.270142E+0	2.359314E+0	1.298218E+0
113.1406	-1.516724E-1	-1.268921E+0	2.351990E+0	1.315613E+0
113.1563	-1.409912E-1	-1.258240E+0	2.341309E+0	1.334229E+0
113.1719	-1.492310E-1	-1.271362E+0	2.330933E+0	1.352234E+0
113.1719	-1.522827E-1	-1.250916E+0	2.324524E+0	1.369629E+0
113.1875	-1.531982E-1	-1.259155E+0	2.315369E+0	1.388245E+0
113.2031	-1.504517E-1	-1.242065E+0	2.305298E+0	1.405640E+0
113.2031	-1.431274E-1	-1.232300E+0	2.299194E+0	1.422729E+0
113.2188	-1.562500E-1	-1.250916E+0	2.288513E+0	1.441956E+0
113.2188	-1.538086E-1	-1.235962E+0	2.281799E+0	1.459961E+0
113.2344	-1.513672E-1	-1.228638E+0	2.273865E+0	1.476135E+0
113.25	-1.495361E-1	-1.207275E+0	2.264404E+0	1.495972E+0
113.25	-1.556396E-1	-1.204834E+0	2.255554E+0	1.513977E+0
113.2656	-1.544189E-1	-1.228333E+0	2.244568E+0	1.531982E+0
113.2656	-1.528931E-1	-1.223145E+0	2.237854E+0	1.548767E+0
113.2813	-1.531982E-1	-1.203003E+0	2.229004E+0	1.568909E+0
113.2969	-1.455688E-1	-1.188660E+0	2.217712E+0	1.585388E+0
113.2969	-1.461792E-1	-1.187744E+0	2.211609E+0	1.602478E+0
113.3125	-1.446533E-1	-1.177063E+0	2.201843E+0	1.620483E+0
113.3281	-1.452637E-1	-1.195374E+0	2.191162E+0	1.638489E+0
113.3281	-1.553345E-1	-1.195374E+0	2.186279E+0	1.655579E+0
113.3438	-1.461792E-1	-1.171875E+0	2.174683E+0	1.675415E+0
113.3594	-1.434326E-1	-1.163940E+0	2.165222E+0	1.692810E+0
113.3594	-1.440430E-1	-1.156311E+0	2.158813E+0	1.709595E+0
113.375	-1.449585E-1	-1.163635E+0	2.148132E+0	1.728821E+0
113.3906	-1.480103E-1	-1.160889E+0	2.140198E+0	1.746216E+0
113.3906	-1.538086E-1	-1.152649E+0	2.133789E+0	1.764526E+0
113.4063	-1.443481E-1	-1.153564E+0	2.123108E+0	1.782837E+0
113.4219	-1.507568E-1	-1.145020E+0	2.112427E+0	1.800537E+0
113.4219	-1.437378E-1	-1.147766E+0	2.106323E+0	1.817932E+0
113.4375	-1.446533E-1	-1.140137E+0	2.095947E+0	1.836853E+0
113.4531	-1.361084E-1	-1.136169E+0	2.085876E+0	1.854248E+0
113.4531	-1.412964E-1	-1.135864E+0	2.080078E+0	1.871338E+0
113.4688	-1.440430E-1	-1.136780E+0	2.069702E+0	1.890564E+0
113.4688	-1.348877E-1	-1.123962E+0	2.062988E+0	1.907043E+0
113.4844	-1.373291E-1	-1.112671E+0	2.055359E+0	1.924438E+0
113.5	-1.495361E-1	-1.101990E+0	2.045288E+0	1.943970E+0
113.5	-1.467896E-1	-1.107788E+0	2.033386E+0	1.962891E+0
113.5156	-1.412964E-1	-1.115723E+0	2.027283E+0	1.978760E+0
113.5313	-1.464844E-1	-1.080933E+0	2.018738E+0	1.998291E+0
113.5313	-1.422119E-1	-1.077271E+0	2.010498E+0	2.016296E+0
113.5469	-1.422119E-1	-1.079102E+0	2.001648E+0	2.034912E+0
113.5625	-1.345825E-1	-1.081848E+0	1.990662E+0	2.052612E+0
113.5625	-1.507568E-1	-1.084900E+0	1.983337E+0	2.070007E+0
113.5781	-1.443481E-1	-1.079102E+0	1.973572E+0	2.088623E+0
113.5781	-1.358032E-1	-1.068115E+0	1.964111E+0	2.106628E+0
113.5938	-1.434326E-1	-1.068115E+0	1.957703E+0	2.123718E+0
113.6094	-1.385498E-1	-1.056824E+0	1.948242E+0	2.142639E+0
113.6094	-1.406860E-1	-1.064453E+0	1.937561E+0	2.160034E+0
113.625	-1.412964E-1	-1.045837E+0	1.931152E+0	2.177429E+0
113.6406	-1.412964E-1	-1.036377E+0	1.921997E+0	2.196655E+0
113.6406	-1.275635E-1	-1.038208E+0	1.910706E+0	2.214050E+0
113.6563	-1.367187E-1	-1.046143E+0	1.904907E+0	2.229919E+0
113.6719	-1.318359E-1	-1.032410E+0	1.893921E+0	2.248840E+0
113.6719	-1.306152E-1	-1.032104E+0	1.885681E+0	2.266541E+0
113.6875	-1.370239E-1	-1.017761E+0	1.879272E+0	2.284851E+0
113.6875	-1.324463E-1	-1.017456E+0	1.869202E+0	2.303772E+0
113.7031	-1.458740E-1	-1.003113E+0	1.857300E+0	2.320862E+0
113.7188	-1.336670E-1	-1.021729E+0	1.852722E+0	2.337646E+0
113.7188	-1.391602E-1	-9.994507E-1	1.842041E+0	2.358093E+0
113.7344	-1.312256E-1	-1.014404E+0	1.832275E+0	2.375488E+0
113.75	-1.373291E-1	-1.007690E+0	1.825867E+0	2.392273E+0
113.75	-1.336670E-1	-9.945679E-1	1.817017E+0	2.411194E+0
113.7656	-1.379395E-1	-9.997559E-1	1.808167E+0	2.427979E+0
113.7813	-1.443481E-1	-1.000366E+0	1.800537E+0	2.446594E+0
113.7813	-1.473999E-1	-9.869385E-1	1.788330E+0	2.465515E+0
113.7969	-1.428223E-1	-9.909058E-1	1.782532E+0	2.481689E+0
113.8125	-1.373291E-1	-9.841919E-1	1.771545E+0	2.501221E+0
113.8125	-1.416016E-1	-9.747314E-1	1.762695E+0	2.518921E+0
113.8281	-1.345825E-1	-9.692383E-1	1.756592E+0	2.535400E+0
113.8281	-1.284790E-1	-9.451294E-1	1.745605E+0	2.555542E+0
113.8438	-1.306152E-1	-9.613037E-1	1.737061E+0	2.572327E+0
113.8594	-1.263428E-1	-9.582520E-1	1.730042E+0	2.590332E+0
113.8594	-1.272583E-1	-9.436035E-1	1.719971E+0	2.609253E+0
113.875	-1.327515E-1	-9.606934E-1	1.709900E+0	2.626648E+0
113.8906	-1.333618E-1	-9.582520E-1	1.703796E+0	2.644348E+0
113.8906	-1.235962E-1	-9.448242E-1	1.693420E+0	2.663269E+0
113.9063	-1.226807E-1	-9.356689E-1	1.683350E+0	2.680664E+0
113.9063	-1.419067E-1	-9.490967E-1	1.677856E+0	2.697449E+0
113.9219	-1.318359E-1	-9.487915E-1	1.668396E+0	2.716370E+0
113.9375	-1.342773E-1	-9.222412E-1	1.656799E+0	2.734070E+0
113.9375	-1.354980E-1	-9.210205E-1	1.651611E+0	2.750854E+0
113.9531	-1.364136E-1	-9.298706E-1	1.640625E+0	2.770996E+0
113.9688	-1.373291E-1	-9.066772E-1	1.633606E+0	2.786865E+0
113.9688	-1.303101E-1	-8.966064E-1	1.625671E+0	2.806702E+0
113.9844	-1.354980E-1	-9.103394E-1	1.616821E+0	2.824402E+0
114.0	-1.330566E-1	-9.002686E-1	1.608276E+0	2.841187E+0
114.0	-1.223755E-1	-9.008789E-1	1.598206E+0	2.860107E+0
114.0156	-1.278687E-1	-8.984375E-1	1.588135E+0	2.877808E+0
114.0156	-1.293945E-1	-8.978271E-1	1.581726E+0	2.895203E+0
114.0313	-1.281738E-1	-8.981323E-1	1.571960E+0	2.913513E+0
114.0469	-1.257324E-1	-8.850098E-1	1.560669E+0	2.931519E+0
114.0469	-1.293945E-1	-8.782959E-1	1.554871E+0	2.948303E+0
114.0625	-1.281738E-1	-8.792114E-1	1.545410E+0	2.968140E+0
114.0781	-1.403809E-1	-8.724976E-1	1.535645E+0	2.985229E+0
114.0781	-1.284790E-1	-8.731079E-1	1.528931E+0	3.001404E+0
114.0938	-1.263428E-1	-8.511353E-1	1.517334E+0	3.021851E+0
114.1094	-1.232910E-1	-8.609009E-1	1.507263E+0	3.038330E+0
114.1094	-1.245117E-1	-8.737183E-1	1.502075E+0	3.056641E+0
114.125	-1.287842E-1	-8.535767E-1	1.492004E+0	3.075562E+0
114.1406	-1.235962E-1	-8.505249E-1	1.482849E+0	3.092651E+0
114.1406	-1.248169E-1	-8.380127E-1	1.476440E+0	3.110962E+0
114.1563	-1.263428E-1	-8.547974E-1	1.465759E+0	3.129578E+0
114.1719	-1.242065E-1	-8.410645E-1	1.456604E+0	3.146362E+0
114.1719	-1.223755E-1	-8.148193E-1	1.450195E+0	3.165283E+0
114.1875	-1.306152E-1	-8.404541E-1	1.439209E+0	3.183594E+0
114.2031	-1.254272E-1	-8.233643E-1	1.429749E+0	3.200684E+0
114.2031	-1.232910E-1	-8.056641E-1	1.423645E+0	3.217773E+0
114.2188	-1.303101E-1	-8.044434E-1	1.412659E+0	3.237000E+0
114.2188	-1.251221E-1	-8.166504E-1	1.407471E+0	3.254700E+0
114.2344	-1.190186E-1	-8.044434E-1	1.398010E+0	3.271179E+0
114.25	-1.321411E-1	-8.029175E-1	1.389465E+0	3.290405E+0
114.25	-1.275635E-1	-7.870483E-1	1.377869E+0	3.308716E+0
114.2656	-1.205444E-1	-8.209229E-1	1.370850E+0	3.325195E+0
114.2813	-1.229858E-1	-7.946777E-1	1.362305E+0	3.344421E+0
114.2813	-1.208496E-1	-7.943726E-1	1.354370E+0	3.362122E+0
114.2969	-1.245117E-1	-8.026123E-1	1.344604E+0	3.380737E+0
114.3125	-1.248169E-1	-7.864380E-1	1.333923E+0	3.399048E+0
114.3125	-1.245117E-1	-7.723999E-1	1.326904E+0	3.416443E+0
114.3281	-1.229858E-1	-7.766724E-1	1.317749E+0	3.435059E+0
114.3281	-1.193237E-1	-7.644653E-1	1.306763E+0	3.452759E+0
114.3438	-1.181030E-1	-7.550049E-1	1.301270E+0	3.469849E+0
114.3594	-1.181030E-1	-7.623291E-1	1.291809E+0	3.489075E+0
114.3594	-1.275635E-1	-7.693481E-1	1.280518E+0	3.505859E+0
114.375	-1.174927E-1	-7.562256E-1	1.275330E+0	3.522949E+0
114.3906	-1.269531E-1	-7.519531E-1	1.265259E+0	3.541870E+0
114.3906	-1.226807E-1	-7.400513E-1	1.253967E+0	3.559265E+0
114.4063	-1.153564E-1	-7.531738E-1	1.248474E+0	3.576355E+0
114.4219	-1.123047E-1	-7.321167E-1	1.237793E+0	3.595581E+0
114.4219	-1.077271E-1	-7.287598E-1	1.229858E+0	3.613892E+0
114.4375	-1.245117E-1	-7.519531E-1	1.222229E+0	3.631287E+0
114.4531	-1.159668E-1	-7.290649E-1	1.211548E+0	3.649292E+0
114.4531	-1.254272E-1	-7.495117E-1	1.200867E+0	3.667297E+0
114.4688	-1.174927E-1	-7.415771E-1	1.195679E+0	3.684082E+0
114.4688	-1.165771E-1	-7.183838E-1	1.185608E+0	3.703918E+0
114.4844	-1.150513E-1	-7.153320E-1	1.175537E+0	3.721313E+0
114.5	-1.129150E-1	-7.000732E-1	1.170044E+0	3.738098E+0
114.5	-1.116943E-1	-7.031250E-1	1.159973E+0	3.757629E+0
114.5156	-1.126099E-1	-7.028198E-1	1.151123E+0	3.774414E+0
114.5156	-1.107788E-1	-7.147217E-1	1.144714E+0	3.793030E+0
114.5313	-1.202393E-1	-6.954956E-1	1.134033E+0	3.811340E+0
114.5469	-1.138306E-1	-7.052612E-1	1.122131E+0	3.829346E+0
114.5469	-1.080322E-1	-6.936646E-1	1.116943E+0	3.846130E+0
114.5625	-1.116943E-1	-6.857300E-1	1.108093E+0	3.865662E+0
114.5781	-1.135254E-1	-6.921387E-1	1.097107E+0	3.882751E+0
114.5781	-1.266479E-1	-6.900024E-1	1.091309E+0	3.899536E+0
114.5938	-1.126099E-1	-6.790161E-1	1.080322E+0	3.919678E+0
114.6094	-1.223755E-1	-6.808472E-1	1.070557E+0	3.935852E+0
114.6094	-1.248169E-1	-6.829834E-1	1.065369E+0	3.953857E+0
114.625	-1.095581E-1	-6.686401E-1	1.054077E+0	3.972473E+0
114.6406	-1.184082E-1	-6.463623E-1	1.045532E+0	3.990173E+0
114.6406	-1.190186E-1	-6.607056E-1	1.037903E+0	4.008179E+0
114.6563	-1.153564E-1	-6.652832E-1	1.028442E+0	4.026184E+0
114.6719	-1.135254E-1	-6.579590E-1	1.018677E+0	4.044189E+0
114.6719	-1.092529E-1	-6.448364E-1	1.012268E+0	4.063110E+0
114.6875	-1.150513E-1	-6.509399E-1	1.001587E+0	4.080811E+0
114.7031	-1.132202E-1	-6.524658E-1	9.915161E-1	4.098511E+0
114.7031	-1.098633E-1	-6.271362E-1	9.854126E-1	4.114990E+0
114.7188	-1.123047E-1	-6.454468E-1	9.759521E-1	4.133606E+0
114.7188	-1.144409E-1	-6.347656E-1	9.695435E-1	4.151917E+0
114.7344	-1.199341E-1	-6.381226E-1	9.609985E-1	4.167175E+0
114.75	-1.165771E-1	-6.243896E-1	9.506226E-1	4.187317E+0
114.75	-1.095581E-1	-6.149292E-1	9.429932E-1	4.205017E+0
114.7656	-1.138306E-1	-6.039429E-1	9.350586E-1	4.220581E+0
114.7813	-1.150513E-1	-6.250000E-1	9.252930E-1	4.240723E+0
114.7813	-1.086426E-1	-6.225586E-1	9.127808E-1	4.258728E+0
114.7969	-1.049805E-1	-6.228638E-1	9.060669E-1	4.276123E+0
114.8125	-1.095581E-1	-5.999756E-1	8.963013E-1	4.295349E+0
114.8125	-1.156616E-1	-6.176758E-1	8.877563E-1	4.313049E+0
114.8281	-1.168823E-1	-6.231689E-1	8.816528E-1	4.330139E+0
114.8281	-1.104736E-1	-6.011963E-1	8.706665E-1	4.349365E+0
114.8438	-1.098633E-1	-6.143188E-1	8.615112E-1	4.366150E+0
114.8594	-1.046753E-1	-6.103516E-1	8.544922E-1	4.382935E+0
114.8594	-1.104736E-1	-6.005859E-1	8.450317E-1	4.402466E+0
114.875	-1.132202E-1	-5.877686E-1	8.343506E-1	4.420166E+0
114.8906	-1.077271E-1	-5.874634E-1	8.288574E-1	4.437561E+0
114.8906	-1.083374E-1	-5.749512E-1	8.172607E-1	4.456787E+0
114.9063	-1.077271E-1	-5.630493E-1	8.084106E-1	4.474182E+0
114.9063	-1.022339E-1	-5.691528E-1	8.023071E-1	4.490967E+0
114.9219	-1.129150E-1	-5.859375E-1	7.925415E-1	4.510498E+0
114.9375	-1.141357E-1	-5.630493E-1	7.818604E-1	4.528503E+0
114.9375	-1.040649E-1	-5.563354E-1	7.754517E-1	4.544373E+0
114.9531	-9.490967E-2	-5.499268E-1	7.656860E-1	4.564209E+0
114.9688	-1.135254E-1	-5.621338E-1	7.589722E-1	4.580383E+0
114.9688	-1.089478E-1	-5.566406E-1	7.495117E-1	4.599609E+0
114.9844	-1.049805E-1	-5.599976E-1	7.403564E-1	4.617310E+0
115.0	-1.083374E-1	-5.572510E-1	7.324219E-1	4.635315E+0
115.0	-1.004028E-1	-5.401611E-1	7.238770E-1	4.653320E+0
115.0156	-9.857178E-2	-5.386353E-1	7.159424E-1	4.668579E+0
115.0313	-1.016235E-1	-5.447388E-1	7.061768E-1	4.689331E+0
115.0313	-1.013184E-1	-5.328369E-1	6.945801E-1	4.706116E+0
115.0469	-1.065063E-1	-5.276489E-1	6.881714E-1	4.723206E+0
115.0625	-1.058960E-1	-5.337524E-1	6.768799E-1	4.743347E+0
115.0625	-9.948730E-2	-5.245972E-1	6.680298E-1	4.760437E+0
115.0781	-1.013184E-1	-5.059814E-1	6.616211E-1	4.776611E+0
115.0781	-1.022339E-1	-5.120850E-1	6.515503E-1	4.795532E+0
115.0938	-1.089478E-1	-5.090332E-1	6.427002E-1	4.813538E+0
115.1094	-9.948730E-2	-5.108643E-1	6.353760E-1	4.830322E+0
115.1094	-1.119995E-1	-4.940796E-1	6.253052E-1	4.849854E+0
115.125	-1.058960E-1	-5.154419E-1	6.155396E-1	4.866943E+0
115.1406	-9.277344E-2	-5.020142E-1	6.100464E-1	4.884644E+0
115.1406	-1.028442E-1	-4.855347E-1	5.984497E-1	4.902954E+0
115.1563	-9.613037E-2	-4.888916E-1	5.902100E-1	4.921265E+0
115.1563	-1.000977E-1	-4.971313E-1	5.841064E-1	4.937134E+0
115.1719	-1.010132E-1	-4.776001E-1	5.737305E-1	4.957275E+0
115.1875	-1.046753E-1	-4.818726E-1	5.624390E-1	4.974060E+0
115.1875	-9.582520E-2	-4.751587E-1	5.569458E-1	4.991455E+0
115.2031	-1.022339E-1	-4.916382E-1	5.465698E-1	5.010986E+0
115.2188	-1.007080E-1	-4.586792E-1	5.401611E-1	5.027161E+0
115.2188	-1.083374E-1	-4.849243E-1	5.316162E-1	5.046387E+0
115.2344	-9.094238E-2	-4.708862E-1	5.197144E-1	5.064697E+0
115.25	-1.040649E-1	-4.669189E-1	5.099487E-1	5.081787E+0
115.25	-9.490967E-2	-4.782104E-1	5.041504E-1	5.099182E+0
115.2656	-1.095581E-1	-4.736328E-1	4.943848E-1	5.118408E+0
115.2813	-1.031494E-1	-4.736328E-1	4.837036E-1	5.136108E+0
115.2813	-1.110840E-1	-4.598999E-1	4.785156E-1	5.153198E+0
115.2969	-1.098633E-1	-4.672241E-1	4.681396E-1	5.172119E+0
115.3125	-1.004028E-1	-4.510498E-1	4.592896E-1	5.189209E+0
115.3125	-1.013184E-1	-4.397583E-1	4.522705E-1	5.206909E+0
115.3281	-9.918213E-2	-4.513550E-1	4.425049E-1	5.226135E+0
115.3281	-1.025391E-1	-4.510498E-1	4.318237E-1	5.243225E+0
115.3438	-1.010132E-1	-4.449463E-1	4.257202E-1	5.261230E+0
115.3594	-1.098633E-1	-4.324341E-1	4.156494E-1	5.278931E+0
115.3594	-9.033203E-2	-4.379272E-1	4.058838E-1	5.296021E+0
115.375	-1.010132E-1	-4.162598E-1	3.994751E-1	5.313416E+0
115.3906	-9.704590E-2	-4.122925E-1	3.897095E-1	5.332336E+0
115.3906	-9.948730E-2	-4.061890E-1	3.799438E-1	5.350952E+0
115.4063	-9.796143E-2	-4.391479E-1	3.738403E-1	5.366821E+0
115.4219	-9.948730E-2	-4.241943E-1	3.634644E-1	5.386963E+0
115.4219	-9.704590E-2	-4.113770E-1	3.546143E-1	5.402832E+0
115.4375	-1.016235E-1	-4.046631E-1	3.472900E-1	5.420227E+0
115.4375	-8.514404E-2	-4.241943E-1	3.372192E-1	5.439148E+0
115.4531	-8.941650E-2	-4.074097E-1	3.271484E-1	5.456848E+0
115.4688	-8.911133E-2	-4.067993E-1	3.213501E-1	5.473022E+0
115.4688	-9.490967E-2	-3.927612E-1	3.100586E-1	5.493469E+0
115.4844	-9.338379E-2	-3.851318E-1	3.009033E-1	5.510254E+0
115.5	-9.277344E-2	-3.930664E-1	2.947998E-1	5.527954E+0
115.5	-8.880615E-2	-3.930664E-1	2.862549E-1	5.546570E+0
115.5156	-8.789062E-2	-3.927612E-1	2.774048E-1	5.563049E+0
115.5156	-9.613037E-2	-3.955078E-1	2.682495E-1	5.581665E+0
115.5313	-9.033203E-2	-3.839111E-1	2.587891E-1	5.600281E+0
115.5469	-9.277344E-2	-3.952026E-1	2.481079E-1	5.617676E+0
115.5469	-8.880615E-2	-3.713989E-1	2.426147E-1	5.634460E+0
115.5625	-9.765625E-2	-3.720093E-1	2.325439E-1	5.654297E+0
115.5781	-1.080322E-1	-3.799438E-1	2.218628E-1	5.671387E+0
115.5781	-9.552002E-2	-3.784180E-1	2.160645E-1	5.688171E+0
115.5938	-1.019287E-1	-3.622437E-1	2.059937E-1	5.708008E+0
115.6094	-9.002686E-2	-3.558350E-1	1.959229E-1	5.724792E+0
115.6094	-9.338379E-2	-3.610229E-1	1.898193E-1	5.741577E+0
115.625	-9.429932E-2	-3.390503E-1	1.794434E-1	5.761414E+0
115.6406	-8.972168E-2	-3.533936E-1	1.705933E-1	5.777588E+0
115.6406	-8.972168E-2	-3.588867E-1	1.638794E-1	5.795593E+0
115.6563	-9.490967E-2	-3.506470E-1	1.538086E-1	5.815125E+0
115.6719	-9.368896E-2	-3.302002E-1	1.446533E-1	5.832214E+0
115.6719	-8.880615E-2	-3.372192E-1	1.382446E-1	5.849609E+0
115.6875	-9.063721E-2	-3.399658E-1	1.269531E-1	5.868530E+0
115.7031	-9.094238E-2	-3.460693E-1	1.187134E-1	5.886230E+0
115.7031	-8.789062E-2	-3.308105E-1	1.126099E-1	5.902710E+0
115.7188	-9.185791E-2	-3.201294E-1	1.022339E-1	5.922241E+0
115.7188	-8.575439E-2	-3.189087E-1	9.460449E-2	5.939636E+0
115.7344	-9.429932E-2	-3.323364E-1	8.758545E-2	5.955200E+0
115.75	-9.460449E-2	-3.222656E-1	7.629395E-2	5.975647E+0
115.75	-8.880615E-2	-3.002930E-1	6.835937E-2	5.993652E+0
115.7656	-1.010132E-1	-3.219604E-1	6.195068E-2	6.009827E+0
115.7813	-9.643555E-2	-3.210449E-1	5.065918E-2	6.028137E+0
115.7813	-8.911133E-2	-3.170776E-1	3.906250E-2	6.046143E+0
115.7969	-8.850098E-2	-2.874756E-1	3.265381E-2	6.062622E+0
115.8125	-9.826660E-2	-2.987671E-1	2.258301E-2	6.082458E+0
115.8125	-9.094238E-2	-2.865601E-1	1.373291E-2	6.098938E+0
115.8281	-9.094238E-2	-2.905273E-1	7.934570E-3	6.115417E+0
115.8281	-8.850098E-2	-2.844238E-1	5.493164E-3	6.021118E+0
115.8438	-8.361816E-2	-2.676392E-1	5.798340E-3	5.923157E+0
115.8594	-9.124756E-2	-2.697754E-1	5.493164E-3	5.826416E+0
115.8594	-8.758545E-2	-2.816772E-1	6.103516E-3	5.719299E+0
115.875	-8.666992E-2	-2.780151E-1	5.493164E-3	5.621643E+0
115.8906	-8.453369E-2	-2.590942E-1	5.798340E-3	5.523682E+0
115.8906	-9.429932E-2	-2.828979E-1	5.493164E-3	5.418091E+0
115.9063	-9.643555E-2	-2.722168E-1	5.798340E-3	5.320129E+0
115.9063	-9.033203E-2	-2.838135E-1	6.103516E-3	5.223999E+0
115.9219	-9.033203E-2	-2.618408E-1	5.493164E-3	5.117798E+0
115.9375	-8.758545E-2	-2.795410E-1	5.798340E-3	5.018005E+0
115.9375	-8.789062E-2	-2.740479E-1	5.493164E-3	4.924622E+0
115.9531	-8.117676E-2	-2.728271E-1	5.798340E-3	4.816589E+0
115.9688	-8.850098E-2	-2.682495E-1	5.798340E-3	4.720154E+0
115.9688	-7.965088E-2	-2.386475E-1	6.103516E-3	4.616394E+0
115.9844	-8.697510E-2	-2.502441E-1	6.408691E-3	4.516602E+0
116.0	-8.819580E-2	-2.578735E-1	5.798340E-3	4.414978E+0
116.0	-8.453369E-2	-2.639771E-1	5.493164E-3	4.319153E+0
116.0156	-8.392334E-2	-2.432251E-1	6.103516E-3	4.215088E+0
116.0313	-8.666992E-2	-2.502441E-1	6.103516E-3	4.114990E+0
116.0313	-7.537842E-2	-2.423096E-1	5.798340E-3	4.019470E+0
116.0469	-8.544922E-2	-2.420044E-1	6.103516E-3	3.912964E+0
116.0625	-8.758545E-2	-2.572632E-1	5.798340E-3	3.815613E+0
116.0625	-7.873535E-2	-2.450562E-1	6.103516E-3	3.714905E+0
116.0781	-9.552002E-2	-2.551270E-1	7.019043E-3	3.613586E+0
116.0781	-9.033203E-2	-2.539062E-1	6.713867E-3	3.512878E+0
116.0938	-9.613037E-2	-2.621460E-1	7.019043E-3	3.414612E+0
116.1094	-8.514404E-2	-2.484131E-1	7.019043E-3	3.309937E+0
116.1094	-7.659912E-2	-2.331543E-1	7.019043E-3	3.211060E+0
116.125	-8.880615E-2	-2.484131E-1	6.713867E-3	3.115540E+0
116.1406	-8.850098E-2	-2.398682E-1	7.324219E-3	3.009644E+0
116.1406	-8.087158E-2	-2.410889E-1	6.713867E-3	2.909851E+0
116.1563	-8.850098E-2	-2.325439E-1	7.019043E-3	2.812195E+0
116.1719	-8.453369E-2	-2.264404E-1	7.324219E-3	2.708435E+0
116.1719	-8.697510E-2	-2.307129E-1	7.019043E-3	2.608948E+0
116.1875	-8.392334E-2	-2.307129E-1	6.408691E-3	2.508850E+0
116.1875	-7.537842E-2	-2.322388E-1	7.019043E-3	2.407227E+0
116.2031	-7.873535E-2	-2.005005E-1	7.324219E-3	2.307129E+0
116.2188	-7.781982E-2	-2.130127E-1	6.408691E-3	2.209473E+0
116.2188	-8.483887E-2	-2.197266E-1	7.019043E-3	2.105408E+0
116.2344	-7.934570E-2	-2.069092E-1	6.713867E-3	2.004089E+0
116.25	-7.629395E-2	-2.200317E-1	7.019043E-3	1.907959E+0
116.25	-8.209229E-2	-1.986694E-1	7.324219E-3	1.804199E+0
116.2656	-8.575439E-2	-2.255249E-1	6.713867E-3	1.707458E+0
116.2656	-8.605957E-2	-1.937866E-1	6.713867E-3	1.603699E+0
116.2813	-8.544922E-2	-1.794434E-1	7.324219E-3	1.502991E+0
116.2969	-8.056641E-2	-1.995850E-1	7.019043E-3	1.403198E+0
116.2969	-8.270264E-2	-2.011108E-1	6.713867E-3	1.305237E+0
116.3125	-7.934570E-2	-2.011108E-1	6.408691E-3	1.202698E+0
116.3281	-7.476807E-2	-1.858521E-1	7.019043E-3	1.102600E+0
116.3281	-7.995605E-2	-1.947021E-1	7.019043E-3	1.006470E+0
116.3438	-8.789062E-2	-1.916504E-1	7.324219E-3	9.008789E-1
116.3594	-7.965088E-2	-1.922607E-1	7.629395E-3	8.020020E-1
116.3594	-8.789062E-2	-1.818848E-1	7.019043E-3	7.040405E-1
116.375	-8.148193E-2	-1.879883E-1	7.324219E-3	5.993652E-1
116.3906	-7.995605E-2	-1.828003E-1	7.019043E-3	4.989624E-1
116.3906	-7.934570E-2	-1.681519E-1	7.019043E-3	3.991699E-1
116.4063	-8.331299E-2	-1.547241E-1	7.019043E-3	2.978516E-1
116.4219	-8.056641E-2	-1.519775E-1	7.019043E-3	1.989746E-1
116.4219	-7.629395E-2	-1.623535E-1	8.850098E-3	9.918213E-2
116.4375	-7.141113E-2	-1.501465E-1	7.324219E-3	-2.746582E-3
116.4531	-8.697510E-2	-1.647949E-1	7.324219E-3	6.103516E-4
116.4531	-8.148193E-2	-1.492310E-1	7.629395E-3	2.746582E-3
116.4688	-7.537842E-2	-1.596069E-1	7.934570E-3	3.051758E-3
116.4688	-8.880615E-2	-1.550293E-1	7.324219E-3	3.051758E-3
116.4844	-7.415771E-2	-1.498413E-1	7.629395E-3	3.662109E-3
116.5	-8.239746E-2	-1.647949E-1	7.934570E-3	3.662109E-3
116.5	-7.995605E-2	-1.513672E-1	7.019043E-3	4.272461E-3
116.5156	-7.324219E-2	-1.513672E-1	7.629395E-3	4.272461E-3
116.5313	-7.202148E-2	-1.568604E-1	7.934570E-3	4.577637E-3
116.5313	-7.843018E-2	-1.730347E-1	7.324219E-3	4.577637E-3
116.5469	-8.605957E-2	-1.513672E-1	7.934570E-3	4.577637E-3
116.5625	-8.087158E-2	-1.574707E-1	7.934570E-3	4.577637E-3
116.5625	-7.019043E-2	-1.580811E-1	7.629395E-3	4.577637E-3
116.5781	-7.141113E-2	-1.510620E-1	7.019043E-3	4.882812E-3
116.5781	-8.392334E-2	-1.669312E-1	7.629395E-3	4.577637E-3
116.5938	-7.415771E-2	-1.425171E-1	7.019043E-3	5.187988E-3
116.6094	-7.720947E-2	-1.513672E-1	7.019043E-3	4.577637E-3
116.6094	-8.880615E-2	-1.629639E-1	7.324219E-3	4.577637E-3
116.625	-7.995605E-2	-1.473999E-1	7.629395E-3	4.882812E-3
116.6406	-7.751465E-2	-1.403809E-1	7.934570E-3	4.577637E-3
116.6406	-8.178711E-2	-1.654053E-1	7.324219E-3	4.882812E-3
116.6563	-8.361816E-2	-1.608276E-1	7.324219E-3	4.577637E-3
116.6563	-7.537842E-2	-1.562500E-1	7.629395E-3	4.577637E-3
116.6719	-6.866455E-2	-1.492310E-1	7.629395E-3	4.882812E-3
116.6875	-7.415771E-2	-1.651001E-1	7.019043E-3	4.577637E-3
116.6875	-7.476807E-2	-1.666260E-1	7.629395E-3	3.967285E-3
116.7031	-8.483887E-2	-1.651001E-1	7.629395E-3	4.882812E-3
116.7188	-7.812500E-2	-1.608276E-1	7.324219E-3	4.272461E-3
116.7188	-6.805420E-2	-1.504517E-1	7.629395E-3	4.577637E-3
116.7344	-7.537842E-2	-1.611328E-1	7.324219E-3	4.577637E-3
116.75	-8.331299E-2	-1.544189E-1	7.934570E-3	5.187988E-3
116.75	-8.239746E-2	-1.409912E-1	7.629395E-3	4.882812E-3
116.7656	-7.415771E-2	-1.583862E-1	7.629395E-3	4.272461E-3
116.7813	-7.629395E-2	-1.513672E-1	7.629395E-3	4.272461E-3
116.7813	-7.995605E-2	-1.647949E-1	7.629395E-3	5.187988E-3
116.7969	-7.049561E-2	-1.556396E-1	7.324219E-3	4.882812E-3
116.8125	-8.087158E-2	-1.559448E-1	7.019043E-3	5.187988E-3
116.8125	-7.751465E-2	-1.812744E-1	7.324219E-3	4.882812E-3
116.8281	-8.758545E-2	-1.614380E-1	7.934570E-3	4.577637E-3
116.8281	-8.026123E-2	-1.513672E-1	7.934570E-3	5.187988E-3
116.8438	-7.904053E-2	-1.510620E-1	7.324219E-3	4.272461E-3
116.8594	-7.446289E-2	-1.727295E-1	7.324219E-3	5.187988E-3
116.8594	-8.972168E-2	-1.513672E-1	7.934570E-3	4.577637E-3
116.875	-7.568359E-2	-1.501465E-1	7.629395E-3	4.577637E-3
116.8906	-8.361816E-2	-1.535034E-1	7.629395E-3	5.187988E-3
116.8906	-8.514404E-2	-1.528931E-1	7.629395E-3	4.577637E-3
116.9063	-7.476807E-2	-1.641846E-1	7.934570E-3	5.187988E-3
116.9219	-7.720947E-2	-1.690674E-1	8.239746E-3	4.577637E-3
116.9219	-7.812500E-2	-1.489258E-1	7.324219E-3	4.882812E-3
116.9375	-7.965088E-2	-1.657104E-1	7.324219E-3	5.187988E-3
116.9531	-8.209229E-2	-1.550293E-1	7.629395E-3	4.577637E-3
116.9531	-7.751465E-2	-1.489258E-1	6.713867E-3	4.272461E-3
116.9688	-7.507324E-2	-1.510620E-1	7.019043E-3	4.577637E-3
116.9688	-7.934570E-2	-1.562500E-1	7.934570E-3	4.272461E-3
116.9844	-8.239746E-2	-1.644897E-1	7.934570E-3	4.577637E-3
117.0	-8.178711E-2	-1.568604E-1	7.019043E-3	4.882812E-3
117.0	-8.514404E-2	-1.596069E-1	7.934570E-3	4.577637E-3
117.0156	-8.148193E-2	-1.507568E-1	7.629395E-3	4.882812E-3
117.0156	-8.270264E-2	-1.367187E-1	7.324219E-3	3.967285E-3
117.0313	-8.148193E-2	-1.562500E-1	7.629395E-3	5.187988E-3
117.0469	-7.537842E-2	-1.412964E-1	7.324219E-3	5.187988E-3
117.0469	-7.110596E-2	-1.455688E-1	7.934570E-3	4.882812E-3
117.0625	-8.300781E-2	-1.565552E-1	7.629395E-3	4.882812E-3
117.0781	-8.026123E-2	-1.583862E-1	7.934570E-3	4.272461E-3
117.0781	-7.965088E-2	-1.483154E-1	7.324219E-3	5.187988E-3
117.0938	-7.659912E-2	-1.403809E-1	7.934570E-3	5.187988E-3
117.1094	-8.056641E-2	-1.565552E-1	7.629395E-3	4.882812E-3
117.1094	-7.568359E-2	-1.510620E-1	7.629395E-3	4.882812E-3
117.125	-8.636475E-2	-1.678467E-1	7.629395E-3	4.882812E-3
117.1406	-7.232666E-2	-1.510620E-1	7.629395E-3	4.272461E-3
117.1406	-8.178711E-2	-1.644897E-1	8.239746E-3	4.882812E-3
117.1563	-8.087158E-2	-1.318359E-1	7.629395E-3	4.882812E-3
117.1719	-8.209229E-2	-1.486206E-1	7.324219E-3	5.187988E-3
117.1719	-7.385254E-2	-1.336670E-1	7.324219E-3	5.187988E-3
117.1875	-7.568359E-2	-1.577759E-1	7.629395E-3	4.882812E-3
117.2031	-7.690430E-2	-1.400757E-1	7.324219E-3	5.187988E-3
117.2031	-7.720947E-2	-1.458740E-1	7.934570E-3	4.882812E-3
117.2188	-7.293701E-2	-1.296997E-1	7.629395E-3	5.493164E-3
117.2344	-8.636475E-2	-1.394653E-1	7.324219E-3	4.577637E-3
117.2344	-8.789062E-2	-1.339722E-1	7.629395E-3	5.493164E-3
117.25	-8.300781E-2	-1.580811E-1	7.324219E-3	4.882812E-3
117.25	-7.202148E-2	-1.370239E-1	7.629395E-3	5.493164E-3
117.2656	-7.446289E-2	-1.458740E-1	7.019043E-3	4.577637E-3
117.2656	-6.988525E-2	-1.501465E-1	7.934570E-3	4.882812E-3
117.2813	-7.141113E-2	-1.440430E-1	7.629395E-3	4.577637E-3
117.2969	-7.781982E-2	-1.574707E-1	7.019043E-3	5.187988E-3
117.2969	-7.904053E-2	-1.660156E-1	7.324219E-3	5.187988E-3
117.3125	-7.537842E-2	-1.599121E-1	7.324219E-3	4.882812E-3
117.3281	-8.819580E-2	-1.586914E-1	7.629395E-3	4.882812E-3
117.3281	-7.629395E-2	-1.446533E-1	7.629395E-3	4.882812E-3
117.3438	-7.843018E-2	-1.583862E-1	7.324219E-3	4.882812E-3
117.3594	-6.958008E-2	-1.562500E-1	7.019043E-3	4.882812E-3
117.3594	-8.178711E-2	-1.522827E-1	7.019043E-3	4.882812E-3
117.375	-7.629395E-2	-1.593018E-1	7.324219E-3	5.187988E-3
117.3906	-7.598877E-2	-1.580811E-1	7.934570E-3	4.882812E-3
117.3906	-7.812500E-2	-1.544189E-1	7.934570E-3	4.882812E-3
117.4063	-7.263184E-2	-1.486206E-1	7.629395E-3	4.882812E-3
117.4219	-8.117676E-2	-1.452637E-1	6.713867E-3	4.577637E-3
117.4219	-7.537842E-2	-1.278687E-1	7.324219E-3	4.577637E-3
117.4375	-7.873535E-2	-1.461792E-1	7.629395E-3	4.882812E-3
117.4531	-8.209229E-2	-1.632690E-1	7.629395E-3	5.493164E-3
117.4531	-8.270264E-2	-1.525879E-1	7.934570E-3	4.882812E-3
117.4688	-7.354736E-2	-1.461792E-1	7.629395E-3	5.187988E-3
117.4688	-7.781982E-2	-1.431274E-1	7.629395E-3	4.577637E-3
117.4844	-7.598877E-2	-1.388550E-1	7.629395E-3	3.967285E-3
117.5	-7.659912E-2	-1.574707E-1	7.934570E-3	5.187988E-3
117.5	-6.927490E-2	-1.361084E-1	7.629395E-3	4.882812E-3
117.5156	-8.087158E-2	-1.641846E-1	7.934570E-3	4.882812E-3
117.5313	-8.300781E-2	-1.608276E-1	7.324219E-3	4.577637E-3
117.5313	-8.392334E-2	-1.480103E-1	7.934570E-3	4.882812E-3
