November 24, 2009 14:09
629a03
H:\20091124-sws11-ls\traj\LS_p33_d80_vp20_vd20.traj
lateral amplification = 100
normal amp = 500
pitch angle = -4
roll angle = 130
cantilever = 629a03
sample = sws11
<data>
time	voltageForceLateral	voltageForceNormal	voltagePositionX	voltagePositionY
87.1406	-9.185791E-2	-2.340698E-1	7.629395E-3	5.493164E-3
87.1406	-7.873535E-2	-2.487183E-1	7.934570E-3	5.187988E-3
87.1562	-9.399414E-2	-2.474976E-1	7.934570E-3	5.187988E-3
87.1719	-9.918213E-2	-2.191162E-1	7.934570E-3	5.187988E-3
87.1719	-8.422852E-2	-2.539062E-1	8.239746E-3	5.187988E-3
87.1875	-1.031494E-1	-1.931763E-1	7.324219E-3	5.493164E-3
87.2031	-1.007080E-1	-2.160645E-1	8.239746E-3	5.187988E-3
87.2031	-9.582520E-2	-2.233887E-1	7.629395E-3	5.187988E-3
87.2187	-9.063721E-2	-2.297974E-1	7.629395E-3	5.187988E-3
87.2187	-8.789062E-2	-2.416992E-1	7.629395E-3	5.187988E-3
87.2344	-9.765625E-2	-2.304077E-1	7.934570E-3	4.882812E-3
87.25	-8.911133E-2	-2.279663E-1	7.629395E-3	5.493164E-3
87.25	-9.490967E-2	-2.468872E-1	7.629395E-3	4.882812E-3
87.2656	-8.636475E-2	-2.493286E-1	8.239746E-3	5.493164E-3
87.2812	-8.819580E-2	-2.410889E-1	7.629395E-3	5.187988E-3
87.2812	-8.758545E-2	-2.139282E-1	7.324219E-3	5.187988E-3
87.2969	-9.460449E-2	-2.368164E-1	7.629395E-3	5.187988E-3
87.2969	-9.490967E-2	-2.154541E-1	7.629395E-3	4.882812E-3
87.3125	-8.514404E-2	-2.365112E-1	7.629395E-3	5.493164E-3
87.3281	-9.582520E-2	-2.160645E-1	7.934570E-3	5.187988E-3
87.3281	-8.789062E-2	-2.194214E-1	7.629395E-3	4.882812E-3
87.3437	-9.765625E-2	-2.435303E-1	8.239746E-3	5.187988E-3
87.3594	-8.850098E-2	-2.157593E-1	7.934570E-3	4.577637E-3
87.3594	-9.155273E-2	-2.554321E-1	7.934570E-3	5.493164E-3
87.375	-9.826660E-2	-2.310181E-1	7.629395E-3	5.187988E-3
87.3906	-8.422852E-2	-2.212524E-1	7.934570E-3	5.187988E-3
87.3906	-9.368896E-2	-2.389526E-1	7.629395E-3	5.493164E-3
87.4062	-8.880615E-2	-2.209473E-1	8.239746E-3	5.493164E-3
87.4219	-8.789062E-2	-2.471924E-1	7.324219E-3	4.882812E-3
87.4219	-9.399414E-2	-2.313232E-1	7.934570E-3	5.798340E-3
87.4375	-9.643555E-2	-2.291870E-1	7.629395E-3	5.493164E-3
87.4531	-9.399414E-2	-2.337646E-1	7.629395E-3	4.882812E-3
87.4531	-9.490967E-2	-2.343750E-1	7.629395E-3	5.187988E-3
87.4687	-8.728027E-2	-2.420044E-1	7.629395E-3	5.493164E-3
87.4844	-9.796143E-2	-2.044678E-1	7.629395E-3	4.577637E-3
87.4844	-7.293701E-2	-2.371216E-1	7.629395E-3	4.882812E-3
87.5	-9.429932E-2	-2.264404E-1	7.629395E-3	5.798340E-3
87.5	-9.643555E-2	-2.218628E-1	7.629395E-3	5.187988E-3
87.5156	-9.460449E-2	-2.337646E-1	7.934570E-3	5.493164E-3
87.5312	-9.338379E-2	-2.108765E-1	7.934570E-3	5.493164E-3
87.5312	-8.941650E-2	-2.203369E-1	7.629395E-3	5.187988E-3
87.5469	-9.552002E-2	-2.233887E-1	9.155273E-3	4.577637E-3
87.5625	-9.063721E-2	-2.224731E-1	7.934570E-3	5.187988E-3
87.5625	-8.880615E-2	-2.182007E-1	7.934570E-3	5.493164E-3
87.5781	-9.857178E-2	-2.322388E-1	7.934570E-3	4.882812E-3
87.5937	-8.666992E-2	-2.462769E-1	7.324219E-3	5.493164E-3
87.5937	-8.361816E-2	-2.346802E-1	7.629395E-3	5.493164E-3
87.6094	-1.031494E-1	-2.056885E-1	7.629395E-3	5.493164E-3
87.6094	-9.307861E-2	-1.889038E-1	8.239746E-3	4.882812E-3
87.625	-8.941650E-2	-2.410889E-1	7.629395E-3	4.882812E-3
87.6406	-9.826660E-2	-2.310181E-1	7.934570E-3	5.493164E-3
87.6406	-9.185791E-2	-2.258301E-1	7.934570E-3	5.187988E-3
87.6562	-9.765625E-2	-2.120972E-1	7.629395E-3	5.187988E-3
87.6719	-1.022339E-1	-2.062988E-1	8.239746E-3	4.882812E-3
87.6719	-1.019287E-1	-2.316284E-1	7.934570E-3	5.798340E-3
87.6875	-8.422852E-2	-2.340698E-1	8.239746E-3	5.493164E-3
87.7031	-9.124756E-2	-2.462769E-1	8.239746E-3	5.187988E-3
87.7031	-1.004028E-1	-2.297974E-1	7.934570E-3	4.882812E-3
87.7187	-8.422852E-2	-2.081299E-1	8.239746E-3	5.187988E-3
87.7187	-1.019287E-1	-2.304077E-1	7.629395E-3	5.187988E-3
87.7344	-8.728027E-2	-2.255249E-1	7.934570E-3	5.493164E-3
87.75	-9.124756E-2	-2.056885E-1	7.934570E-3	5.493164E-3
87.75	-8.666992E-2	-2.175903E-1	7.629395E-3	5.187988E-3
87.7656	-9.857178E-2	-2.151489E-1	8.239746E-3	4.577637E-3
87.7812	-9.399414E-2	-2.325439E-1	7.934570E-3	5.493164E-3
87.7812	-9.857178E-2	-2.465820E-1	8.239746E-3	5.798340E-3
87.7969	-9.033203E-2	-2.178955E-1	7.324219E-3	5.798340E-3
87.7969	-9.155273E-2	-2.059937E-1	7.934570E-3	5.798340E-3
87.8125	-9.979248E-2	-2.365112E-1	8.239746E-3	5.187988E-3
87.8281	-8.666992E-2	-2.386475E-1	8.239746E-3	5.493164E-3
87.8281	-9.063721E-2	-2.023315E-1	7.324219E-3	4.882812E-3
87.8437	-8.361816E-2	-2.066040E-1	7.934570E-3	5.493164E-3
87.8594	-7.843018E-2	-2.224731E-1	8.239746E-3	4.882812E-3
87.8594	-9.490967E-2	-2.435303E-1	7.934570E-3	5.493164E-3
87.875	-7.965088E-2	-2.377319E-1	7.629395E-3	4.882812E-3
87.8906	-9.918213E-2	-2.313232E-1	7.324219E-3	5.187988E-3
87.8906	-9.338379E-2	-2.429199E-1	7.934570E-3	5.798340E-3
87.9062	-8.850098E-2	-2.328491E-1	8.239746E-3	5.187988E-3
87.9219	-9.765625E-2	-2.374268E-1	7.934570E-3	5.187988E-3
87.9219	-9.033203E-2	-2.270508E-1	7.629395E-3	5.187988E-3
87.9375	-8.941650E-2	-2.145386E-1	7.324219E-3	5.187988E-3
87.9531	-8.544922E-2	-2.114868E-1	8.544922E-3	5.493164E-3
87.9531	-8.361816E-2	-2.337646E-1	8.239746E-3	5.187988E-3
87.9687	-8.911133E-2	-2.105713E-1	7.629395E-3	4.882812E-3
87.9687	-9.307861E-2	-2.362061E-1	7.934570E-3	5.187988E-3
87.9844	-9.338379E-2	-2.465820E-1	7.934570E-3	4.272461E-3
88.0	-9.674072E-2	-2.276611E-1	7.934570E-3	4.882812E-3
88.0	-8.758545E-2	-2.029419E-1	7.629395E-3	5.187988E-3
88.0156	-9.521484E-2	-2.114868E-1	7.934570E-3	5.493164E-3
88.0312	-8.117676E-2	-2.145386E-1	8.544922E-3	4.882812E-3
88.0312	-9.155273E-2	-2.313232E-1	7.934570E-3	5.187988E-3
88.0469	-9.033203E-2	-2.127075E-1	8.239746E-3	4.882812E-3
88.0469	-8.605957E-2	-2.136230E-1	1.007080E-2	4.882812E-3
88.0625	-8.819580E-2	-2.273560E-1	3.265381E-2	5.493164E-3
88.0781	-8.087158E-2	-2.255249E-1	5.432129E-2	5.493164E-3
88.0781	-8.300781E-2	-2.276611E-1	6.896973E-2	5.493164E-3
88.0937	-8.575439E-2	-2.737427E-1	9.368896E-2	4.577637E-3
88.1094	-9.765625E-2	-2.444458E-1	1.156616E-1	5.187988E-3
88.1094	-7.415771E-2	-3.030396E-1	1.290894E-1	5.187988E-3
88.125	-1.007080E-1	-2.725220E-1	1.531982E-1	5.798340E-3
88.1406	-9.155273E-2	-2.755737E-1	1.678467E-1	5.493164E-3
88.1406	-9.765625E-2	-2.728271E-1	1.870728E-1	5.493164E-3
88.1562	-9.613037E-2	-3.091431E-1	2.093506E-1	5.493164E-3
88.1719	-9.277344E-2	-3.012085E-1	2.359009E-1	4.577637E-3
88.1719	-9.429932E-2	-3.173828E-1	2.493286E-1	5.187988E-3
88.1875	-9.796143E-2	-3.121948E-1	2.713013E-1	5.798340E-3
88.2031	-9.216309E-2	-3.231812E-1	2.960205E-1	4.882812E-3
88.2031	-1.080322E-1	-3.060913E-1	3.091431E-1	5.798340E-3
88.2187	-1.065063E-1	-3.369141E-1	3.341675E-1	5.187988E-3
88.2344	-1.132202E-1	-3.173828E-1	3.564453E-1	5.187988E-3
88.2344	-1.113892E-1	-3.292847E-1	3.695679E-1	5.187988E-3
88.25	-9.643555E-2	-3.988647E-1	3.921509E-1	5.187988E-3
88.25	-1.043701E-1	-3.558350E-1	4.132080E-1	4.882812E-3
88.2656	-1.040649E-1	-3.601074E-1	4.287720E-1	5.187988E-3
88.2812	-1.049805E-1	-3.738403E-1	4.522705E-1	5.493164E-3
88.2812	-9.521484E-2	-3.799438E-1	4.751587E-1	4.882812E-3
88.2969	-9.826660E-2	-3.955078E-1	4.885864E-1	5.493164E-3
88.3125	-9.918213E-2	-4.086304E-1	5.126953E-1	4.882812E-3
88.3125	-8.819580E-2	-4.260254E-1	5.349731E-1	4.577637E-3
88.3281	-9.979248E-2	-4.211426E-1	5.477905E-1	5.493164E-3
88.3437	-1.129150E-1	-3.903198E-1	5.700684E-1	5.187988E-3
88.3437	-1.000977E-1	-4.501343E-1	5.947876E-1	4.882812E-3
88.3594	-1.123047E-1	-4.397583E-1	6.085205E-1	5.493164E-3
88.3594	-9.307861E-2	-4.330444E-1	6.314087E-1	5.187988E-3
88.375	-1.071167E-1	-4.486084E-1	6.481934E-1	4.882812E-3
88.3906	-1.049805E-1	-4.718018E-1	6.677246E-1	5.493164E-3
88.3906	-1.043701E-1	-4.751587E-1	6.927490E-1	4.882812E-3
88.4062	-1.119995E-1	-4.608154E-1	7.147217E-1	4.577637E-3
88.4062	-1.159668E-1	-4.919434E-1	7.278442E-1	5.187988E-3
88.4219	-1.092529E-1	-4.873657E-1	7.522583E-1	4.882812E-3
88.4375	-1.028442E-1	-5.017090E-1	7.736206E-1	4.882812E-3
88.4375	-1.062012E-1	-5.114746E-1	7.873535E-1	5.798340E-3
88.4531	-1.168823E-1	-5.313110E-1	8.105469E-1	4.882812E-3
88.4687	-1.181030E-1	-5.206299E-1	8.306885E-1	5.187988E-3
88.4687	-1.177979E-1	-5.343628E-1	8.468628E-1	5.187988E-3
88.4844	-1.110840E-1	-5.374146E-1	8.700562E-1	5.187988E-3
88.5	-1.205444E-1	-5.578613E-1	8.938599E-1	5.187988E-3
88.5	-1.080322E-1	-5.328369E-1	9.066772E-1	5.798340E-3
88.5156	-1.049805E-1	-5.789185E-1	9.280396E-1	4.882812E-3
88.5312	-1.043701E-1	-5.816650E-1	9.527588E-1	5.798340E-3
88.5312	-1.104736E-1	-5.584717E-1	9.661865E-1	5.187988E-3
88.5469	-1.208496E-1	-5.880737E-1	9.884644E-1	5.798340E-3
88.5625	-1.119995E-1	-5.981445E-1	1.012573E+0	5.187988E-3
88.5625	-1.156616E-1	-5.993652E-1	1.025696E+0	4.882812E-3
88.5781	-1.205444E-1	-5.978394E-1	1.049194E+0	5.493164E-3
88.5781	-1.123047E-1	-6.106567E-1	1.064758E+0	5.493164E-3
88.5937	-1.220703E-1	-6.079102E-1	1.085815E+0	5.187988E-3
88.6094	-1.239014E-1	-6.307983E-1	1.112671E+0	5.187988E-3
88.6094	-1.129150E-1	-6.292725E-1	1.125183E+0	5.798340E-3
88.625	-1.193237E-1	-6.500244E-1	1.149292E+0	5.187988E-3
88.6406	-1.235962E-1	-6.567383E-1	1.170654E+0	5.187988E-3
88.6406	-1.306152E-1	-6.463623E-1	1.192322E+0	5.187988E-3
88.6562	-1.065063E-1	-6.970215E-1	1.205750E+0	4.882812E-3
88.6719	-1.104736E-1	-6.826782E-1	1.229248E+0	5.187988E-3
88.6719	-1.278687E-1	-6.912231E-1	1.249390E+0	5.493164E-3
88.6875	-1.321411E-1	-7.055664E-1	1.265259E+0	5.187988E-3
88.7031	-1.251221E-1	-7.012939E-1	1.289062E+0	5.187988E-3
88.7031	-1.141357E-1	-7.116699E-1	1.312256E+0	5.187988E-3
88.7187	-1.245117E-1	-7.360840E-1	1.324768E+0	5.187988E-3
88.7187	-1.309204E-1	-7.369995E-1	1.346741E+0	5.187988E-3
88.7344	-1.354980E-1	-7.244873E-1	1.371765E+0	5.187988E-3
88.75	-1.296997E-1	-7.662964E-1	1.384583E+0	5.493164E-3
88.75	-1.370239E-1	-7.772827E-1	1.408691E+0	4.882812E-3
88.7656	-1.290894E-1	-7.632446E-1	1.431274E+0	5.187988E-3
88.7812	-1.290894E-1	-7.760620E-1	1.444397E+0	5.493164E-3
88.7812	-1.296997E-1	-7.870483E-1	1.468201E+0	4.882812E-3
88.7969	-1.321411E-1	-7.873535E-1	1.488342E+0	5.493164E-3
88.7969	-1.367187E-1	-7.992554E-1	1.503906E+0	4.882812E-3
88.8125	-1.275635E-1	-8.294678E-1	1.525574E+0	5.493164E-3
88.8281	-1.257324E-1	-8.166504E-1	1.550598E+0	5.493164E-3
88.8281	-1.416016E-1	-8.227539E-1	1.563721E+0	4.882812E-3
88.8437	-1.245117E-1	-8.633423E-1	1.588135E+0	5.187988E-3
88.8594	-1.266479E-1	-8.389282E-1	1.610718E+0	5.187988E-3
88.8594	-1.318359E-1	-8.392334E-1	1.622620E+0	4.882812E-3
88.875	-1.397705E-1	-8.660889E-1	1.647034E+0	5.493164E-3
88.8906	-1.211548E-1	-8.670044E-1	1.661377E+0	4.882812E-3
88.8906	-1.330566E-1	-8.868408E-1	1.681824E+0	5.798340E-3
88.9062	-1.333618E-1	-8.874512E-1	1.703796E+0	4.882812E-3
88.9219	-1.376343E-1	-9.008789E-1	1.730347E+0	4.882812E-3
88.9219	-1.339722E-1	-9.057617E-1	1.742859E+0	5.187988E-3
88.9375	-1.321411E-1	-9.469604E-1	1.764832E+0	5.493164E-3
88.9531	-1.425171E-1	-9.426880E-1	1.790161E+0	5.187988E-3
88.9531	-1.516724E-1	-9.457397E-1	1.802673E+0	5.493164E-3
88.9687	-1.306152E-1	-9.545898E-1	1.826782E+0	5.187988E-3
88.9844	-1.452637E-1	-9.652710E-1	1.849060E+0	4.882812E-3
88.9844	-1.437378E-1	-9.735107E-1	1.862793E+0	5.493164E-3
89.0	-1.419067E-1	-9.729004E-1	1.886292E+0	5.187988E-3
89.0	-1.443481E-1	-9.985352E-1	1.906128E+0	5.187988E-3
89.0156	-1.449585E-1	-1.004639E+0	1.921692E+0	4.882812E-3
89.0312	-1.541138E-1	-1.008301E+0	1.946106E+0	4.577637E-3
89.0312	-1.562500E-1	-1.030273E+0	1.968689E+0	5.187988E-3
89.0469	-1.571655E-1	-1.049805E+0	1.981506E+0	5.493164E-3
89.0625	-1.412964E-1	-1.054993E+0	2.006226E+0	5.187988E-3
89.0625	-1.504517E-1	-1.040344E+0	2.028503E+0	4.882812E-3
89.0781	-1.477051E-1	-1.049500E+0	2.041931E+0	4.882812E-3
89.0937	-1.492310E-1	-1.066284E+0	2.064819E+0	4.882812E-3
89.0937	-1.458740E-1	-1.110229E+0	2.088623E+0	5.187988E-3
89.1094	-1.507568E-1	-1.107788E+0	2.101135E+0	5.798340E-3
89.1094	-1.522827E-1	-1.112976E+0	2.125244E+0	4.577637E-3
89.125	-1.553345E-1	-1.125183E+0	2.140808E+0	5.493164E-3
89.1406	-1.583862E-1	-1.130676E+0	2.161560E+0	5.187988E-3
89.1406	-1.660156E-1	-1.140442E+0	2.180786E+0	4.882812E-3
89.1562	-1.629639E-1	-1.136780E+0	2.200623E+0	4.882812E-3
89.1719	-1.510620E-1	-1.159058E+0	2.227783E+0	5.493164E-3
89.1719	-1.626587E-1	-1.159973E+0	2.240906E+0	5.493164E-3
89.1875	-1.580811E-1	-1.210022E+0	2.262878E+0	4.882812E-3
89.2031	-1.611328E-1	-1.208801E+0	2.287598E+0	5.493164E-3
89.2031	-1.617432E-1	-1.219177E+0	2.300110E+0	5.493164E-3
89.2187	-1.660156E-1	-1.216125E+0	2.324524E+0	5.187988E-3
89.2344	-1.586914E-1	-1.234131E+0	2.346802E+0	5.493164E-3
89.2344	-1.608276E-1	-1.261292E+0	2.359924E+0	5.493164E-3
89.25	-1.651001E-1	-1.277771E+0	2.384338E+0	5.187988E-3
89.25	-1.586914E-1	-1.294250E+0	2.403870E+0	4.882812E-3
89.2656	-1.599121E-1	-1.268921E+0	2.419739E+0	5.187988E-3
89.2812	-1.513672E-1	-1.313477E+0	2.443237E+0	5.187988E-3
89.2812	-1.651001E-1	-1.323547E+0	2.466431E+0	5.493164E-3
89.2969	-1.657104E-1	-1.332703E+0	2.479553E+0	5.187988E-3
89.3125	-1.626587E-1	-1.358948E+0	2.502747E+0	5.187988E-3
89.3125	-1.632690E-1	-1.350098E+0	2.526855E+0	4.882812E-3
89.3281	-1.712036E-1	-1.376343E+0	2.539062E+0	5.493164E-3
89.3437	-1.629639E-1	-1.392212E+0	2.560730E+0	5.187988E-3
89.3437	-1.776123E-1	-1.410522E+0	2.586060E+0	3.967285E-3
89.3594	-1.730347E-1	-1.411438E+0	2.598572E+0	4.882812E-3
89.3594	-1.724243E-1	-1.406250E+0	2.622375E+0	5.493164E-3
89.375	-1.782227E-1	-1.416931E+0	2.639771E+0	5.187988E-3
89.3906	-1.791382E-1	-1.436157E+0	2.658997E+0	5.187988E-3
89.3906	-1.770020E-1	-1.463623E+0	2.678833E+0	5.493164E-3
89.4062	-1.718140E-1	-1.488342E+0	2.705383E+0	5.187988E-3
89.4062	-1.763916E-1	-1.495972E+0	2.718201E+0	5.187988E-3
89.4219	-1.803589E-1	-1.508179E+0	2.742004E+0	5.493164E-3
89.4375	-1.672363E-1	-1.510010E+0	2.763977E+0	5.187988E-3
89.4375	-1.815796E-1	-1.534424E+0	2.777710E+0	4.882812E-3
89.4531	-1.947021E-1	-1.645813E+0	2.801819E+0	4.882812E-3
89.4687	-1.895142E-1	-1.555176E+0	2.821655E+0	5.798340E-3
89.4687	-1.879883E-1	-1.447754E+0	2.837524E+0	5.798340E-3
89.4844	-1.770020E-1	-1.312866E+0	2.860718E+0	4.882812E-3
89.5	-1.831055E-1	-1.170349E+0	2.884521E+0	5.493164E-3
89.5	-1.831055E-1	-1.108704E+0	2.897339E+0	5.187988E-3
89.5156	-1.895142E-1	-9.704590E-1	2.918701E+0	5.493164E-3
89.5312	-1.812744E-1	-8.242798E-1	2.944336E+0	4.882812E-3
89.5312	-1.657104E-1	-7.534790E-1	2.956848E+0	4.882812E-3
89.5469	-1.699829E-1	-5.935669E-1	2.978516E+0	5.493164E-3
89.5625	-1.718140E-1	-4.821777E-1	3.003845E+0	4.577637E-3
89.5625	-1.632690E-1	-4.095459E-1	3.016663E+0	5.493164E-3
89.5781	-1.684570E-1	-2.587891E-1	3.041077E+0	4.882812E-3
89.5937	-1.583862E-1	-1.379395E-1	3.061523E+0	4.577637E-3
89.5937	-1.614380E-1	-2.258301E-2	3.076477E+0	5.187988E-3
89.6094	-1.617432E-1	1.132202E-1	3.098755E+0	4.882812E-3
89.6094	-1.629639E-1	2.752686E-1	3.123474E+0	5.798340E-3
89.625	-1.647949E-1	3.475952E-1	3.135986E+0	5.493164E-3
89.6406	-1.498413E-1	4.748535E-1	3.160400E+0	5.187988E-3
89.6406	-1.525879E-1	6.335449E-1	3.183289E+0	5.493164E-3
89.6562	-1.504517E-1	7.290649E-1	3.196106E+0	5.187988E-3
89.6719	-1.577759E-1	8.218384E-1	3.220520E+0	5.493164E-3
89.6719	-1.486206E-1	9.475708E-1	3.239746E+0	5.187988E-3
89.6875	-1.394653E-1	1.050415E+0	3.255920E+0	5.493164E-3
89.7031	-1.416016E-1	1.204834E+0	3.280029E+0	4.882812E-3
89.7031	-1.394653E-1	1.250916E+0	3.291931E+0	5.187988E-3
89.7187	-1.818848E-1	1.223755E+0	3.289185E+0	2.288818E-2
89.7187	-1.904297E-1	1.214905E+0	3.284607E+0	4.302979E-2
89.7344	-2.273560E-1	1.169434E+0	3.280334E+0	6.378174E-2
89.75	-2.505493E-1	1.179199E+0	3.277893E+0	8.178711E-2
89.75	-2.850342E-1	1.108093E+0	3.273621E+0	1.037598E-1
89.7656	-2.850342E-1	1.105957E+0	3.269043E+0	1.229858E-1
89.7812	-3.204346E-1	1.029663E+0	3.267517E+0	1.409912E-1
89.7812	-3.244019E-1	1.011658E+0	3.262939E+0	1.635742E-1
89.7969	-3.573608E-1	9.884644E-1	3.259888E+0	1.818848E-1
89.7969	-3.768921E-1	9.765625E-1	3.256226E+0	2.011108E-1
89.8125	-4.010010E-1	9.344482E-1	3.252563E+0	2.221680E-1
89.8281	-4.260254E-1	8.963013E-1	3.248596E+0	2.416992E-1
89.8281	-4.483032E-1	8.923340E-1	3.245850E+0	2.609253E-1
89.8437	-4.788208E-1	8.517456E-1	3.240967E+0	2.807617E-1
89.8594	-5.032349E-1	8.050537E-1	3.237915E+0	3.009033E-1
89.8594	-5.148315E-1	7.766724E-1	3.235168E+0	3.198242E-1
89.875	-5.474854E-1	7.534790E-1	3.231201E+0	3.414917E-1
89.8906	-5.645752E-1	7.397461E-1	3.227844E+0	3.598022E-1
89.8906	-5.804443E-1	7.180786E-1	3.225403E+0	3.781128E-1
89.9062	-6.170654E-1	6.704712E-1	3.221436E+0	3.994751E-1
89.9062	-6.335449E-1	5.886841E-1	3.217773E+0	4.190063E-1
89.9219	-6.582642E-1	5.792236E-1	3.214111E+0	4.388428E-1
89.9375	-6.716919E-1	5.575562E-1	3.209839E+0	4.589844E-1
89.9375	-6.951904E-1	5.261230E-1	3.207397E+0	4.779053E-1
89.9531	-7.183838E-1	4.714966E-1	3.203125E+0	4.995728E-1
89.9687	-7.427979E-1	4.367065E-1	3.199463E+0	5.178833E-1
89.9687	-7.772827E-1	3.921509E-1	3.197327E+0	5.371094E-1
89.9844	-7.952881E-1	3.723145E-1	3.193054E+0	5.578613E-1
90.0	-8.148193E-1	3.656006E-1	3.189697E+0	5.776978E-1
90.0	-8.462524E-1	3.256226E-1	3.187256E+0	5.960083E-1
90.0156	-8.654785E-1	2.511597E-1	3.182983E+0	6.173706E-1
90.0312	-8.959961E-1	2.462769E-1	3.179321E+0	6.369019E-1
90.0312	-9.219360E-1	1.995850E-1	3.177185E+0	6.555176E-1
90.0469	-9.387207E-1	1.736450E-1	3.173218E+0	6.759644E-1
90.0625	-9.588623E-1	1.425171E-1	3.168640E+0	6.951904E-1
90.0625	-9.976196E-1	1.007080E-1	3.166199E+0	7.138062E-1
90.0781	-1.025696E+0	3.662109E-2	3.161621E+0	7.357788E-1
90.0937	-1.050415E+0	1.953125E-2	3.158264E+0	7.543945E-1
90.0937	-1.075745E+0	-3.845215E-2	3.155212E+0	7.742310E-1
90.1094	-1.098022E+0	-6.530762E-2	3.151550E+0	7.949829E-1
90.1094	-1.122742E+0	-9.857178E-2	3.146973E+0	8.142090E-1
90.125	-1.148376E+0	-1.614380E-1	3.144226E+0	8.322144E-1
90.1406	-1.170959E+0	-1.635742E-1	3.140869E+0	8.541870E-1
90.1406	-1.208191E+0	-2.163696E-1	3.136292E+0	8.740234E-1
90.1562	-1.220093E+0	-2.548218E-1	3.134766E+0	8.926392E-1
90.1719	-1.249084E+0	-2.816772E-1	3.130188E+0	9.127808E-1
90.1719	-1.291809E+0	-3.320312E-1	3.126831E+0	9.323120E-1
90.1875	-1.302490E+0	-3.701782E-1	3.124084E+0	9.521484E-1
90.2031	-1.342163E+0	-3.939819E-1	3.119812E+0	9.729004E-1
90.2031	-1.363220E+0	-4.400635E-1	3.115845E+0	9.906006E-1
90.2187	-1.383362E+0	-5.010986E-1	3.113403E+0	1.010437E+0
90.2187	-1.417236E+0	-5.380249E-1	3.110046E+0	1.031799E+0
90.2344	-1.448059E+0	-5.816650E-1	3.105469E+0	1.051636E+0
90.25	-1.461792E+0	-5.908203E-1	3.103333E+0	1.069336E+0
90.25	-1.502686E+0	-6.408691E-1	3.099060E+0	1.091309E+0
90.2656	-1.531372E+0	-6.893921E-1	3.095398E+0	1.109924E+0
90.2812	-1.557007E+0	-7.165527E-1	3.093567E+0	1.128235E+0
90.2812	-1.587524E+0	-7.623291E-1	3.089294E+0	1.149902E+0
90.2969	-1.611633E+0	-8.267212E-1	3.085632E+0	1.168823E+0
90.2969	-1.664734E+0	-8.068848E-1	3.081970E+0	1.189270E+0
90.3125	-1.653748E+0	-8.972168E-1	3.079224E+0	1.208191E+0
90.3281	-1.715698E+0	-9.378052E-1	3.074646E+0	1.228027E+0
90.3281	-1.743164E+0	-9.710693E-1	3.072510E+0	1.247864E+0
90.3437	-1.774292E+0	-9.973145E-1	3.067932E+0	1.269226E+0
90.3594	-1.792908E+0	-1.037903E+0	3.063965E+0	1.287231E+0
90.3594	-1.837463E+0	-1.067505E+0	3.061829E+0	1.306458E+0
90.375	-1.859436E+0	-1.121216E+0	3.057861E+0	1.327820E+0
90.3906	-1.894531E+0	-1.152039E+0	3.054810E+0	1.347961E+0
90.3906	-1.906128E+0	-1.168213E+0	3.051147E+0	1.364441E+0
90.4062	-1.948242E+0	-1.254578E+0	3.047791E+0	1.386414E+0
90.4219	-1.997375E+0	-1.253357E+0	3.042908E+0	1.406250E+0
90.4219	-2.008972E+0	-1.336670E+0	3.040466E+0	1.426392E+0
90.4375	-2.045593E+0	-1.371460E+0	3.036804E+0	1.446228E+0
90.4531	-2.062683E+0	-1.381531E+0	3.032227E+0	1.464844E+0
90.4531	-2.100830E+0	-1.438293E+0	3.029785E+0	1.483459E+0
90.4687	-2.135925E+0	-1.477051E+0	3.025818E+0	1.505432E+0
90.4844	-2.160034E+0	-1.506042E+0	3.021851E+0	1.524048E+0
90.4844	-2.197876E+0	-1.566162E+0	3.019409E+0	1.543579E+0
90.5	-2.236328E+0	-1.610718E+0	3.015747E+0	1.564331E+0
90.5	-2.246399E+0	-1.636658E+0	3.011475E+0	1.584167E+0
90.5156	-2.281494E+0	-1.658020E+0	3.009644E+0	1.602173E+0
90.5312	-2.000427E+0	-1.530457E+0	3.005981E+0	1.624146E+0
90.5312	-1.730652E+0	-1.357117E+0	3.001404E+0	1.643982E+0
90.5469	-1.591797E+0	-1.279907E+0	2.998962E+0	1.662903E+0
90.5625	-1.492310E+0	-1.199951E+0	2.995300E+0	1.682434E+0
90.5625	-1.499329E+0	-1.224060E+0	2.991638E+0	1.702271E+0
90.5781	-1.541443E+0	-1.268921E+0	2.989197E+0	1.720276E+0
90.5937	-1.560974E+0	-1.329956E+0	2.985229E+0	1.742554E+0
90.5937	-1.589355E+0	-1.365967E+0	2.980957E+0	1.761169E+0
90.6094	-1.621399E+0	-1.379700E+0	2.978821E+0	1.780396E+0
90.6094	-1.664429E+0	-1.436768E+0	2.974243E+0	1.801453E+0
90.625	-1.681213E+0	-1.484070E+0	2.970886E+0	1.820068E+0
90.6406	-1.712036E+0	-1.485291E+0	2.967529E+0	1.839600E+0
90.6406	-1.696167E+0	-1.530151E+0	2.964478E+0	1.860046E+0
90.6562	-1.612854E+0	-1.532898E+0	2.960205E+0	1.879578E+0
90.6562	-1.518250E+0	-1.449890E+0	2.957764E+0	1.898193E+0
90.6719	-1.373291E+0	-1.398621E+0	2.955017E+0	1.919556E+0
90.6875	-1.373291E+0	-1.403809E+0	2.949524E+0	1.939087E+0
90.6875	-1.390076E+0	-1.437073E+0	2.947083E+0	1.957397E+0
90.7031	-1.428528E+0	-1.462097E+0	2.943420E+0	1.979370E+0
90.7187	-1.438599E+0	-1.497498E+0	2.939148E+0	1.997375E+0
90.7187	-1.474915E+0	-1.539307E+0	2.937317E+0	2.017822E+0
90.7344	-1.466980E+0	-1.570435E+0	2.932434E+0	2.037964E+0
90.75	-1.493530E+0	-1.613464E+0	2.928772E+0	2.057495E+0
90.75	-1.497498E+0	-1.618652E+0	2.925415E+0	2.076416E+0
90.7656	-1.516724E+0	-1.628113E+0	2.922668E+0	2.096863E+0
90.7812	-1.452332E+0	-1.651306E+0	2.917786E+0	2.116699E+0
90.7812	-1.486206E+0	-1.648560E+0	2.915344E+0	2.136230E+0
90.7969	-1.502380E+0	-1.686707E+0	2.911682E+0	2.155457E+0
90.8125	-1.533508E+0	-1.729431E+0	2.907715E+0	2.175598E+0
90.8125	-1.563416E+0	-1.747437E+0	2.905884E+0	2.194214E+0
90.8281	-1.604004E+0	-1.811829E+0	2.901306E+0	2.214966E+0
90.8437	-1.621704E+0	-1.831360E+0	2.898560E+0	2.233887E+0
90.8437	-1.616821E+0	-1.867981E+0	2.895508E+0	2.254333E+0
90.8594	-1.540833E+0	-1.840210E+0	2.891541E+0	2.274780E+0
90.8594	-1.420288E+0	-1.776123E+0	2.887268E+0	2.293701E+0
90.875	-1.430054E+0	-1.794434E+0	2.885437E+0	2.312622E+0
90.8906	-1.386414E+0	-1.818237E+0	2.880554E+0	2.333679E+0
90.8906	-1.351624E+0	-1.804504E+0	2.876587E+0	2.352600E+0
90.9062	-1.341248E+0	-1.807251E+0	2.873840E+0	2.370911E+0
90.9219	-1.327820E+0	-1.830444E+0	2.871094E+0	2.392578E+0
90.9219	-1.299133E+0	-1.821594E+0	2.866821E+0	2.412415E+0
90.9375	-1.290588E+0	-1.834106E+0	2.864380E+0	2.431335E+0
90.9531	-1.259155E+0	-1.863403E+0	2.859497E+0	2.451477E+0
90.9531	-1.276550E+0	-1.868286E+0	2.855225E+0	2.471008E+0
90.9687	-1.322021E+0	-1.887207E+0	2.853699E+0	2.491150E+0
90.9687	-1.334534E+0	-1.931152E+0	2.849731E+0	2.511597E+0
90.9844	-1.365051E+0	-1.986694E+0	2.844849E+0	2.529907E+0
91.0	-1.389160E+0	-2.005920E+0	2.843018E+0	2.548218E+0
91.0	-1.437683E+0	-2.066345E+0	2.838440E+0	2.570801E+0
91.0156	-1.444092E+0	-2.063599E+0	2.834778E+0	2.589722E+0
91.0312	-1.476746E+0	-2.147217E+0	2.832642E+0	2.608032E+0
91.0312	-1.505127E+0	-2.138672E+0	2.828674E+0	2.630310E+0
91.0469	-1.539612E+0	-2.207336E+0	2.824707E+0	2.649536E+0
91.0469	-1.571655E+0	-2.234802E+0	2.821960E+0	2.668762E+0
91.0625	-1.601257E+0	-2.263184E+0	2.817993E+0	2.687988E+0
91.0781	-1.629639E+0	-2.286682E+0	2.814636E+0	2.708435E+0
91.0781	-1.661987E+0	-2.321777E+0	2.812195E+0	2.727051E+0
91.0937	-1.684570E+0	-2.377014E+0	2.807922E+0	2.748108E+0
91.1094	-1.704407E+0	-2.396851E+0	2.804565E+0	2.766113E+0
91.1094	-1.737366E+0	-2.411804E+0	2.801514E+0	2.786255E+0
91.125	-1.774292E+0	-2.447510E+0	2.797852E+0	2.807007E+0
91.1406	-1.800842E+0	-2.483826E+0	2.794800E+0	2.827148E+0
91.1406	-1.576233E+0	-2.369690E+0	2.791443E+0	2.843933E+0
91.1562	-1.259766E+0	-2.262268E+0	2.787781E+0	2.866211E+0
91.1719	-1.166382E+0	-2.238770E+0	2.782898E+0	2.886353E+0
91.1719	-1.176147E+0	-2.237549E+0	2.780762E+0	2.905884E+0
91.1875	-1.173096E+0	-2.245483E+0	2.777405E+0	2.924805E+0
91.2031	-1.170654E+0	-2.273560E+0	2.772522E+0	2.944641E+0
91.2031	-1.184998E+0	-2.293396E+0	2.770691E+0	2.962952E+0
91.2187	-1.189270E+0	-2.309265E+0	2.765198E+0	2.985229E+0
91.2344	-1.180725E+0	-2.337341E+0	2.762451E+0	3.003540E+0
91.2344	-1.191406E+0	-2.341003E+0	2.760010E+0	3.022461E+0
91.25	-1.213989E+0	-2.373962E+0	2.755432E+0	3.044434E+0
91.25	-1.243591E+0	-2.416077E+0	2.752686E+0	3.062744E+0
91.2656	-1.261902E+0	-2.462463E+0	2.749634E+0	3.081970E+0
91.2812	-1.294556E+0	-2.427368E+0	2.745056E+0	3.102722E+0
91.2812	-1.316833E+0	-2.519226E+0	2.741394E+0	3.123169E+0
91.2969	-1.365967E+0	-2.500610E+0	2.738647E+0	3.141479E+0
91.3125	-1.375122E+0	-2.557678E+0	2.734680E+0	3.161621E+0
91.3125	-1.416626E+0	-2.574463E+0	2.731018E+0	3.180847E+0
91.3281	-1.435852E+0	-2.603760E+0	2.728882E+0	3.200378E+0
91.3437	-1.351013E+0	-2.583923E+0	2.724304E+0	3.221741E+0
91.3437	-1.247864E+0	-2.547302E+0	2.720642E+0	3.240051E+0
91.3594	-1.174622E+0	-2.529907E+0	2.718811E+0	3.259277E+0
91.3594	-1.119995E+0	-2.532043E+0	2.714233E+0	3.280945E+0
91.375	-1.128235E+0	-2.529602E+0	2.711487E+0	3.298340E+0
91.3906	-1.174316E+0	-2.575378E+0	2.707825E+0	3.319397E+0
91.3906	-1.199341E+0	-2.610779E+0	2.704468E+0	3.338623E+0
91.4062	-1.251831E+0	-2.638245E+0	2.701416E+0	3.359375E+0
91.4219	-1.258240E+0	-2.668152E+0	2.696533E+0	3.377686E+0
91.4219	-1.293030E+0	-2.682800E+0	2.694092E+0	3.396912E+0
91.4375	-1.336670E+0	-2.731934E+0	2.690430E+0	3.418884E+0
91.4531	-1.354065E+0	-2.770996E+0	2.686462E+0	3.438416E+0
91.4531	-1.388550E+0	-2.802429E+0	2.684326E+0	3.455200E+0
91.4687	-1.421509E+0	-2.824707E+0	2.678833E+0	3.477478E+0
91.4844	-1.448975E+0	-2.886353E+0	2.675476E+0	3.497009E+0
91.4844	-1.473389E+0	-2.890320E+0	2.672424E+0	3.515930E+0
91.5	-1.519165E+0	-2.922974E+0	2.668762E+0	3.536072E+0
91.5	-1.548767E+0	-2.966003E+0	2.665100E+0	3.555908E+0
91.5156	-1.498718E+0	-2.958374E+0	2.662964E+0	3.575134E+0
91.5312	-1.730347E-1	-1.509705E+0	2.658691E+0	3.596191E+0
91.5312	-1.840210E-1	-1.515198E+0	2.655029E+0	3.614197E+0
91.5469	-1.757812E-1	-1.493530E+0	2.651672E+0	3.634033E+0
91.5625	-1.837158E-1	-1.494751E+0	2.648621E+0	3.655090E+0
91.5625	-1.800537E-1	-1.480408E+0	2.644653E+0	3.674927E+0
91.5781	-1.766968E-1	-1.484375E+0	2.642517E+0	3.692627E+0
91.5937	-1.785278E-1	-1.495056E+0	2.637939E+0	3.714294E+0
91.5937	-1.797485E-1	-1.488037E+0	2.634277E+0	3.733826E+0
91.6094	-1.828003E-1	-1.499329E+0	2.631836E+0	3.752747E+0
91.6094	-1.837158E-1	-1.495056E+0	2.627869E+0	3.773193E+0
91.625	-1.901245E-1	-1.470337E+0	2.626343E+0	3.790588E+0
91.6406	-1.800537E-1	-1.487427E+0	2.621765E+0	3.812256E+0
91.6406	-1.696777E-1	-1.471863E+0	2.618408E+0	3.832397E+0
91.6562	-1.824951E-1	-1.496277E+0	2.614441E+0	3.851318E+0
91.6719	-1.779175E-1	-1.490784E+0	2.610168E+0	3.870850E+0
91.6719	-1.794434E-1	-1.502380E+0	2.607727E+0	3.890991E+0
91.6875	-1.742554E-1	-1.455688E+0	2.604370E+0	3.911133E+0
91.7031	-1.702881E-1	-1.455078E+0	2.600098E+0	3.930054E+0
91.7031	-1.873779E-1	-1.477356E+0	2.597656E+0	3.948669E+0
91.7187	-1.739502E-1	-1.463623E+0	2.593079E+0	3.970947E+0
91.7344	-1.739502E-1	-1.479492E+0	2.588806E+0	3.990173E+0
91.7344	-1.797485E-1	-1.452026E+0	2.586365E+0	4.007263E+0
91.75	-1.779175E-1	-1.448669E+0	2.582397E+0	4.029541E+0
91.75	-1.782227E-1	-1.447144E+0	2.579041E+0	4.048767E+0
91.7656	-1.745605E-1	-1.454163E+0	2.576599E+0	4.068604E+0
91.7812	-1.864624E-1	-1.451111E+0	2.572327E+0	4.088135E+0
91.7812	-1.834106E-1	-1.465759E+0	2.568359E+0	4.107666E+0
91.7969	-1.699829E-1	-1.445007E+0	2.566223E+0	4.126892E+0
91.8125	-1.779175E-1	-1.423950E+0	2.561646E+0	4.147949E+0
91.8125	-1.879883E-1	-1.455078E+0	2.558289E+0	4.166260E+0
91.8281	-1.788330E-1	-1.441345E+0	2.555847E+0	4.185791E+0
91.8437	-1.739502E-1	-1.429443E+0	2.551575E+0	4.206238E+0
91.8437	-1.699829E-1	-1.434326E+0	2.547302E+0	4.226379E+0
91.8594	-1.733398E-1	-1.455078E+0	2.544861E+0	4.243774E+0
91.8594	-1.828003E-1	-1.447754E+0	2.540588E+0	4.265442E+0
91.875	-1.757812E-1	-1.454773E+0	2.537842E+0	4.283752E+0
91.8906	-1.766968E-1	-1.450806E+0	2.534485E+0	4.305420E+0
91.8906	-1.773071E-1	-1.460571E+0	2.531128E+0	4.324341E+0
91.9062	-1.748657E-1	-1.441345E+0	2.527161E+0	4.343262E+0
91.9062	-1.705933E-1	-1.452026E+0	2.525024E+0	4.362793E+0
91.9219	-1.757812E-1	-1.428833E+0	2.520447E+0	4.384155E+0
91.9375	-1.824951E-1	-1.438293E+0	2.516479E+0	4.403076E+0
91.9375	-1.696777E-1	-1.426697E+0	2.513733E+0	4.420776E+0
91.9531	-1.745605E-1	-1.421814E+0	2.510376E+0	4.443359E+0
91.9687	-1.718140E-1	-1.412354E+0	2.506409E+0	4.461670E+0
91.9687	-1.745605E-1	-1.428223E+0	2.504883E+0	4.480591E+0
91.9844	-1.718140E-1	-1.421814E+0	2.499695E+0	4.501648E+0
92.0	-1.745605E-1	-1.431885E+0	2.496338E+0	4.521179E+0
92.0	-1.702881E-1	-1.407471E+0	2.492981E+0	4.539185E+0
92.0156	-1.739502E-1	-1.398926E+0	2.489624E+0	4.560242E+0
92.0312	-1.876831E-1	-1.373291E+0	2.484436E+0	4.580078E+0
92.0312	-1.730347E-1	-1.432190E+0	2.483826E+0	4.599304E+0
92.0469	-1.647949E-1	-1.416321E+0	2.478638E+0	4.619446E+0
92.0625	-1.608276E-1	-1.405945E+0	2.475281E+0	4.638977E+0
92.0625	-1.760864E-1	-1.388245E+0	2.471619E+0	4.656982E+0
92.0781	-1.690674E-1	-1.409302E+0	2.468567E+0	4.679565E+0
92.0937	-1.739502E-1	-1.383057E+0	2.464905E+0	4.697266E+0
92.0937	-1.742554E-1	-1.412048E+0	2.462158E+0	4.716797E+0
92.1094	-1.712036E-1	-1.397705E+0	2.458191E+0	4.737854E+0
92.1094	-1.712036E-1	-1.408691E+0	2.453308E+0	4.756775E+0
92.125	-1.779175E-1	-1.376343E+0	2.451172E+0	4.774780E+0
92.1406	-1.873779E-1	-1.366577E+0	2.448120E+0	4.796753E+0
92.1406	-1.614380E-1	-1.381531E+0	2.443237E+0	4.815979E+0
92.1562	-1.663208E-1	-1.406250E+0	2.441101E+0	4.834290E+0
92.1719	-1.638794E-1	-1.393127E+0	2.437439E+0	4.855347E+0
92.1719	-1.605225E-1	-1.385803E+0	2.434082E+0	4.874573E+0
92.1875	-1.696777E-1	-1.378784E+0	2.432251E+0	4.893799E+0
92.2031	-1.705933E-1	-1.385498E+0	2.427063E+0	4.915466E+0
92.2031	-1.705933E-1	-1.382751E+0	2.422791E+0	4.933167E+0
92.2187	-1.791382E-1	-1.363525E+0	2.420654E+0	4.952087E+0
92.2187	-1.718140E-1	-1.401367E+0	2.417603E+0	4.973450E+0
92.2344	-1.806641E-1	-1.401062E+0	2.412720E+0	4.993591E+0
92.25	-1.654053E-1	-1.399536E+0	2.410889E+0	5.010681E+0
92.25	-1.660156E-1	-1.405640E+0	2.406311E+0	5.032349E+0
92.2656	-1.629639E-1	-1.393738E+0	2.401733E+0	5.051270E+0
92.2812	-1.675415E-1	-1.376953E+0	2.399902E+0	5.070801E+0
92.2812	-1.837158E-1	-1.391296E+0	2.395630E+0	5.092163E+0
92.2969	-1.803589E-1	-1.388855E+0	2.392883E+0	5.110168E+0
92.2969	-1.708984E-1	-1.378479E+0	2.389526E+0	5.129700E+0
92.3125	-1.660156E-1	-1.349487E+0	2.385254E+0	5.151062E+0
92.3281	-1.736450E-1	-1.365967E+0	2.380981E+0	5.169067E+0
92.3281	-1.733398E-1	-1.370850E+0	2.378540E+0	5.188293E+0
92.3437	-1.727295E-1	-1.362000E+0	2.374878E+0	5.208740E+0
92.3594	-1.705933E-1	-1.362305E+0	2.370911E+0	5.228271E+0
92.3594	-1.675415E-1	-1.377563E+0	2.368774E+0	5.246277E+0
92.375	-1.647949E-1	-1.353149E+0	2.363892E+0	5.267944E+0
92.3906	-1.724243E-1	-1.361694E+0	2.362366E+0	5.287781E+0
92.3906	-1.675415E-1	-1.363220E+0	2.358093E+0	5.305481E+0
92.4062	-1.742554E-1	-1.359863E+0	2.354736E+0	5.326538E+0
92.4219	-1.715088E-1	-1.341858E+0	2.349854E+0	5.346069E+0
92.4219	-1.791382E-1	-1.354675E+0	2.348022E+0	5.364990E+0
92.4375	-1.715088E-1	-1.365967E+0	2.344666E+0	5.385742E+0
92.4531	-1.657104E-1	-1.369934E+0	2.340088E+0	5.404053E+0
92.4531	-1.794434E-1	-1.367798E+0	2.337952E+0	5.423279E+0
92.4687	-1.782227E-1	-1.341248E+0	2.333374E+0	5.445557E+0
92.4844	-1.611328E-1	-1.349182E+0	2.330017E+0	5.464478E+0
92.4844	-1.806641E-1	-1.344910E+0	2.326965E+0	5.481873E+0
92.5	-1.687622E-1	-1.333313E+0	2.323608E+0	5.503235E+0
92.5	-1.635742E-1	-1.335449E+0	2.319336E+0	5.522156E+0
92.5156	-1.724243E-1	-1.340332E+0	2.317200E+0	5.541687E+0
92.5312	-1.678467E-1	-1.337585E+0	2.312927E+0	5.562134E+0
92.5312	-1.583862E-1	-1.349182E+0	2.308655E+0	5.581360E+0
92.5469	-1.834106E-1	-1.320190E+0	2.305908E+0	5.601501E+0
92.5625	-1.754761E-1	-1.336975E+0	2.302246E+0	5.620728E+0
92.5625	-1.754761E-1	-1.318970E+0	2.298279E+0	5.639648E+0
92.5781	-1.629639E-1	-1.312866E+0	2.296143E+0	5.658264E+0
92.5937	-1.727295E-1	-1.334839E+0	2.292175E+0	5.679932E+0
92.5937	-1.715088E-1	-1.330872E+0	2.288208E+0	5.698242E+0
92.6094	-1.696777E-1	-1.344604E+0	2.285461E+0	5.717773E+0
92.6094	-1.696777E-1	-1.324768E+0	2.281494E+0	5.738220E+0
92.625	-1.684570E-1	-1.340942E+0	2.278137E+0	5.757141E+0
92.6406	-1.739502E-1	-1.333313E+0	2.275085E+0	5.777588E+0
92.6406	-1.766968E-1	-1.296692E+0	2.272034E+0	5.797119E+0
92.6562	-1.715088E-1	-1.312561E+0	2.267761E+0	5.816956E+0
92.6562	-1.559448E-1	-1.347961E+0	2.265320E+0	5.836182E+0
92.6719	-1.773071E-1	-1.280823E+0	2.260742E+0	5.855713E+0
92.6875	-1.660156E-1	-1.300354E+0	2.256775E+0	5.875244E+0
92.6875	-1.638794E-1	-1.288452E+0	2.254333E+0	5.894165E+0
92.7031	-1.693726E-1	-1.323853E+0	2.250061E+0	5.916138E+0
92.7187	-1.696777E-1	-1.307678E+0	2.247314E+0	5.933228E+0
92.7187	-1.739502E-1	-1.309814E+0	2.244568E+0	5.952759E+0
92.7344	-1.641846E-1	-1.303101E+0	2.239685E+0	5.973511E+0
92.75	-1.654053E-1	-1.304321E+0	2.235718E+0	5.993652E+0
92.75	-1.699829E-1	-1.324768E+0	2.233276E+0	6.011353E+0
92.7656	-1.580811E-1	-1.329956E+0	2.229919E+0	6.031799E+0
92.7812	-1.544189E-1	-1.335449E+0	2.225647E+0	6.051941E+0
92.7812	-1.727295E-1	-1.291809E+0	2.223816E+0	6.071472E+0
92.7969	-1.751709E-1	-1.284485E+0	2.219543E+0	6.091614E+0
92.8125	-1.736450E-1	-1.300659E+0	2.215271E+0	6.110840E+0
92.8125	-1.669312E-1	-1.306458E+0	2.212830E+0	6.128540E+0
92.8281	-1.693726E-1	-1.301270E+0	2.208557E+0	6.151123E+0
92.8437	-1.672363E-1	-1.307068E+0	2.204895E+0	6.169434E+0
92.8437	-1.638794E-1	-1.308899E+0	2.202454E+0	6.188660E+0
92.8594	-1.657104E-1	-1.294250E+0	2.198792E+0	6.209106E+0
92.8594	-1.611328E-1	-1.282959E+0	2.194519E+0	6.229248E+0
92.875	-1.663208E-1	-1.318359E+0	2.191772E+0	6.245728E+0
92.8906	-1.776123E-1	-1.273193E+0	2.188110E+0	6.268005E+0
92.8906	-1.864624E-1	-1.312866E+0	2.183533E+0	6.286926E+0
92.9062	-1.541138E-1	-1.309204E+0	2.182007E+0	6.306152E+0
92.9219	-1.699829E-1	-1.291504E+0	2.177124E+0	6.325989E+0
92.9219	-1.589966E-1	-1.280212E+0	2.174683E+0	6.345520E+0
92.9375	-1.721191E-1	-1.290283E+0	2.171326E+0	6.365356E+0
92.9531	-1.596069E-1	-1.283875E+0	2.167053E+0	6.386108E+0
92.9531	-1.742554E-1	-1.283569E+0	2.163391E+0	6.404114E+0
92.9687	-1.635742E-1	-1.279602E+0	2.160645E+0	6.423035E+0
92.9687	-1.635742E-1	-1.268005E+0	2.156677E+0	6.443787E+0
92.9844	-1.644897E-1	-1.300964E+0	2.152710E+0	6.463928E+0
93.0	-1.547241E-1	-1.294250E+0	2.151489E+0	6.481018E+0
93.0	-1.596069E-1	-1.282959E+0	2.146301E+0	6.503296E+0
93.0156	-1.693726E-1	-1.297302E+0	2.142944E+0	6.521912E+0
93.0312	-1.684570E-1	-1.286926E+0	2.139893E+0	6.540833E+0
93.0312	-1.654053E-1	-1.268311E+0	2.136536E+0	6.561584E+0
93.0469	-1.620483E-1	-1.284485E+0	2.132263E+0	6.580505E+0
93.0469	-1.666260E-1	-1.270142E+0	2.129822E+0	6.599731E+0
93.0625	-1.669312E-1	-1.286011E+0	2.125549E+0	6.619873E+0
93.0781	-1.586914E-1	-1.265564E+0	2.122192E+0	6.639099E+0
93.0781	-1.547241E-1	-1.252747E+0	2.118835E+0	6.657715E+0
93.0937	-1.632690E-1	-1.252747E+0	2.115784E+0	6.679687E+0
93.1094	-1.556396E-1	-1.249695E+0	2.110901E+0	6.697693E+0
93.1094	-1.782227E-1	-1.249084E+0	2.109070E+0	6.716003E+0
93.125	-1.770020E-1	-1.250916E+0	2.104492E+0	6.737366E+0
93.1406	-1.705933E-1	-1.277771E+0	2.102966E+0	6.757202E+0
93.1406	-1.681519E-1	-1.261292E+0	2.098694E+0	6.773682E+0
93.1562	-1.647949E-1	-1.265564E+0	2.095032E+0	6.795959E+0
93.1719	-1.724243E-1	-1.267395E+0	2.089539E+0	6.816101E+0
93.1719	-1.651001E-1	-1.259460E+0	2.087708E+0	6.834717E+0
93.1875	-1.678467E-1	-1.262817E+0	2.084351E+0	6.854858E+0
93.2031	-1.504517E-1	-1.269531E+0	2.079773E+0	6.873474E+0
93.2031	-1.690674E-1	-1.251221E+0	2.077332E+0	6.892090E+0
93.2187	-1.501465E-1	-1.280823E+0	2.073364E+0	6.914673E+0
93.2344	-1.528931E-1	-1.271667E+0	2.069702E+0	6.932373E+0
93.2344	-1.702881E-1	-1.269226E+0	2.066956E+0	6.951294E+0
93.25	-1.516724E-1	-1.246338E+0	2.062378E+0	6.972351E+0
93.25	-1.586914E-1	-1.253357E+0	2.059937E+0	6.991577E+0
93.2656	-1.684570E-1	-1.249695E+0	2.056885E+0	7.010803E+0
93.2812	-1.687622E-1	-1.242981E+0	2.053528E+0	7.030334E+0
93.2812	-1.577759E-1	-1.229553E+0	2.049255E+0	7.050476E+0
93.2969	-1.678467E-1	-1.253052E+0	2.046204E+0	7.069092E+0
93.3125	-1.516724E-1	-1.232910E+0	2.042847E+0	7.089233E+0
93.3125	-1.553345E-1	-1.254272E+0	2.038574E+0	7.108459E+0
93.3281	-1.721191E-1	-1.225586E+0	2.036133E+0	7.126465E+0
93.3437	-1.657104E-1	-1.232605E+0	2.032471E+0	7.149658E+0
93.3437	-1.718140E-1	-1.221619E+0	2.028198E+0	7.167053E+0
93.3594	-1.519775E-1	-1.243286E+0	2.026367E+0	7.185059E+0
93.3594	-1.663208E-1	-1.224670E+0	2.021484E+0	7.207336E+0
93.375	-1.568604E-1	-1.227112E+0	2.018738E+0	7.224121E+0
93.3906	-1.617432E-1	-1.237183E+0	2.015686E+0	7.245483E+0
93.3906	-1.687622E-1	-1.219788E+0	2.012024E+0	7.264709E+0
93.4062	-1.635742E-1	-1.250000E+0	2.008362E+0	7.284241E+0
93.4219	-1.538086E-1	-1.242676E+0	2.004089E+0	7.304687E+0
93.4219	-1.635742E-1	-1.230469E+0	2.001648E+0	7.323303E+0
93.4375	-1.647949E-1	-1.244202E+0	1.997681E+0	7.343750E+0
93.4531	-1.718140E-1	-1.221313E+0	1.993713E+0	7.362976E+0
93.4531	-1.641846E-1	-1.227417E+0	1.990356E+0	7.380981E+0
93.4687	-1.574707E-1	-1.216736E+0	1.986084E+0	7.402039E+0
93.4844	-1.580811E-1	-1.213074E+0	1.982422E+0	7.420959E+0
93.4844	-1.516724E-1	-1.230164E+0	1.980286E+0	7.439880E+0
93.5	-1.547241E-1	-1.209106E+0	1.976318E+0	7.461853E+0
93.5	-1.644897E-1	-1.230469E+0	1.972656E+0	7.479858E+0
93.5156	-1.583862E-1	-1.212463E+0	1.970215E+0	7.499084E+0
93.5312	-1.687622E-1	-1.227112E+0	1.966248E+0	7.519531E+0
93.5312	-1.608276E-1	-1.211853E+0	1.962585E+0	7.539062E+0
93.5469	-1.626587E-1	-1.243591E+0	1.959839E+0	7.556763E+0
93.5625	-1.696777E-1	-1.209106E+0	1.956177E+0	7.578430E+0
93.5625	-1.605225E-1	-1.185913E+0	1.951904E+0	7.597046E+0
93.5781	-1.538086E-1	-1.202393E+0	1.950684E+0	7.615356E+0
93.5937	-1.510620E-1	-1.188965E+0	1.945190E+0	7.636719E+0
93.5937	-1.531982E-1	-1.198120E+0	1.942139E+0	7.655334E+0
93.6094	-1.690674E-1	-1.202698E+0	1.939392E+0	7.673950E+0
93.6094	-1.647949E-1	-1.187439E+0	1.935425E+0	7.694702E+0
93.625	-1.528931E-1	-1.184082E+0	1.931763E+0	7.713318E+0
93.6406	-1.690674E-1	-1.207275E+0	1.929016E+0	7.733765E+0
93.6406	-1.708984E-1	-1.178894E+0	1.925354E+0	7.754211E+0
93.6562	-1.675415E-1	-1.205139E+0	1.920776E+0	7.772522E+0
93.6562	-1.583862E-1	-1.182861E+0	1.918335E+0	7.790527E+0
93.6719	-1.507568E-1	-1.210022E+0	1.914673E+0	7.813110E+0
93.6875	-1.611328E-1	-1.189880E+0	1.910095E+0	7.831421E+0
93.6875	-1.589966E-1	-1.195679E+0	1.895447E+0	7.849121E+0
93.7031	-1.544189E-1	-1.105347E+0	1.770020E+0	7.852173E+0
93.7187	-1.443481E-1	-1.048584E+0	1.670227E+0	7.850342E+0
93.7187	-1.501465E-1	-1.009827E+0	1.591797E+0	7.851257E+0
93.7344	-1.538086E-1	-9.854126E-1	1.479492E+0	7.850342E+0
93.75	-1.440430E-1	-8.813477E-1	1.352844E+0	7.849731E+0
93.75	-1.467896E-1	-8.755493E-1	1.290588E+0	7.850647E+0
93.7656	-1.470947E-1	-8.117676E-1	1.179810E+0	7.850037E+0
93.7812	-1.330566E-1	-7.623291E-1	1.053162E+0	7.850037E+0
93.7812	-1.293945E-1	-7.192993E-1	9.902954E-1	7.850037E+0
93.7969	-1.278687E-1	-6.811523E-1	8.807373E-1	7.849731E+0
93.8125	-1.174927E-1	-6.265259E-1	7.519531E-1	7.849121E+0
93.8125	-1.223755E-1	-6.170654E-1	6.900024E-1	7.850037E+0
93.8281	-1.129150E-1	-5.535889E-1	5.679321E-1	7.849731E+0
93.8437	-1.156616E-1	-5.267334E-1	4.687500E-1	7.849426E+0
93.8437	-1.199341E-1	-4.730225E-1	3.900146E-1	7.850037E+0
93.8594	-1.126099E-1	-4.196167E-1	2.804565E-1	7.850037E+0
93.8594	-9.429932E-2	-4.058838E-1	1.687622E-1	7.849426E+0
93.875	-1.077271E-1	-3.402710E-1	1.019287E-1	7.849426E+0
93.8906	-1.052856E-1	-3.216553E-1	5.187988E-3	7.849731E+0
93.8906	-8.483887E-2	-3.320312E-1	2.441406E-3	7.758179E+0
93.9062	-9.521484E-2	-3.298950E-1	2.136230E-3	7.662659E+0
93.9219	-1.028442E-1	-3.332520E-1	4.272461E-3	7.553711E+0
93.9219	-1.025391E-1	-3.170776E-1	5.493164E-3	7.456055E+0
93.9375	-9.826660E-2	-3.167725E-1	5.798340E-3	7.358398E+0
93.9531	-1.004028E-1	-3.271484E-1	6.103516E-3	7.251587E+0
93.9531	-1.062012E-1	-3.378296E-1	5.493164E-3	7.153625E+0
93.9687	-9.002686E-2	-3.356934E-1	5.187988E-3	7.054138E+0
93.9687	-1.129150E-1	-3.317261E-1	6.408691E-3	6.950989E+0
93.9844	-1.083374E-1	-3.234863E-1	6.408691E-3	6.850281E+0
94.0	-1.007080E-1	-3.009033E-1	5.798340E-3	6.758423E+0
94.0	-1.013184E-1	-3.118896E-1	6.713867E-3	6.648254E+0
94.0156	-9.094238E-2	-3.302002E-1	6.713867E-3	6.550598E+0
94.0312	-9.857178E-2	-3.179932E-1	5.493164E-3	6.454773E+0
94.0312	-1.040649E-1	-3.161621E-1	6.103516E-3	6.347046E+0
94.0469	-1.007080E-1	-3.176880E-1	6.408691E-3	6.248779E+0
94.0469	-9.246826E-2	-3.198242E-1	5.798340E-3	6.151123E+0
94.0625	-1.013184E-1	-3.225708E-1	7.019043E-3	6.046448E+0
94.0781	-1.022339E-1	-3.036499E-1	6.103516E-3	5.947266E+0
94.0781	-8.789062E-2	-3.186035E-1	6.408691E-3	5.848083E+0
94.0937	-9.216309E-2	-3.320312E-1	7.019043E-3	5.745544E+0
94.1094	-9.429932E-2	-2.877808E-1	6.713867E-3	5.645447E+0
94.1094	-9.796143E-2	-3.015137E-1	6.408691E-3	5.548401E+0
94.125	-9.490967E-2	-2.853394E-1	6.408691E-3	5.443726E+0
94.1406	-8.789062E-2	-2.926636E-1	6.713867E-3	5.346985E+0
94.1406	-1.004028E-1	-2.929687E-1	5.798340E-3	5.254211E+0
94.1562	-9.765625E-2	-3.005981E-1	6.713867E-3	5.141602E+0
94.1719	-1.019287E-1	-2.914429E-1	6.103516E-3	5.041809E+0
94.1719	-1.025391E-1	-2.978516E-1	6.408691E-3	4.943848E+0
94.1875	-9.765625E-2	-3.057861E-1	6.408691E-3	4.840088E+0
94.2031	-8.758545E-2	-2.877808E-1	6.713867E-3	4.740601E+0
94.2031	-9.033203E-2	-3.079224E-1	6.408691E-3	4.642639E+0
94.2187	-8.819580E-2	-3.033447E-1	7.324219E-3	4.537354E+0
94.2344	-9.185791E-2	-2.755737E-1	6.713867E-3	4.426880E+0
94.2344	-8.331299E-2	-2.770996E-1	6.408691E-3	4.338379E+0
94.25	-1.052856E-1	-2.557373E-1	6.713867E-3	4.235535E+0
94.25	-8.728027E-2	-2.865601E-1	6.713867E-3	4.136353E+0
94.2656	-9.826660E-2	-2.645874E-1	6.408691E-3	4.036255E+0
94.2812	-1.004028E-1	-2.679443E-1	7.019043E-3	3.933716E+0
94.2812	-1.000977E-1	-2.612305E-1	7.019043E-3	3.833008E+0
94.2969	-1.000977E-1	-2.709961E-1	7.019043E-3	3.733521E+0
94.3125	-9.643555E-2	-2.694702E-1	7.019043E-3	3.630981E+0
94.3125	-9.674072E-2	-2.807617E-1	7.629395E-3	3.530579E+0
94.3281	-9.613037E-2	-2.633667E-1	7.324219E-3	3.432617E+0
94.3437	-9.094238E-2	-2.731323E-1	7.629395E-3	3.328247E+0
94.3437	-1.025391E-1	-2.795410E-1	7.629395E-3	3.227234E+0
94.3594	-9.674072E-2	-2.560425E-1	7.629395E-3	3.128967E+0
94.3594	-1.065063E-1	-2.462769E-1	7.629395E-3	3.024902E+0
94.375	-8.087158E-2	-2.673340E-1	7.019043E-3	2.930908E+0
94.3906	-8.789062E-2	-2.731323E-1	7.629395E-3	2.823486E+0
94.3906	-9.887695E-2	-2.697754E-1	7.629395E-3	2.723694E+0
94.4062	-9.185791E-2	-2.542114E-1	7.629395E-3	2.621765E+0
94.4219	-8.697510E-2	-2.346802E-1	8.544922E-3	2.520752E+0
94.4219	-9.185791E-2	-2.529907E-1	7.629395E-3	2.422180E+0
94.4375	-9.613037E-2	-2.429199E-1	7.019043E-3	2.318420E+0
94.4531	-8.697510E-2	-2.548218E-1	7.324219E-3	2.217712E+0
94.4531	-9.521484E-2	-2.539062E-1	7.324219E-3	2.120056E+0
94.4687	-1.025391E-1	-2.282715E-1	7.934570E-3	2.015686E+0
94.4844	-9.033203E-2	-2.615356E-1	7.324219E-3	1.915894E+0
94.4844	-7.812500E-2	-2.569580E-1	7.019043E-3	1.817017E+0
94.5	-8.361816E-2	-2.792358E-1	7.324219E-3	1.712036E+0
94.5	-8.575439E-2	-2.349854E-1	7.934570E-3	1.613770E+0
94.5156	-8.697510E-2	-2.008057E-1	6.713867E-3	1.512451E+0
94.5312	-7.934570E-2	-2.328491E-1	7.324219E-3	1.410828E+0
94.5312	-9.124756E-2	-2.310181E-1	7.629395E-3	1.308899E+0
94.5469	-9.246826E-2	-2.130127E-1	7.629395E-3	1.210327E+0
94.5625	-8.819580E-2	-2.160645E-1	7.324219E-3	1.107483E+0
94.5625	-8.392334E-2	-2.288818E-1	7.934570E-3	1.007080E+0
94.5781	-8.605957E-2	-1.989746E-1	6.713867E-3	9.130859E-1
94.5937	-1.022339E-1	-2.227783E-1	7.324219E-3	8.047485E-1
94.5937	-8.239746E-2	-2.249146E-1	7.629395E-3	7.070923E-1
94.6094	-7.690430E-2	-2.246094E-1	7.629395E-3	6.024170E-1
94.6094	-9.735107E-2	-2.127075E-1	7.324219E-3	5.035400E-1
94.625	-9.002686E-2	-2.047729E-1	7.934570E-3	4.006958E-1
94.6406	-9.307861E-2	-1.983643E-1	7.324219E-3	3.002930E-1
94.6406	-9.246826E-2	-1.907349E-1	7.019043E-3	2.072144E-1
94.6562	-9.185791E-2	-1.840210E-1	7.324219E-3	9.796143E-2
94.6719	-8.789062E-2	-1.898193E-1	7.629395E-3	-2.441406E-3
94.6719	-8.666992E-2	-2.029419E-1	7.934570E-3	6.103516E-4
94.6875	-8.361816E-2	-1.867676E-1	7.629395E-3	2.136230E-3
94.7031	-7.629395E-2	-2.078247E-1	7.934570E-3	3.967285E-3
94.7031	-8.636475E-2	-1.989746E-1	7.934570E-3	3.662109E-3
94.7187	-9.979248E-2	-1.565552E-1	7.934570E-3	3.662109E-3
94.7344	-7.232666E-2	-1.904297E-1	7.629395E-3	4.272461E-3
94.7344	-9.063721E-2	-1.983643E-1	8.239746E-3	4.272461E-3
94.75	-8.331299E-2	-1.913452E-1	8.239746E-3	4.577637E-3
94.75	-8.514404E-2	-2.001953E-1	7.934570E-3	4.882812E-3
94.7656	-8.789062E-2	-1.724243E-1	7.934570E-3	4.577637E-3
94.7812	-9.094238E-2	-1.855469E-1	7.629395E-3	4.272461E-3
94.7812	-8.148193E-2	-1.965332E-1	8.239746E-3	4.882812E-3
94.7969	-9.521484E-2	-1.922607E-1	7.629395E-3	4.882812E-3
94.8125	-8.819580E-2	-1.959229E-1	8.239746E-3	4.577637E-3
94.8125	-8.514404E-2	-2.008057E-1	8.544922E-3	4.882812E-3
94.8281	-8.789062E-2	-1.895142E-1	8.239746E-3	4.882812E-3
94.8437	-8.789062E-2	-2.075195E-1	7.629395E-3	4.577637E-3
94.8437	-9.155273E-2	-2.038574E-1	7.934570E-3	4.882812E-3
94.8594	-8.361816E-2	-1.986694E-1	7.019043E-3	5.187988E-3
94.8594	-9.338379E-2	-1.846313E-1	7.324219E-3	5.798340E-3
94.875	-8.575439E-2	-2.026367E-1	7.934570E-3	4.882812E-3
94.8906	-8.911133E-2	-1.889038E-1	7.934570E-3	5.187988E-3
94.8906	-8.850098E-2	-1.910400E-1	7.934570E-3	4.882812E-3
94.9062	-8.697510E-2	-1.870728E-1	7.629395E-3	4.577637E-3
94.9062	-7.110596E-2	-1.980591E-1	7.629395E-3	4.882812E-3
94.9219	-8.880615E-2	-2.075195E-1	8.239746E-3	4.882812E-3
94.9375	-8.544922E-2	-1.989746E-1	7.934570E-3	4.882812E-3
94.9375	-9.948730E-2	-1.962280E-1	8.239746E-3	5.187988E-3
94.9531	-9.674072E-2	-2.044678E-1	7.324219E-3	4.577637E-3
94.9687	-9.185791E-2	-1.699829E-1	7.934570E-3	5.187988E-3
94.9687	-9.216309E-2	-1.974487E-1	7.934570E-3	4.577637E-3
94.9844	-9.490967E-2	-2.069092E-1	8.239746E-3	5.187988E-3
95.0	-9.033203E-2	-2.078247E-1	7.629395E-3	5.187988E-3
95.0	-9.552002E-2	-2.014160E-1	7.629395E-3	5.187988E-3
95.0156	-9.613037E-2	-2.163696E-1	7.934570E-3	4.882812E-3
95.0312	-9.613037E-2	-2.206421E-1	8.239746E-3	4.882812E-3
95.0312	-8.941650E-2	-1.818848E-1	8.239746E-3	5.187988E-3
95.0469	-9.063721E-2	-1.928711E-1	7.324219E-3	5.187988E-3
95.0625	-9.277344E-2	-2.029419E-1	7.934570E-3	4.882812E-3
95.0625	-9.796143E-2	-1.882935E-1	8.544922E-3	5.187988E-3
95.0781	-8.789062E-2	-1.855469E-1	7.934570E-3	4.882812E-3
95.0937	-8.728027E-2	-1.858521E-1	8.239746E-3	5.187988E-3
95.0937	-9.033203E-2	-1.824951E-1	7.324219E-3	5.187988E-3
95.1094	-8.331299E-2	-1.873779E-1	8.239746E-3	4.882812E-3
95.1094	-8.880615E-2	-1.779175E-1	7.629395E-3	5.187988E-3
95.125	-9.246826E-2	-2.160645E-1	7.629395E-3	5.493164E-3
95.1406	-9.368896E-2	-1.907349E-1	8.239746E-3	4.882812E-3
95.1406	-7.629395E-2	-2.178955E-1	8.239746E-3	5.187988E-3
95.1562	-1.004028E-1	-1.861572E-1	7.629395E-3	5.187988E-3
95.1719	-8.514404E-2	-1.821899E-1	7.934570E-3	5.187988E-3
95.1719	-8.880615E-2	-1.846313E-1	7.324219E-3	5.493164E-3
95.1875	-8.911133E-2	-1.739502E-1	7.934570E-3	5.187988E-3
95.2031	-8.544922E-2	-2.075195E-1	7.934570E-3	4.882812E-3
95.2031	-8.575439E-2	-2.154541E-1	7.934570E-3	5.493164E-3
95.2187	-8.483887E-2	-2.008057E-1	8.239746E-3	4.272461E-3
95.2344	-8.941650E-2	-1.864624E-1	7.629395E-3	5.493164E-3
95.2344	-8.728027E-2	-2.191162E-1	7.324219E-3	4.272461E-3
95.25	-7.965088E-2	-1.937866E-1	8.239746E-3	5.493164E-3
95.25	-9.521484E-2	-1.815796E-1	8.239746E-3	5.493164E-3
95.2656	-8.636475E-2	-1.763916E-1	7.934570E-3	5.187988E-3
95.2812	-9.063721E-2	-1.708984E-1	7.934570E-3	5.187988E-3
95.2812	-9.857178E-2	-2.111816E-1	7.934570E-3	5.187988E-3
95.2969	-9.887695E-2	-2.001953E-1	7.629395E-3	5.187988E-3
95.2969	-8.666992E-2	-2.038574E-1	7.629395E-3	4.882812E-3
95.3125	-9.185791E-2	-1.953125E-1	7.934570E-3	5.493164E-3
95.3281	-9.613037E-2	-1.962280E-1	7.934570E-3	5.493164E-3
95.3281	-9.216309E-2	-1.818848E-1	8.239746E-3	5.798340E-3
95.3437	-9.582520E-2	-2.020264E-1	8.239746E-3	4.882812E-3
95.3594	-9.216309E-2	-1.867676E-1	7.934570E-3	5.187988E-3
95.3594	-8.972168E-2	-1.824951E-1	8.239746E-3	5.187988E-3
95.375	-8.148193E-2	-2.078247E-1	7.629395E-3	4.882812E-3
95.3906	-8.697510E-2	-1.766968E-1	7.629395E-3	5.187988E-3
95.3906	-8.392334E-2	-1.840210E-1	7.629395E-3	5.493164E-3
95.4062	-9.155273E-2	-1.873779E-1	7.629395E-3	5.187988E-3
95.4219	-8.331299E-2	-1.791382E-1	8.239746E-3	5.493164E-3
95.4219	-8.361816E-2	-1.785278E-1	7.629395E-3	5.187988E-3
95.4375	-9.002686E-2	-2.005005E-1	7.934570E-3	5.798340E-3
95.4531	-9.185791E-2	-1.953125E-1	7.629395E-3	5.187988E-3
95.4531	-8.819580E-2	-2.124023E-1	7.934570E-3	5.798340E-3
95.4687	-8.605957E-2	-1.937866E-1	7.934570E-3	5.187988E-3
95.4687	-8.728027E-2	-1.846313E-1	7.324219E-3	5.187988E-3
95.4844	-7.843018E-2	-2.255249E-1	8.239746E-3	4.577637E-3
95.5	-9.490967E-2	-1.815796E-1	7.934570E-3	5.187988E-3
95.5	-8.300781E-2	-1.983643E-1	8.239746E-3	5.798340E-3
95.5156	-8.209229E-2	-1.892090E-1	8.239746E-3	5.493164E-3
95.5312	-9.643555E-2	-1.730347E-1	7.934570E-3	5.493164E-3
95.5312	-9.094238E-2	-1.913452E-1	7.629395E-3	5.187988E-3
95.5469	-8.514404E-2	-2.120972E-1	7.324219E-3	4.882812E-3
95.5469	-9.582520E-2	-2.035522E-1	7.629395E-3	4.882812E-3
95.5625	-8.178711E-2	-1.968384E-1	8.239746E-3	5.798340E-3
95.5781	-8.148193E-2	-1.831055E-1	7.629395E-3	4.882812E-3
95.5781	-8.056641E-2	-1.934814E-1	7.934570E-3	5.187988E-3
95.5937	-9.063721E-2	-1.803589E-1	7.934570E-3	5.187988E-3
95.6094	-8.453369E-2	-1.861572E-1	8.239746E-3	5.493164E-3
95.6094	-9.094238E-2	-1.821899E-1	7.934570E-3	5.187988E-3
95.625	-8.300781E-2	-1.882935E-1	7.019043E-3	5.798340E-3
95.6406	-9.735107E-2	-1.977539E-1	7.324219E-3	5.187988E-3
95.6406	-9.094238E-2	-1.806641E-1	7.934570E-3	5.187988E-3
95.6562	-9.887695E-2	-2.081299E-1	8.239746E-3	5.187988E-3
95.6719	-9.979248E-2	-2.059937E-1	7.934570E-3	5.187988E-3
95.6719	-9.796143E-2	-1.931763E-1	7.934570E-3	5.187988E-3
95.6875	-9.033203E-2	-2.075195E-1	8.239746E-3	5.493164E-3
95.7031	-1.016235E-1	-1.986694E-1	8.239746E-3	5.493164E-3
95.7031	-9.399414E-2	-1.876831E-1	7.629395E-3	4.882812E-3
95.7187	-8.636475E-2	-1.821899E-1	7.629395E-3	4.577637E-3
95.7187	-9.307861E-2	-2.069092E-1	7.934570E-3	4.882812E-3
95.7344	-9.735107E-2	-1.885986E-1	8.239746E-3	5.493164E-3
