June 02, 2009 17:58
529b02
H:\20090602-sws10-sls\LS_p30_d80_vp20_vd20.traj
lateral amplification = 100
normal amp = 100
pitch angle = 15
roll angle = 294
cantilever = 529b02
<data>
time	voltageForceLateral	voltageForceNormal	voltagePositionX	voltagePositionY
17.2031	6.256104E-2	4.974365E-2	1.159668E-2	9.155273E-3
17.2031	6.134033E-2	5.645752E-2	1.190186E-2	9.460449E-3
17.2187	6.225586E-2	4.943848E-2	1.190186E-2	9.460449E-3
17.2187	6.225586E-2	5.279541E-2	1.129150E-2	9.155273E-3
17.2343	6.500244E-2	4.821777E-2	1.190186E-2	9.155273E-3
17.25	6.225586E-2	4.516602E-2	1.220703E-2	9.155273E-3
17.25	5.950928E-2	5.401611E-2	1.129150E-2	8.850098E-3
17.2656	6.164551E-2	5.187988E-2	1.190186E-2	9.155273E-3
17.2812	6.164551E-2	4.699707E-2	1.220703E-2	8.850098E-3
17.2812	6.439209E-2	4.791260E-2	1.159668E-2	9.155273E-3
17.2968	6.011963E-2	4.882812E-2	1.159668E-2	8.850098E-3
17.3125	5.706787E-2	4.425049E-2	1.251221E-2	8.239746E-3
17.3125	6.042480E-2	4.852295E-2	1.159668E-2	9.155273E-3
17.3281	5.401611E-2	6.042480E-2	1.220703E-2	9.155273E-3
17.3437	6.591797E-2	4.913330E-2	1.159668E-2	8.850098E-3
17.3437	6.195068E-2	5.004883E-2	1.190186E-2	8.850098E-3
17.3593	5.310059E-2	4.302979E-2	1.251221E-2	8.544922E-3
17.3593	6.469727E-2	5.249023E-2	1.251221E-2	8.544922E-3
17.375	5.950928E-2	4.516602E-2	1.190186E-2	9.155273E-3
17.3906	6.072998E-2	4.333496E-2	1.190186E-2	8.544922E-3
17.3906	5.828857E-2	4.638672E-2	1.159668E-2	9.155273E-3
17.4062	6.256104E-2	4.669189E-2	1.190186E-2	8.850098E-3
17.4062	5.767822E-2	5.004883E-2	1.129150E-2	8.239746E-3
17.4218	5.676270E-2	4.760742E-2	1.190186E-2	8.544922E-3
17.4375	6.439209E-2	4.516602E-2	1.159668E-2	8.850098E-3
17.4375	6.530762E-2	5.889893E-2	1.129150E-2	8.544922E-3
17.4531	6.591797E-2	5.157471E-2	1.190186E-2	9.460449E-3
17.4687	6.134033E-2	4.638672E-2	1.220703E-2	8.850098E-3
17.4687	5.798340E-2	5.218506E-2	1.190186E-2	8.544922E-3
17.4843	6.378174E-2	4.547119E-2	1.159668E-2	9.460449E-3
17.5	6.317139E-2	5.035400E-2	1.159668E-2	9.460449E-3
17.5	6.347656E-2	4.455566E-2	1.251221E-2	9.155273E-3
17.5156	5.859375E-2	4.943848E-2	1.159668E-2	8.850098E-3
17.5312	5.859375E-2	5.096436E-2	1.129150E-2	8.544922E-3
17.5312	5.889893E-2	4.608154E-2	1.159668E-2	9.155273E-3
17.5468	5.859375E-2	5.096436E-2	1.190186E-2	9.155273E-3
17.5625	6.561279E-2	5.249023E-2	1.220703E-2	8.850098E-3
17.5625	5.859375E-2	5.310059E-2	1.159668E-2	8.544922E-3
17.5781	5.889893E-2	5.126953E-2	1.190186E-2	9.155273E-3
17.5937	6.134033E-2	4.821777E-2	1.129150E-2	8.544922E-3
17.5937	6.927490E-2	5.249023E-2	1.190186E-2	8.544922E-3
17.6093	6.652832E-2	4.577637E-2	1.098633E-2	8.850098E-3
17.6093	6.042480E-2	5.310059E-2	1.190186E-2	8.544922E-3
17.625	5.676270E-2	5.126953E-2	1.220703E-2	8.239746E-3
17.6406	6.408691E-2	4.730225E-2	1.159668E-2	8.544922E-3
17.6406	6.744385E-2	4.913330E-2	1.159668E-2	8.850098E-3
17.6562	5.798340E-2	4.211426E-2	1.129150E-2	8.544922E-3
17.6718	6.378174E-2	5.004883E-2	1.190186E-2	9.155273E-3
17.6718	5.645752E-2	5.340576E-2	1.190186E-2	8.850098E-3
17.6875	6.042480E-2	5.645752E-2	1.220703E-2	8.544922E-3
17.7031	6.622314E-2	4.608154E-2	1.190186E-2	9.460449E-3
17.7031	6.652832E-2	5.340576E-2	1.190186E-2	8.239746E-3
17.7187	5.767822E-2	5.584717E-2	1.159668E-2	8.850098E-3
17.7343	6.561279E-2	5.218506E-2	1.190186E-2	8.850098E-3
17.7343	5.859375E-2	4.821777E-2	1.159668E-2	8.544922E-3
17.75	5.767822E-2	5.645752E-2	1.190186E-2	8.239746E-3
17.75	6.652832E-2	5.645752E-2	1.129150E-2	9.460449E-3
17.7656	5.950928E-2	4.943848E-2	1.159668E-2	9.155273E-3
17.7812	6.164551E-2	5.187988E-2	1.190186E-2	8.850098E-3
17.7812	6.103516E-2	4.364014E-2	1.220703E-2	9.155273E-3
17.7968	6.591797E-2	4.730225E-2	1.220703E-2	9.155273E-3
17.7968	6.011963E-2	5.859375E-2	1.129150E-2	8.850098E-3
17.8125	5.462646E-2	5.249023E-2	1.190186E-2	8.544922E-3
17.8281	6.256104E-2	5.187988E-2	1.159668E-2	9.460449E-3
17.8281	5.218506E-2	5.554199E-2	1.190186E-2	9.155273E-3
17.8437	5.584717E-2	5.218506E-2	1.220703E-2	9.155273E-3
17.8593	5.950928E-2	5.065918E-2	1.190186E-2	8.544922E-3
17.8593	5.889893E-2	4.730225E-2	1.190186E-2	8.544922E-3
17.875	5.615234E-2	4.974365E-2	1.159668E-2	9.155273E-3
17.8906	6.652832E-2	5.279541E-2	1.190186E-2	8.850098E-3
17.8906	5.889893E-2	5.554199E-2	1.251221E-2	8.850098E-3
17.9062	6.988525E-2	4.272461E-2	1.190186E-2	8.850098E-3
17.9218	6.286621E-2	5.035400E-2	1.220703E-2	8.544922E-3
17.9218	5.645752E-2	5.554199E-2	1.159668E-2	8.850098E-3
17.9375	6.225586E-2	4.882812E-2	1.220703E-2	9.460449E-3
17.9531	6.011963E-2	4.547119E-2	1.159668E-2	8.544922E-3
17.9531	5.584717E-2	4.760742E-2	1.190186E-2	8.544922E-3
17.9687	6.622314E-2	5.279541E-2	1.159668E-2	9.460449E-3
17.9687	6.256104E-2	5.432129E-2	1.220703E-2	9.155273E-3
17.9843	5.920410E-2	5.157471E-2	1.129150E-2	9.155273E-3
18.0	6.042480E-2	5.615234E-2	1.190186E-2	9.155273E-3
18.0	5.798340E-2	4.852295E-2	1.220703E-2	8.544922E-3
18.0156	6.530762E-2	5.310059E-2	1.129150E-2	8.850098E-3
18.0312	5.401611E-2	5.401611E-2	1.159668E-2	8.850098E-3
18.0312	6.378174E-2	4.180908E-2	1.190186E-2	8.544922E-3
18.0468	6.866455E-2	5.096436E-2	1.220703E-2	9.155273E-3
18.0625	6.072998E-2	4.852295E-2	1.220703E-2	9.155273E-3
18.0625	5.859375E-2	5.432129E-2	1.159668E-2	8.850098E-3
18.0781	5.828857E-2	5.279541E-2	1.129150E-2	9.155273E-3
18.0937	5.889893E-2	5.279541E-2	1.159668E-2	8.850098E-3
18.0937	6.256104E-2	5.432129E-2	1.190186E-2	9.155273E-3
18.1093	6.256104E-2	4.425049E-2	1.220703E-2	8.850098E-3
18.1093	6.042480E-2	4.394531E-2	1.190186E-2	9.155273E-3
18.125	6.103516E-2	5.676270E-2	1.159668E-2	8.850098E-3
18.1406	5.462646E-2	4.577637E-2	1.190186E-2	8.850098E-3
18.1406	6.042480E-2	4.791260E-2	1.190186E-2	8.850098E-3
18.1562	5.889893E-2	5.065918E-2	1.220703E-2	9.155273E-3
18.1562	6.072998E-2	4.760742E-2	1.190186E-2	8.544922E-3
18.1718	5.920410E-2	4.119873E-2	1.159668E-2	8.544922E-3
18.1875	6.011963E-2	4.791260E-2	1.617432E-2	8.544922E-3
18.1875	6.225586E-2	4.699707E-2	3.204346E-2	9.155273E-3
18.2031	5.889893E-2	4.150391E-2	5.493164E-2	8.850098E-3
18.2187	6.439209E-2	4.241943E-2	7.934570E-2	8.850098E-3
18.2187	5.889893E-2	5.187988E-2	9.368896E-2	8.544922E-3
18.2343	5.676270E-2	4.058838E-2	1.147461E-1	8.544922E-3
18.25	6.500244E-2	5.218506E-2	1.403809E-1	8.544922E-3
18.25	5.126953E-2	4.089355E-2	1.531982E-1	8.850098E-3
18.2656	5.584717E-2	4.882812E-2	1.736450E-1	9.460449E-3
18.2812	6.042480E-2	4.241943E-2	1.974487E-1	9.460449E-3
18.2812	6.011963E-2	4.760742E-2	2.130127E-1	9.155273E-3
18.2968	6.317139E-2	4.608154E-2	2.374268E-1	8.544922E-3
18.3125	5.981445E-2	4.821777E-2	2.572632E-1	9.460449E-3
18.3125	5.981445E-2	4.241943E-2	2.728271E-1	8.544922E-3
18.3281	5.706787E-2	5.157471E-2	2.954102E-1	9.765625E-3
18.3437	6.439209E-2	4.394531E-2	3.216553E-1	8.850098E-3
18.3437	6.225586E-2	5.371094E-2	3.329468E-1	9.155273E-3
18.3593	5.462646E-2	4.394531E-2	3.576660E-1	9.155273E-3
18.3593	5.737305E-2	3.906250E-2	3.805542E-1	9.155273E-3
18.375	5.706787E-2	3.570557E-2	3.967285E-1	8.850098E-3
18.3906	5.249023E-2	4.058838E-2	4.193115E-1	8.850098E-3
18.4062	5.920410E-2	3.997803E-2	4.354858E-1	8.544922E-3
18.4062	5.523682E-2	3.692627E-2	4.632568E-1	9.155273E-3
18.4218	5.432129E-2	3.784180E-2	4.763794E-1	8.850098E-3
18.4375	6.011963E-2	3.845215E-2	5.169678E-1	8.544922E-3
18.4531	5.584717E-2	3.753662E-2	5.355835E-1	9.155273E-3
18.4531	5.798340E-2	3.784180E-2	5.520630E-1	8.850098E-3
18.4687	5.706787E-2	4.028320E-2	5.740356E-1	8.850098E-3
18.4687	5.157471E-2	4.058838E-2	5.966187E-1	8.850098E-3
18.4843	5.920410E-2	3.540039E-2	6.112671E-1	8.850098E-3
18.5	6.072998E-2	3.540039E-2	6.359863E-1	8.850098E-3
18.5	5.584717E-2	4.364014E-2	6.585693E-1	8.850098E-3
18.5156	5.371094E-2	3.540039E-2	6.716919E-1	8.850098E-3
18.5312	5.462646E-2	4.028320E-2	6.964111E-1	8.850098E-3
18.5312	5.523682E-2	2.899170E-2	7.189941E-1	8.544922E-3
18.5468	5.157471E-2	4.089355E-2	7.308960E-1	8.850098E-3
18.5625	5.279541E-2	3.417969E-2	7.537842E-1	8.544922E-3
18.5625	5.828857E-2	3.204346E-2	7.775879E-1	8.544922E-3
18.5781	5.035400E-2	3.234863E-2	7.904053E-1	8.239746E-3
18.5937	4.821777E-2	2.777100E-2	8.151245E-1	8.544922E-3
18.5937	5.645752E-2	3.753662E-2	8.343506E-1	8.850098E-3
18.6093	5.065918E-2	2.868652E-2	8.502197E-1	9.155273E-3
18.6093	5.981445E-2	2.990723E-2	8.728027E-1	9.765625E-3
18.625	5.828857E-2	3.204346E-2	8.972168E-1	9.460449E-3
18.6406	5.737305E-2	1.983643E-2	9.106445E-1	8.850098E-3
18.6406	5.157471E-2	3.021240E-2	9.353638E-1	8.544922E-3
18.6562	5.584717E-2	2.868652E-2	9.579468E-1	8.544922E-3
18.6562	5.126953E-2	2.990723E-2	9.704590E-1	8.850098E-3
18.6718	5.004883E-2	3.387451E-2	9.948730E-1	9.765625E-3
18.6875	4.669189E-2	1.770020E-2	1.015930E+0	8.850098E-3
18.6875	5.432129E-2	2.349854E-2	1.029968E+0	9.155273E-3
18.7031	5.523682E-2	2.014160E-2	1.054382E+0	9.155273E-3
18.7187	5.523682E-2	2.532959E-2	1.076965E+0	8.850098E-3
18.7187	5.615234E-2	2.563477E-2	1.089478E+0	9.155273E-3
18.7343	5.187988E-2	2.227783E-2	1.111755E+0	8.850098E-3
18.75	6.042480E-2	2.258301E-2	1.137390E+0	8.850098E-3
18.75	5.035400E-2	2.288818E-2	1.150208E+0	9.765625E-3
18.7656	4.455566E-2	1.861572E-2	1.168823E+0	8.239746E-3
18.7812	4.180908E-2	2.655029E-2	1.192932E+0	9.155273E-3
18.7812	5.706787E-2	1.892090E-2	1.209106E+0	9.155273E-3
18.7968	5.859375E-2	2.410889E-2	1.233826E+0	8.544922E-3
18.8125	6.134033E-2	1.586914E-2	1.253052E+0	8.850098E-3
18.8125	5.859375E-2	1.892090E-2	1.268616E+0	8.239746E-3
18.8281	4.882812E-2	1.403809E-2	1.291199E+0	8.850098E-3
18.8437	5.798340E-2	1.953125E-2	1.316223E+0	8.850098E-3
18.8437	5.218506E-2	2.380371E-2	1.328430E+0	9.155273E-3
18.8593	5.096436E-2	9.765625E-3	1.353760E+0	9.155273E-3
18.8593	4.821777E-2	2.105713E-2	1.376038E+0	8.239746E-3
18.875	5.279541E-2	1.678467E-2	1.388245E+0	9.765625E-3
18.8906	4.760742E-2	1.403809E-2	1.412354E+0	8.239746E-3
18.8906	5.004883E-2	1.892090E-2	1.432190E+0	8.850098E-3
18.9062	5.401611E-2	7.629395E-3	1.448364E+0	8.544922E-3
18.9218	4.821777E-2	1.312256E-2	1.472168E+0	8.850098E-3
18.9218	4.425049E-2	1.342773E-2	1.495667E+0	8.544922E-3
18.9375	5.371094E-2	1.678467E-2	1.507263E+0	8.239746E-3
18.9531	5.279541E-2	1.342773E-2	1.530457E+0	8.850098E-3
18.9531	5.187988E-2	6.103516E-3	1.554871E+0	9.460449E-3
18.9687	4.577637E-2	1.556396E-2	1.567688E+0	8.850098E-3
18.9843	4.730225E-2	1.037598E-2	1.592407E+0	9.155273E-3
18.9843	4.852295E-2	1.068115E-2	1.615601E+0	8.239746E-3
19.0	4.943848E-2	8.850098E-3	1.626892E+0	8.544922E-3
19.0	4.730225E-2	4.577637E-3	1.651306E+0	9.155273E-3
19.0156	4.699707E-2	5.493164E-3	1.673889E+0	8.544922E-3
19.0312	4.913330E-2	7.934570E-3	1.686401E+0	9.155273E-3
19.0312	3.723145E-2	8.239746E-3	1.712952E+0	8.850098E-3
19.0468	4.058838E-2	7.629395E-3	1.734924E+0	9.155273E-3
19.0468	4.699707E-2	-2.746582E-3	1.746521E+0	9.155273E-3
19.0625	4.516602E-2	-6.103516E-4	1.771851E+0	9.460449E-3
19.0781	4.272461E-2	9.155273E-3	1.793823E+0	8.850098E-3
19.0781	4.425049E-2	-3.356934E-3	1.806641E+0	8.544922E-3
19.0937	4.425049E-2	2.441406E-3	1.824341E+0	9.460449E-3
19.1093	4.577637E-2	4.577637E-3	1.846619E+0	8.850098E-3
19.1093	4.425049E-2	6.103516E-4	1.866150E+0	8.850098E-3
19.125	3.875732E-2	4.882812E-3	1.888123E+0	9.765625E-3
19.1406	4.272461E-2	1.831055E-3	1.905823E+0	9.460449E-3
19.1406	4.455566E-2	-9.155273E-4	1.930847E+0	8.850098E-3
19.1562	4.058838E-2	-6.103516E-4	1.953735E+0	8.850098E-3
19.1562	5.126953E-2	-7.019043E-3	1.965942E+0	9.155273E-3
19.1718	4.425049E-2	-1.098633E-2	1.989441E+0	8.850098E-3
19.1875	4.791260E-2	-9.460449E-3	2.009583E+0	7.934570E-3
19.1875	3.845215E-2	-2.136230E-3	2.025146E+0	9.155273E-3
19.2031	4.302979E-2	-7.934570E-3	2.047424E+0	9.460449E-3
19.2187	4.272461E-2	-9.460449E-3	2.072144E+0	8.850098E-3
19.2187	4.119873E-2	-1.220703E-2	2.085266E+0	9.155273E-3
19.2343	4.272461E-2	-9.155273E-3	2.107239E+0	8.544922E-3
19.25	4.211426E-2	-1.281738E-2	2.132568E+0	9.155273E-3
19.25	3.723145E-2	-1.434326E-2	2.144775E+0	8.544922E-3
19.2656	4.333496E-2	-1.617432E-2	2.164612E+0	8.850098E-3
19.2812	3.875732E-2	-1.434326E-2	2.188416E+0	8.850098E-3
19.2812	4.516602E-2	-1.525879E-2	2.204285E+0	9.155273E-3
19.2968	3.967285E-2	-1.525879E-2	2.228699E+0	9.155273E-3
19.3125	4.150391E-2	-1.953125E-2	2.248230E+0	9.765625E-3
19.3125	4.028320E-2	-1.831055E-2	2.264709E+0	9.155273E-3
19.3281	3.845215E-2	-1.434326E-2	2.286377E+0	8.850098E-3
19.3437	3.906250E-2	-2.624512E-2	2.312012E+0	9.460449E-3
19.3437	4.180908E-2	-2.655029E-2	2.323914E+0	8.850098E-3
19.3593	3.875732E-2	-2.105713E-2	2.348633E+0	9.155273E-3
19.3593	3.143311E-2	-2.380371E-2	2.371826E+0	8.239746E-3
19.375	3.967285E-2	-2.807617E-2	2.383423E+0	9.155273E-3
19.3906	3.356934E-2	-2.868652E-2	2.408142E+0	8.544922E-3
19.3906	3.692627E-2	-3.173828E-2	2.427063E+0	9.460449E-3
19.4062	3.509521E-2	-4.608154E-2	2.443237E+0	8.850098E-3
19.4218	3.875732E-2	-3.326416E-2	2.465515E+0	9.155273E-3
19.4218	3.814697E-2	-4.058838E-2	2.489929E+0	8.544922E-3
19.4375	1.007080E-2	-6.958008E-2	2.502747E+0	8.850098E-3
19.4531	3.906250E-2	-3.509521E-2	2.525024E+0	8.850098E-3
19.4531	4.913330E-2	-1.098633E-2	2.549744E+0	8.850098E-3
19.4687	6.347656E-2	2.136230E-3	2.562561E+0	8.850098E-3
19.4843	7.873535E-2	5.126953E-2	2.587891E+0	8.850098E-3
19.4843	9.552002E-2	8.148193E-2	2.610474E+0	8.850098E-3
19.5	9.429932E-2	9.002686E-2	2.621765E+0	8.544922E-3
19.5	1.245117E-1	1.266479E-1	2.646790E+0	9.155273E-3
19.5156	1.257324E-1	1.638794E-1	2.669067E+0	8.239746E-3
19.5312	1.403809E-1	1.928711E-1	2.681274E+0	8.850098E-3
19.5312	1.440430E-1	2.078247E-1	2.707520E+0	8.544922E-3
19.5468	1.705933E-1	2.508545E-1	2.729492E+0	8.544922E-3
19.5468	1.797485E-1	2.737427E-1	2.741089E+0	8.850098E-3
19.5625	1.925659E-1	3.134155E-1	2.767334E+0	8.850098E-3
19.5781	2.133179E-1	3.384399E-1	2.789307E+0	8.850098E-3
19.5781	2.239990E-1	3.710937E-1	2.801208E+0	9.460449E-3
19.5937	2.264404E-1	3.875732E-1	2.823486E+0	9.460449E-3
19.6093	2.502441E-1	4.315186E-1	2.849121E+0	8.850098E-3
19.6093	2.566528E-1	4.522705E-1	2.860718E+0	9.155273E-3
19.625	2.722168E-1	4.956055E-1	2.886353E+0	8.544922E-3
19.6406	2.941895E-1	5.252075E-1	2.908325E+0	9.155273E-3
19.6406	2.966309E-1	5.517578E-1	2.920837E+0	8.544922E-3
19.6562	3.164673E-1	5.862427E-1	2.943726E+0	9.155273E-3
19.6718	3.335571E-1	6.143188E-1	2.967834E+0	8.850098E-3
19.6718	3.479004E-1	6.353760E-1	2.980042E+0	8.850098E-3
19.6875	3.454590E-1	6.600952E-1	2.998352E+0	9.155273E-3
19.7031	3.356934E-1	6.503296E-1	2.996521E+0	2.807617E-2
19.7031	3.207397E-1	6.262207E-1	2.996216E+0	4.730225E-2
19.7187	3.060913E-1	5.996704E-1	2.995300E+0	6.866455E-2
19.7187	2.926636E-1	5.813599E-1	2.993774E+0	8.758545E-2
19.7343	2.828979E-1	5.667114E-1	2.993469E+0	1.077271E-1
19.75	2.658081E-1	5.459595E-1	2.992554E+0	1.284790E-1
19.75	2.484131E-1	5.377197E-1	2.991333E+0	1.486206E-1
19.7656	2.310181E-1	5.108643E-1	2.991028E+0	1.681519E-1
19.7812	2.218628E-1	4.943848E-1	2.990112E+0	1.889038E-1
19.7812	2.014160E-1	4.733276E-1	2.989502E+0	2.084351E-1
19.7968	1.895142E-1	4.541016E-1	2.987671E+0	2.273560E-1
19.8125	1.831055E-1	4.339600E-1	2.988586E+0	2.490234E-1
19.8125	1.553345E-1	4.171753E-1	2.987671E+0	2.685547E-1
19.8281	1.513672E-1	3.939819E-1	2.986755E+0	2.877808E-1
19.8437	1.318359E-1	3.753662E-1	2.986755E+0	3.091431E-1
19.8437	1.034546E-1	3.619385E-1	2.985840E+0	3.283691E-1
19.8593	9.002686E-2	3.338623E-1	2.984314E+0	3.482056E-1
19.8593	7.965088E-2	3.237915E-1	2.983704E+0	3.689575E-1
19.875	5.371094E-2	2.981567E-1	2.982788E+0	3.884888E-1
19.8906	4.425049E-2	2.780151E-1	2.982788E+0	4.071045E-1
19.8906	1.342773E-2	2.566528E-1	2.981567E+0	4.287720E-1
19.9062	9.155273E-3	2.481079E-1	2.981262E+0	4.486084E-1
19.9062	-1.251221E-2	2.249146E-1	2.980347E+0	4.672241E-1
19.9218	-2.990723E-2	2.044678E-1	2.979431E+0	4.882812E-1
19.9375	-5.828857E-2	1.745605E-1	2.978821E+0	5.078125E-1
19.9375	-7.415771E-2	1.681519E-1	2.978516E+0	5.276489E-1
19.9531	-9.887695E-2	1.379395E-1	2.977600E+0	5.487061E-1
19.9687	-1.184082E-1	1.254272E-1	2.976685E+0	5.679321E-1
19.9687	-1.370239E-1	8.911133E-2	2.976685E+0	5.886841E-1
19.9843	-1.657104E-1	8.087158E-2	2.975159E+0	6.088257E-1
20.0	-1.809692E-1	5.737305E-2	2.974548E+0	6.289673E-1
20.0	-2.023315E-1	3.601074E-2	2.974548E+0	6.469727E-1
20.0156	-2.307129E-1	1.037598E-2	2.973022E+0	6.686401E-1
20.0312	-2.474976E-1	-7.629395E-3	2.972717E+0	6.869507E-1
20.0312	-2.813721E-1	-2.014160E-2	2.972412E+0	7.077026E-1
20.0468	-3.039551E-1	-4.241943E-2	2.970581E+0	7.287598E-1
20.0625	-3.051758E-1	-6.835937E-2	2.969971E+0	7.482910E-1
20.0625	-3.527832E-1	-8.544922E-2	2.969360E+0	7.672119E-1
20.0781	-3.631592E-1	-9.552002E-2	2.968750E+0	7.888794E-1
20.0937	-3.955078E-1	-1.336670E-1	2.968140E+0	8.078003E-1
20.0937	-4.196167E-1	-1.443481E-1	2.967834E+0	8.273315E-1
20.1093	-4.516602E-1	-1.693726E-1	2.966919E+0	8.486938E-1
20.1093	-4.626465E-1	-1.849365E-1	2.966003E+0	8.673096E-1
20.125	-4.959106E-1	-2.075195E-1	2.965393E+0	8.862305E-1
20.1406	-5.209351E-1	-2.227783E-1	2.965698E+0	9.078979E-1
20.1406	-5.618286E-1	-2.462769E-1	2.964172E+0	9.274292E-1
20.1562	-5.725098E-1	-2.682495E-1	2.964172E+0	9.466553E-1
20.1718	-6.103516E-1	-2.886963E-1	2.962952E+0	9.677124E-1
20.1718	-6.393433E-1	-3.057861E-1	2.962646E+0	9.872437E-1
20.1875	-6.549072E-1	-3.274536E-1	2.961731E+0	1.006470E+0
20.2031	-6.958008E-1	-3.491211E-1	2.960815E+0	1.027222E+0
20.2031	-7.110596E-1	-3.732300E-1	2.960510E+0	1.047974E+0
20.2187	-7.431030E-1	-3.897095E-1	2.960205E+0	1.065979E+0
20.2343	-7.742310E-1	-4.125977E-1	2.958679E+0	1.087646E+0
20.2343	-8.151245E-1	-4.421997E-1	2.958374E+0	1.107483E+0
20.25	-8.294678E-1	-4.531860E-1	2.957458E+0	1.125793E+0
20.25	-8.728027E-1	-4.785156E-1	2.956543E+0	1.146851E+0
20.2656	-8.929443E-1	-4.965210E-1	2.956238E+0	1.166992E+0
20.2812	-9.323120E-1	-5.187988E-1	2.955017E+0	1.184998E+0
20.2812	-9.606934E-1	-5.471802E-1	2.954712E+0	1.208191E+0
20.2968	-1.002808E+0	-5.706787E-1	2.953491E+0	1.226196E+0
20.2968	-1.036987E+0	-5.899048E-1	2.953491E+0	1.246033E+0
20.3125	-1.073303E+0	-6.021118E-1	2.952881E+0	1.267090E+0
20.3281	-1.098938E+0	-6.307983E-1	2.951660E+0	1.286926E+0
20.3281	-1.139832E+0	-6.500244E-1	2.951355E+0	1.306152E+0
20.3437	-1.164856E+0	-6.729126E-1	2.950439E+0	1.327209E+0
20.3593	-1.202698E+0	-6.951904E-1	2.949524E+0	1.346436E+0
20.3593	-1.234436E+0	-7.095337E-1	2.949524E+0	1.365051E+0
20.375	-1.273499E+0	-7.434082E-1	2.948303E+0	1.387024E+0
20.3906	-1.318665E+0	-7.537842E-1	2.947083E+0	1.406860E+0
20.3906	-1.350403E+0	-7.659912E-1	2.947083E+0	1.425781E+0
20.4062	-1.387329E+0	-7.934570E-1	2.946777E+0	1.447144E+0
20.4218	-1.412964E+0	-8.081055E-1	2.944946E+0	1.466980E+0
20.4218	-1.440430E+0	-8.197021E-1	2.944641E+0	1.485901E+0
20.4375	-1.480103E+0	-8.395386E-1	2.944641E+0	1.506958E+0
20.4531	-1.510620E+0	-8.670044E-1	2.943726E+0	1.526794E+0
20.4531	-1.539307E+0	-8.740234E-1	2.942810E+0	1.546021E+0
20.4687	-1.572571E+0	-8.923340E-1	2.941895E+0	1.567383E+0
20.4687	-1.581421E+0	-9.045410E-1	2.941284E+0	1.586914E+0
20.4843	-1.634216E+0	-9.283447E-1	2.940979E+0	1.606445E+0
20.5	-1.636963E+0	-9.350586E-1	2.940063E+0	1.626282E+0
20.5	-1.676941E+0	-9.542847E-1	2.938843E+0	1.647339E+0
20.5156	-1.673584E+0	-9.524536E-1	2.938232E+0	1.665955E+0
20.5312	-1.585693E+0	-9.017944E-1	2.937622E+0	1.687012E+0
20.5312	-1.499329E+0	-8.663940E-1	2.937012E+0	1.706848E+0
20.5468	-1.547852E+0	-8.795166E-1	2.936401E+0	1.725769E+0
20.5625	-1.516724E+0	-8.645630E-1	2.936707E+0	1.746521E+0
20.5625	-1.540833E+0	-8.840942E-1	2.935486E+0	1.766663E+0
20.5781	-1.522217E+0	-8.816528E-1	2.934875E+0	1.784973E+0
20.5937	-1.552429E+0	-8.840942E-1	2.933044E+0	1.807556E+0
20.5937	-1.530762E+0	-8.856201E-1	2.933044E+0	1.826477E+0
20.6093	-1.572876E+0	-8.990479E-1	2.933350E+0	1.846008E+0
20.6093	-1.564026E+0	-8.847046E-1	2.931519E+0	1.867065E+0
20.625	-1.528931E+0	-8.770752E-1	2.929993E+0	1.885986E+0
20.6406	-1.519775E+0	-8.660889E-1	2.930908E+0	1.905518E+0
20.6406	-1.497803E+0	-8.599854E-1	2.929382E+0	1.926880E+0
20.6562	-1.506653E+0	-8.673096E-1	2.928772E+0	1.946106E+0
20.6562	-1.490173E+0	-8.621216E-1	2.928772E+0	1.965332E+0
20.6718	-1.508484E+0	-8.642578E-1	2.927551E+0	1.987000E+0
20.6875	-1.470947E+0	-8.419800E-1	2.926941E+0	2.006531E+0
20.6875	-1.520996E+0	-8.709717E-1	2.926331E+0	2.025452E+0
20.7031	-1.477966E+0	-8.551025E-1	2.925415E+0	2.046204E+0
20.7187	-1.501770E+0	-8.743286E-1	2.923889E+0	2.066345E+0
20.7187	-1.481628E+0	-8.493042E-1	2.923889E+0	2.085571E+0
20.7343	-1.498718E+0	-8.624268E-1	2.923584E+0	2.106323E+0
20.75	-1.446533E+0	-8.432007E-1	2.922668E+0	2.126465E+0
20.75	-1.478271E+0	-8.575439E-1	2.921448E+0	2.144775E+0
20.7656	-1.436462E+0	-8.438110E-1	2.921753E+0	2.167358E+0
20.7812	-1.459961E+0	-8.410645E-1	2.920532E+0	2.185669E+0
20.7812	-1.446228E+0	-8.413696E-1	2.919617E+0	2.205505E+0
20.7968	-1.460571E+0	-8.334351E-1	2.919312E+0	2.226257E+0
20.8125	-1.430359E+0	-8.312988E-1	2.918396E+0	2.245789E+0
20.8125	-1.458740E+0	-8.364868E-1	2.917786E+0	2.265320E+0
20.8281	-1.433105E+0	-8.294678E-1	2.915955E+0	2.286987E+0
20.8437	-1.436157E+0	-8.349609E-1	2.915955E+0	2.305908E+0
20.8437	-1.436462E+0	-8.306885E-1	2.915649E+0	2.325439E+0
20.8593	-1.456299E+0	-8.438110E-1	2.915039E+0	2.346191E+0
20.8593	-1.459351E+0	-8.422852E-1	2.913818E+0	2.366028E+0
20.875	-1.473083E+0	-8.520508E-1	2.913513E+0	2.385254E+0
20.8906	-1.480103E+0	-8.569336E-1	2.912292E+0	2.405701E+0
20.8906	-1.468506E+0	-8.602905E-1	2.912598E+0	2.426147E+0
20.9062	-1.467590E+0	-8.508301E-1	2.911987E+0	2.445374E+0
20.9218	-1.431580E+0	-8.352661E-1	2.911072E+0	2.466431E+0
20.9218	-1.456604E+0	-8.422852E-1	2.909546E+0	2.484741E+0
20.9375	-1.437073E+0	-8.331299E-1	2.909546E+0	2.504272E+0
20.9531	-1.442871E+0	-8.316040E-1	2.908630E+0	2.525330E+0
20.9531	-1.437683E+0	-8.331299E-1	2.908020E+0	2.544861E+0
20.9687	-1.429749E+0	-8.334351E-1	2.907410E+0	2.563477E+0
20.9843	-1.416016E+0	-8.282471E-1	2.906189E+0	2.585754E+0
20.9843	-1.437988E+0	-8.367920E-1	2.906494E+0	2.604370E+0
21.0	-1.438599E+0	-8.343506E-1	2.905884E+0	2.622986E+0
21.0	-1.430359E+0	-8.340454E-1	2.904358E+0	2.645874E+0
21.0156	-1.409912E+0	-8.233643E-1	2.903442E+0	2.664490E+0
21.0312	-1.422424E+0	-8.221436E-1	2.903137E+0	2.682190E+0
21.0312	-1.408386E+0	-8.068848E-1	2.901917E+0	2.705078E+0
21.0468	-1.400146E+0	-8.084106E-1	2.901917E+0	2.724609E+0
21.0468	-1.401672E+0	-8.245850E-1	2.900696E+0	2.744141E+0
21.0625	-1.359558E+0	-7.858276E-1	2.900696E+0	2.764893E+0
21.0781	-1.333008E+0	-7.778931E-1	2.898865E+0	2.784424E+0
21.0781	-1.362610E+0	-7.974243E-1	2.899170E+0	2.803040E+0
21.0937	-1.349182E+0	-7.812500E-1	2.898865E+0	2.825317E+0
21.1093	-1.356812E+0	-7.901001E-1	2.897644E+0	2.844543E+0
21.1093	-1.366272E+0	-7.974243E-1	2.897034E+0	2.862854E+0
21.125	-1.365662E+0	-7.907104E-1	2.894897E+0	2.884521E+0
21.1406	-1.344910E+0	-7.928467E-1	2.894592E+0	2.904053E+0
21.1406	-1.375122E+0	-7.955933E-1	2.894897E+0	2.923584E+0
21.1562	-1.330872E+0	-7.916260E-1	2.893982E+0	2.944946E+0
21.1718	-1.358948E+0	-7.858276E-1	2.893677E+0	2.965088E+0
21.1718	-1.345215E+0	-7.815552E-1	2.893066E+0	2.983093E+0
21.1875	-1.358948E+0	-7.858276E-1	2.891846E+0	3.005066E+0
21.2031	-1.318970E+0	-7.717896E-1	2.890930E+0	3.024292E+0
21.2031	-1.348572E+0	-7.812500E-1	2.891235E+0	3.043518E+0
21.2187	-1.313171E+0	-7.632446E-1	2.890320E+0	3.064270E+0
21.2187	-1.343994E+0	-7.818604E-1	2.889709E+0	3.083801E+0
21.2343	-1.321411E+0	-7.684326E-1	2.889404E+0	3.103943E+0
21.25	-1.336060E+0	-7.736206E-1	2.887573E+0	3.124084E+0
21.25	-1.308289E+0	-7.562256E-1	2.886658E+0	3.143921E+0
21.2656	-1.319580E+0	-7.644653E-1	2.886658E+0	3.163452E+0
21.2812	-1.276550E+0	-7.412720E-1	2.885437E+0	3.184204E+0
21.2812	-1.254578E+0	-7.263184E-1	2.885132E+0	3.204041E+0
21.2968	-1.201172E+0	-6.921387E-1	2.884827E+0	3.223572E+0
21.3125	-1.177063E+0	-6.805420E-1	2.883911E+0	3.244934E+0
21.3125	-1.154480E+0	-6.661987E-1	2.882690E+0	3.263550E+0
21.3281	-1.133728E+0	-6.570435E-1	2.882690E+0	3.282471E+0
21.3437	-1.097717E+0	-6.198120E-1	2.881470E+0	3.304138E+0
21.3437	-1.067200E+0	-6.076050E-1	2.880249E+0	3.323669E+0
21.3593	-1.055908E+0	-6.039429E-1	2.880554E+0	3.343506E+0
21.3593	-1.019592E+0	-5.767822E-1	2.879639E+0	3.364258E+0
21.375	-1.030884E+0	-5.841064E-1	2.878723E+0	3.383484E+0
21.3906	-1.032715E+0	-5.761719E-1	2.877808E+0	3.402710E+0
21.3906	-1.000671E+0	-5.529785E-1	2.877197E+0	3.424072E+0
21.4062	-9.500122E-1	-5.276489E-1	2.876282E+0	3.443298E+0
21.4062	-9.680176E-1	-5.441284E-1	2.876282E+0	3.461914E+0
21.4218	-9.567261E-1	-5.291748E-1	2.874756E+0	3.483887E+0
21.4375	-9.997559E-1	-5.569458E-1	2.874451E+0	3.503418E+0
21.4375	-9.893799E-1	-5.520630E-1	2.873840E+0	3.522644E+0
21.4531	-9.814453E-1	-5.340576E-1	2.873230E+0	3.543701E+0
21.4687	-8.343506E-1	-4.501343E-1	2.872009E+0	3.563232E+0
21.4687	-8.645630E-1	-4.714966E-1	2.872314E+0	3.581848E+0
21.4843	-8.718872E-1	-4.742432E-1	2.870789E+0	3.603516E+0
21.5	-9.118652E-1	-5.062866E-1	2.870178E+0	3.622742E+0
21.5	-9.225464E-1	-5.172729E-1	2.870178E+0	3.642578E+0
21.5156	-9.686279E-1	-5.377197E-1	2.868958E+0	3.664551E+0
21.5312	-9.899902E-1	-5.499268E-1	2.868347E+0	3.682251E+0
21.5312	-1.016235E+0	-5.664062E-1	2.868347E+0	3.703003E+0
21.5468	-1.043396E+0	-5.743408E-1	2.866821E+0	3.723450E+0
21.5625	-1.038513E+0	-5.725098E-1	2.866516E+0	3.742676E+0
21.5625	-7.519531E-1	-3.854370E-1	2.866211E+0	3.762817E+0
21.5781	-7.727051E-1	-4.138184E-1	2.864685E+0	3.782959E+0
21.5937	-8.126831E-1	-4.470825E-1	2.864685E+0	3.802795E+0
21.5937	-8.355713E-1	-4.614258E-1	2.864380E+0	3.822327E+0
21.6093	-8.773804E-1	-4.870605E-1	2.862854E+0	3.843079E+0
21.6093	-8.938599E-1	-4.934692E-1	2.861938E+0	3.863220E+0
21.625	-9.335327E-1	-5.178833E-1	2.861938E+0	3.881531E+0
21.6406	-9.545898E-1	-5.285645E-1	2.861328E+0	3.903198E+0
21.6406	-1.000671E+0	-5.471802E-1	2.859192E+0	3.922729E+0
21.6562	-1.015320E+0	-5.642700E-1	2.858582E+0	3.941650E+0
21.6718	-1.047668E+0	-5.871582E-1	2.858582E+0	3.962708E+0
21.6718	-1.055908E+0	-5.874634E-1	2.857666E+0	3.982239E+0
21.6875	-1.043701E+0	-5.786133E-1	2.856750E+0	4.002075E+0
21.7031	-6.561279E-1	-3.390503E-1	2.857361E+0	4.022217E+0
21.7031	-6.896973E-1	-3.588867E-1	2.855530E+0	4.042664E+0
21.7187	-7.217407E-1	-3.744507E-1	2.854919E+0	4.060974E+0
21.7343	-7.440186E-1	-3.991699E-1	2.854614E+0	4.082947E+0
21.7343	-7.882690E-1	-4.183960E-1	2.853699E+0	4.101562E+0
21.75	-8.093262E-1	-4.360962E-1	2.853394E+0	4.119873E+0
21.75	-8.483887E-1	-4.647827E-1	2.852478E+0	4.140930E+0
21.7656	-8.697510E-1	-4.800415E-1	2.851257E+0	4.160767E+0
21.7812	-9.082031E-1	-5.087280E-1	2.850952E+0	4.178772E+0
21.7812	-9.329224E-1	-5.224609E-1	2.850342E+0	4.201355E+0
21.7968	-9.786987E-1	-5.389404E-1	2.850037E+0	4.220581E+0
21.7968	-9.939575E-1	-5.563354E-1	2.848511E+0	4.239502E+0
21.8125	-1.031189E+0	-5.776978E-1	2.847595E+0	4.261475E+0
21.8281	-1.058655E+0	-5.914307E-1	2.847595E+0	4.280396E+0
21.8281	-1.088867E+0	-6.088257E-1	2.847290E+0	4.299316E+0
21.8437	-1.105347E+0	-6.033325E-1	2.846375E+0	4.320984E+0
21.8593	-1.046143E+0	-5.786133E-1	2.846069E+0	4.340515E+0
21.8593	5.401611E-2	2.838135E-2	2.844849E+0	4.358826E+0
21.875	5.706787E-2	3.540039E-2	2.843933E+0	4.381714E+0
21.8906	4.791260E-2	3.265381E-2	2.842712E+0	4.399414E+0
21.8906	5.401611E-2	2.807617E-2	2.842712E+0	4.419861E+0
21.9062	5.187988E-2	1.800537E-2	2.841797E+0	4.440613E+0
21.9218	4.913330E-2	2.807617E-2	2.841187E+0	4.460449E+0
21.9218	5.340576E-2	2.441406E-2	2.840576E+0	4.478149E+0
21.9375	5.157471E-2	2.899170E-2	2.839966E+0	4.505005E+0
21.9531	5.340576E-2	3.204346E-2	2.838745E+0	4.519348E+0
21.9531	4.943848E-2	2.593994E-2	2.839355E+0	4.537659E+0
21.9687	5.310059E-2	3.051758E-2	2.837524E+0	4.560547E+0
21.9687	5.584717E-2	2.990723E-2	2.836914E+0	4.578857E+0
21.9843	5.310059E-2	2.777100E-2	2.835388E+0	4.598694E+0
22.0	5.096436E-2	3.387451E-2	2.836609E+0	4.619751E+0
22.0	5.706787E-2	3.051758E-2	2.834473E+0	4.638977E+0
22.0156	6.347656E-2	3.448486E-2	2.834473E+0	4.659424E+0
22.0312	5.126953E-2	3.631592E-2	2.833862E+0	4.678650E+0
22.0312	5.126953E-2	3.143311E-2	2.832947E+0	4.698486E+0
22.0468	5.218506E-2	3.173828E-2	2.832336E+0	4.717712E+0
22.0625	5.340576E-2	2.410889E-2	2.832031E+0	4.739685E+0
22.0625	5.706787E-2	2.868652E-2	2.830505E+0	4.758911E+0
22.0781	5.554199E-2	2.471924E-2	2.830200E+0	4.777832E+0
22.0937	5.798340E-2	3.387451E-2	2.829285E+0	4.798889E+0
22.0937	5.737305E-2	2.899170E-2	2.828979E+0	4.817810E+0
22.1093	5.462646E-2	3.204346E-2	2.828369E+0	4.837341E+0
22.1093	4.913330E-2	3.051758E-2	2.827759E+0	4.858093E+0
22.125	5.828857E-2	3.479004E-2	2.826538E+0	4.877625E+0
22.1406	5.584717E-2	2.838135E-2	2.825928E+0	4.896545E+0
22.1406	5.676270E-2	2.929687E-2	2.826233E+0	4.918518E+0
22.1562	5.523682E-2	3.234863E-2	2.825012E+0	4.937134E+0
22.1562	5.584717E-2	2.929687E-2	2.825012E+0	4.955750E+0
22.1718	5.218506E-2	3.601074E-2	2.822876E+0	4.978027E+0
22.1875	5.920410E-2	4.455566E-2	2.822571E+0	4.997253E+0
22.1875	5.462646E-2	4.089355E-2	2.822571E+0	5.017090E+0
22.2031	5.798340E-2	3.509521E-2	2.821045E+0	5.037842E+0
22.2187	5.462646E-2	3.417969E-2	2.820129E+0	5.057068E+0
22.2187	6.072998E-2	3.387451E-2	2.819824E+0	5.075989E+0
22.2343	5.737305E-2	2.899170E-2	2.818909E+0	5.096741E+0
22.25	6.408691E-2	3.082275E-2	2.818298E+0	5.116882E+0
22.25	4.791260E-2	3.997803E-2	2.818298E+0	5.135193E+0
22.2656	6.042480E-2	3.143311E-2	2.816772E+0	5.156860E+0
22.2812	6.042480E-2	3.997803E-2	2.816467E+0	5.176392E+0
22.2812	5.981445E-2	4.180908E-2	2.815857E+0	5.195923E+0
22.2968	4.882812E-2	4.028320E-2	2.814941E+0	5.216980E+0
22.3125	5.371094E-2	2.777100E-2	2.813721E+0	5.235596E+0
22.3125	5.706787E-2	3.631592E-2	2.813721E+0	5.254517E+0
22.3281	5.432129E-2	3.784180E-2	2.812805E+0	5.276184E+0
22.3437	5.615234E-2	3.997803E-2	2.811890E+0	5.295410E+0
22.3437	5.157471E-2	4.669189E-2	2.811279E+0	5.315247E+0
22.3593	5.676270E-2	2.960205E-2	2.811279E+0	5.335999E+0
22.3593	5.310059E-2	4.089355E-2	2.809753E+0	5.354919E+0
22.375	6.103516E-2	3.387451E-2	2.809143E+0	5.374146E+0
22.3906	5.950928E-2	3.906250E-2	2.809143E+0	5.395813E+0
22.3906	5.493164E-2	3.845215E-2	2.808228E+0	5.414429E+0
22.4062	5.828857E-2	3.906250E-2	2.807312E+0	5.434265E+0
22.4218	5.645752E-2	3.784180E-2	2.806702E+0	5.455627E+0
22.4218	5.798340E-2	3.387451E-2	2.806091E+0	5.473938E+0
22.4375	6.072998E-2	4.119873E-2	2.805481E+0	5.493774E+0
22.4531	5.615234E-2	4.516602E-2	2.804871E+0	5.514526E+0
22.4531	5.187988E-2	3.692627E-2	2.803650E+0	5.534058E+0
22.4687	5.615234E-2	4.302979E-2	2.803040E+0	5.551758E+0
22.4843	5.157471E-2	4.211426E-2	2.802429E+0	5.574646E+0
22.4843	5.401611E-2	4.089355E-2	2.801514E+0	5.593567E+0
22.5	6.286621E-2	4.058838E-2	2.800903E+0	5.611572E+0
22.5	5.493164E-2	4.608154E-2	2.799988E+0	5.634460E+0
22.5156	5.462646E-2	3.387451E-2	2.798767E+0	5.653076E+0
22.5312	5.767822E-2	3.692627E-2	2.799377E+0	5.670471E+0
22.5312	6.042480E-2	4.089355E-2	2.798462E+0	5.693665E+0
22.5468	4.974365E-2	3.692627E-2	2.797546E+0	5.712891E+0
22.5468	5.493164E-2	4.486084E-2	2.797241E+0	5.732422E+0
22.5625	5.798340E-2	4.119873E-2	2.796326E+0	5.751953E+0
22.5781	5.950928E-2	4.821777E-2	2.795105E+0	5.771484E+0
22.5781	5.737305E-2	4.577637E-2	2.794800E+0	5.789795E+0
22.5937	6.622314E-2	3.814697E-2	2.794800E+0	5.811768E+0
22.6093	6.317139E-2	3.997803E-2	2.792969E+0	5.831299E+0
22.6093	5.950928E-2	3.845215E-2	2.792358E+0	5.849304E+0
22.625	6.072998E-2	3.509521E-2	2.792053E+0	5.870361E+0
22.6406	5.706787E-2	4.241943E-2	2.790833E+0	5.889893E+0
22.6406	5.371094E-2	4.547119E-2	2.790222E+0	5.909119E+0
22.6562	5.767822E-2	3.906250E-2	2.789917E+0	5.930176E+0
22.6718	5.554199E-2	4.547119E-2	2.789001E+0	5.950317E+0
22.6718	5.310059E-2	4.272461E-2	2.788696E+0	5.968933E+0
22.6875	5.432129E-2	3.753662E-2	2.788696E+0	5.990601E+0
22.7031	5.371094E-2	5.157471E-2	2.786560E+0	6.009827E+0
22.7031	6.591797E-2	4.760742E-2	2.786255E+0	6.028137E+0
22.7187	5.676270E-2	3.509521E-2	2.786255E+0	6.050110E+0
22.7187	5.584717E-2	4.241943E-2	2.785339E+0	6.068726E+0
22.7343	6.164551E-2	5.249023E-2	2.784119E+0	6.088867E+0
22.75	5.432129E-2	4.272461E-2	2.783203E+0	6.109009E+0
22.75	6.011963E-2	4.913330E-2	2.782898E+0	6.129150E+0
22.7656	5.828857E-2	4.302979E-2	2.782288E+0	6.148071E+0
22.7812	6.072998E-2	4.455566E-2	2.781982E+0	6.168823E+0
22.7812	5.889893E-2	4.943848E-2	2.780762E+0	6.188354E+0
22.7968	5.889893E-2	4.974365E-2	2.780457E+0	6.206360E+0
22.8125	5.584717E-2	5.096436E-2	2.779236E+0	6.228027E+0
22.8125	6.378174E-2	4.547119E-2	2.778625E+0	6.247559E+0
22.8281	5.065918E-2	3.753662E-2	2.778015E+0	6.265869E+0
22.8437	6.774902E-2	5.065918E-2	2.777100E+0	6.289062E+0
22.8437	5.737305E-2	4.455566E-2	2.776489E+0	6.307068E+0
22.8593	5.371094E-2	4.394531E-2	2.776184E+0	6.325989E+0
22.8593	5.371094E-2	5.035400E-2	2.775269E+0	6.346741E+0
22.875	6.500244E-2	4.150391E-2	2.775269E+0	6.365967E+0
22.8906	5.554199E-2	4.333496E-2	2.774048E+0	6.386108E+0
22.8906	6.164551E-2	4.119873E-2	2.772827E+0	6.406860E+0
22.9062	5.615234E-2	4.730225E-2	2.772827E+0	6.426392E+0
22.9062	5.554199E-2	4.547119E-2	2.771912E+0	6.444397E+0
22.9218	6.500244E-2	4.913330E-2	2.771606E+0	6.466675E+0
22.9375	6.256104E-2	4.882812E-2	2.770691E+0	6.485596E+0
22.9375	5.554199E-2	4.516602E-2	2.769165E+0	6.505127E+0
22.9531	6.378174E-2	4.089355E-2	2.768555E+0	6.525574E+0
22.9687	6.195068E-2	4.272461E-2	2.768555E+0	6.544800E+0
22.9687	7.049561E-2	5.432129E-2	2.767639E+0	6.564026E+0
22.9843	6.439209E-2	5.523682E-2	2.767639E+0	6.585999E+0
23.0	6.408691E-2	5.767822E-2	2.766113E+0	6.604309E+0
23.0	5.920410E-2	4.364014E-2	2.765503E+0	6.623230E+0
23.0156	6.500244E-2	4.730225E-2	2.765808E+0	6.644287E+0
23.0312	6.256104E-2	5.065918E-2	2.764587E+0	6.663513E+0
23.0312	5.889893E-2	4.974365E-2	2.763672E+0	6.683044E+0
23.0468	6.256104E-2	5.401611E-2	2.762146E+0	6.704102E+0
23.0625	5.645752E-2	4.852295E-2	2.762146E+0	6.723633E+0
23.0625	6.011963E-2	5.340576E-2	2.761230E+0	6.743164E+0
23.0781	5.615234E-2	5.462646E-2	2.760315E+0	6.763916E+0
23.0937	6.286621E-2	5.004883E-2	2.760315E+0	6.782532E+0
23.0937	6.042480E-2	4.791260E-2	2.759399E+0	6.801758E+0
23.1093	5.096436E-2	4.394531E-2	2.758484E+0	6.824036E+0
23.1093	5.920410E-2	5.035400E-2	2.758179E+0	6.842041E+0
23.125	5.706787E-2	4.943848E-2	2.757568E+0	6.860657E+0
23.1406	6.072998E-2	5.249023E-2	2.756653E+0	6.883240E+0
23.1406	5.767822E-2	4.852295E-2	2.756042E+0	6.901550E+0
23.1562	5.401611E-2	4.180908E-2	2.755432E+0	6.921387E+0
23.1718	5.950928E-2	5.279541E-2	2.753906E+0	6.941528E+0
23.1718	6.347656E-2	5.950928E-2	2.753296E+0	6.960754E+0
23.1875	5.981445E-2	4.638672E-2	2.753296E+0	6.980286E+0
23.2031	6.530762E-2	5.462646E-2	2.752075E+0	7.001038E+0
23.2031	6.103516E-2	4.486084E-2	2.751160E+0	7.021179E+0
23.2187	5.767822E-2	5.828857E-2	2.751465E+0	7.038574E+0
23.2343	5.767822E-2	5.218506E-2	2.750549E+0	7.061157E+0
23.2343	5.767822E-2	5.401611E-2	2.750244E+0	7.079773E+0
23.25	6.652832E-2	5.340576E-2	2.749634E+0	7.098083E+0
23.25	5.584717E-2	5.157471E-2	2.748413E+0	7.120056E+0
23.2656	6.103516E-2	5.279541E-2	2.746887E+0	7.139893E+0
23.2812	5.920410E-2	5.706787E-2	2.746582E+0	7.156067E+0
23.2812	5.828857E-2	6.011963E-2	2.746582E+0	7.179565E+0
23.2968	5.645752E-2	5.615234E-2	2.745056E+0	7.198792E+0
23.2968	6.134033E-2	5.767822E-2	2.744446E+0	7.218018E+0
23.3125	5.462646E-2	5.371094E-2	2.744141E+0	7.238159E+0
23.3281	5.981445E-2	5.950928E-2	2.743225E+0	7.257690E+0
23.3281	5.828857E-2	5.065918E-2	2.742615E+0	7.276917E+0
23.3437	5.767822E-2	5.920410E-2	2.742615E+0	7.298279E+0
23.3593	6.439209E-2	5.676270E-2	2.741089E+0	7.317505E+0
23.3593	6.164551E-2	6.195068E-2	2.740479E+0	7.335205E+0
23.375	5.798340E-2	5.432129E-2	2.739563E+0	7.357483E+0
23.3906	5.737305E-2	5.554199E-2	2.739258E+0	7.376099E+0
23.3906	6.072998E-2	6.072998E-2	2.738342E+0	7.394104E+0
23.4062	6.195068E-2	5.432129E-2	2.737427E+0	7.416077E+0
23.4218	5.706787E-2	5.249023E-2	2.736816E+0	7.435608E+0
23.4218	5.950928E-2	5.432129E-2	2.737122E+0	7.453308E+0
23.4375	5.523682E-2	5.065918E-2	2.735901E+0	7.475281E+0
23.4531	5.828857E-2	5.706787E-2	2.735291E+0	7.494812E+0
23.4531	5.981445E-2	5.706787E-2	2.734680E+0	7.512512E+0
23.4687	6.164551E-2	5.371094E-2	2.732849E+0	7.534790E+0
23.4687	5.828857E-2	5.401611E-2	2.732544E+0	7.553711E+0
23.4843	5.798340E-2	5.584717E-2	2.732544E+0	7.573242E+0
23.5	6.011963E-2	6.103516E-2	2.731628E+0	7.593384E+0
23.5	6.134033E-2	5.950928E-2	2.731018E+0	7.612915E+0
23.5156	6.256104E-2	5.615234E-2	2.730713E+0	7.632751E+0
23.5312	6.042480E-2	6.042480E-2	2.729187E+0	7.653198E+0
23.5312	6.835937E-2	5.981445E-2	2.728577E+0	7.672424E+0
23.5468	5.676270E-2	5.493164E-2	2.728271E+0	7.690430E+0
23.5625	6.286621E-2	5.645752E-2	2.727356E+0	7.712402E+0
23.5625	6.011963E-2	5.767822E-2	2.725830E+0	7.731934E+0
23.5781	5.950928E-2	5.462646E-2	2.726135E+0	7.749329E+0
23.5937	6.347656E-2	5.249023E-2	2.725830E+0	7.772522E+0
23.5937	5.645752E-2	6.103516E-2	2.724609E+0	7.790833E+0
23.6093	5.920410E-2	5.615234E-2	2.723694E+0	7.810364E+0
23.6093	6.225586E-2	6.408691E-2	2.723083E+0	7.830811E+0
23.625	6.286621E-2	5.676270E-2	2.721863E+0	7.850342E+0
23.6406	5.828857E-2	5.706787E-2	2.721863E+0	7.868042E+0
23.6406	5.859375E-2	5.737305E-2	2.721252E+0	7.890930E+0
23.6562	6.469727E-2	6.072998E-2	2.720032E+0	7.909546E+0
23.6562	6.072998E-2	6.134033E-2	2.719116E+0	7.927856E+0
23.6718	5.493164E-2	6.225586E-2	2.719421E+0	7.949829E+0
23.6875	6.622314E-2	5.889893E-2	2.669983E+0	7.969360E+0
23.6875	6.256104E-2	6.164551E-2	2.607422E+0	7.969666E+0
23.7031	6.347656E-2	6.744385E-2	2.482300E+0	7.969360E+0
23.7187	6.988525E-2	6.195068E-2	2.363586E+0	7.969360E+0
23.7187	5.889893E-2	6.774902E-2	2.305298E+0	7.968750E+0
23.7343	6.378174E-2	6.500244E-2	2.190857E+0	7.968750E+0
23.75	6.744385E-2	6.652832E-2	2.062073E+0	7.968445E+0
23.75	5.889893E-2	6.195068E-2	2.002869E+0	7.969055E+0
23.7656	6.347656E-2	6.225586E-2	1.902466E+0	7.968750E+0
23.7812	6.408691E-2	7.171631E-2	1.774597E+0	7.968445E+0
23.7812	6.256104E-2	6.958008E-2	1.700439E+0	7.968750E+0
23.7968	6.408691E-2	7.598877E-2	1.576843E+0	7.968750E+0
23.8125	6.713867E-2	8.117676E-2	1.475220E+0	7.968140E+0
23.8125	6.683350E-2	6.927490E-2	1.400146E+0	7.967834E+0
23.8281	7.049561E-2	7.965088E-2	1.276245E+0	7.969055E+0
23.8437	6.713867E-2	7.171631E-2	1.157227E+0	7.968140E+0
23.8437	6.347656E-2	8.300781E-2	1.098938E+0	7.968750E+0
23.8593	7.019043E-2	7.476807E-2	9.725952E-1	7.968140E+0
23.8593	5.950928E-2	7.598877E-2	8.563232E-1	7.968140E+0
23.875	7.141113E-2	8.117676E-2	7.965088E-1	7.968140E+0
23.8906	7.507324E-2	8.483887E-2	6.744385E-1	7.967834E+0
23.8906	6.652832E-2	8.056641E-2	5.725098E-1	7.968140E+0
23.9062	6.866455E-2	7.568359E-2	4.980469E-1	7.968140E+0
23.9218	6.896973E-2	8.666992E-2	3.778076E-1	7.968750E+0
23.9218	7.293701E-2	8.087158E-2	2.752686E-1	7.968140E+0
23.9375	7.110596E-2	7.720947E-2	2.059937E-1	7.968140E+0
23.9531	7.415771E-2	8.636475E-2	9.826660E-2	7.968445E+0
23.9531	6.805420E-2	9.185791E-2	1.129150E-2	7.967529E+0
23.9687	7.110596E-2	8.789062E-2	6.713867E-3	7.885132E+0
23.9843	7.568359E-2	8.880615E-2	7.934570E-3	7.772522E+0
23.9843	6.439209E-2	7.904053E-2	9.460449E-3	7.675171E+0
24.0	6.866455E-2	8.728027E-2	8.850098E-3	7.580566E+0
24.0	6.591797E-2	8.483887E-2	9.765625E-3	7.470093E+0
24.0156	6.561279E-2	8.209229E-2	1.037598E-2	7.370300E+0
24.0312	6.561279E-2	8.483887E-2	9.460449E-3	7.283630E+0
24.0312	6.591797E-2	8.026123E-2	1.007080E-2	7.168579E+0
24.0468	6.835937E-2	7.812500E-2	1.007080E-2	7.070618E+0
24.0468	7.141113E-2	7.415771E-2	1.037598E-2	6.972351E+0
24.0625	6.195068E-2	7.476807E-2	1.068115E-2	6.866455E+0
24.0781	6.713867E-2	7.598877E-2	1.068115E-2	6.769409E+0
24.0781	6.469727E-2	8.300781E-2	1.007080E-2	6.672668E+0
24.0937	6.195068E-2	7.812500E-2	1.068115E-2	6.565552E+0
24.1093	6.164551E-2	7.019043E-2	1.098633E-2	6.464539E+0
24.1093	6.408691E-2	7.904053E-2	9.460449E-3	6.369629E+0
24.125	6.774902E-2	7.995605E-2	1.007080E-2	6.263428E+0
24.1406	6.958008E-2	6.866455E-2	1.068115E-2	6.163940E+0
24.1406	6.622314E-2	7.171631E-2	1.037598E-2	6.066895E+0
24.1562	6.042480E-2	7.110596E-2	1.098633E-2	5.961914E+0
24.1718	6.622314E-2	7.293701E-2	1.068115E-2	5.862732E+0
24.1718	6.195068E-2	7.171631E-2	1.037598E-2	5.767517E+0
24.1875	6.103516E-2	6.896973E-2	1.098633E-2	5.658875E+0
24.2031	7.232666E-2	8.026123E-2	1.068115E-2	5.561218E+0
24.2031	5.767822E-2	6.347656E-2	1.037598E-2	5.463867E+0
24.2187	5.981445E-2	7.965088E-2	9.765625E-3	5.357361E+0
24.2187	6.408691E-2	7.385254E-2	1.068115E-2	5.259399E+0
24.2343	6.469727E-2	6.805420E-2	9.765625E-3	5.159302E+0
24.25	6.042480E-2	6.561279E-2	1.068115E-2	5.056152E+0
24.25	6.805420E-2	6.744385E-2	1.098633E-2	4.955750E+0
24.2656	6.500244E-2	6.805420E-2	1.037598E-2	4.855347E+0
24.2812	6.011963E-2	6.591797E-2	1.098633E-2	4.753723E+0
24.2812	6.317139E-2	6.469727E-2	1.007080E-2	4.653015E+0
24.2968	5.462646E-2	6.103516E-2	1.007080E-2	4.556885E+0
24.3125	6.103516E-2	6.378174E-2	1.098633E-2	4.450378E+0
24.3125	5.493164E-2	5.676270E-2	1.068115E-2	4.350891E+0
24.3281	5.310059E-2	5.920410E-2	1.007080E-2	4.254761E+0
24.3437	5.767822E-2	6.286621E-2	1.068115E-2	4.146729E+0
24.3437	5.859375E-2	6.134033E-2	1.129150E-2	4.048157E+0
24.3593	5.584717E-2	5.554199E-2	9.765625E-3	3.948059E+0
24.3593	6.317139E-2	5.676270E-2	1.098633E-2	3.845215E+0
24.375	6.500244E-2	5.798340E-2	1.159668E-2	3.744507E+0
24.3906	5.065918E-2	5.950928E-2	1.037598E-2	3.646545E+0
24.3906	5.920410E-2	6.011963E-2	1.159668E-2	3.540955E+0
24.4062	6.134033E-2	6.072998E-2	1.068115E-2	3.440857E+0
24.4062	5.920410E-2	5.065918E-2	1.068115E-2	3.345032E+0
24.4218	6.439209E-2	5.218506E-2	1.068115E-2	3.238525E+0
24.4375	6.164551E-2	4.913330E-2	1.068115E-2	3.137817E+0
24.4375	6.439209E-2	6.591797E-2	1.007080E-2	3.037415E+0
24.4531	5.157471E-2	5.249023E-2	1.007080E-2	2.934875E+0
24.4687	5.859375E-2	5.889893E-2	1.068115E-2	2.834167E+0
24.4687	5.615234E-2	5.401611E-2	1.007080E-2	2.735291E+0
24.4843	5.920410E-2	4.577637E-2	1.098633E-2	2.630615E+0
24.5	5.371094E-2	4.821777E-2	1.037598E-2	2.530823E+0
24.5	5.828857E-2	4.913330E-2	9.460449E-3	2.434082E+0
24.5156	5.889893E-2	4.699707E-2	1.037598E-2	2.328491E+0
24.5312	5.889893E-2	5.310059E-2	1.007080E-2	2.228699E+0
24.5312	5.645752E-2	4.821777E-2	1.037598E-2	2.127380E+0
24.5468	6.317139E-2	4.821777E-2	1.068115E-2	2.025452E+0
24.5468	6.164551E-2	4.943848E-2	1.037598E-2	1.925659E+0
24.5625	5.462646E-2	5.004883E-2	1.098633E-2	1.822815E+0
24.5781	5.310059E-2	5.187988E-2	1.129150E-2	1.719971E+0
24.5781	6.286621E-2	4.028320E-2	1.098633E-2	1.624451E+0
24.5937	5.462646E-2	4.394531E-2	1.190186E-2	1.518250E+0
24.6093	5.706787E-2	4.150391E-2	1.129150E-2	1.417847E+0
24.6093	5.615234E-2	4.608154E-2	1.068115E-2	1.320801E+0
24.625	5.584717E-2	4.119873E-2	1.129150E-2	1.214294E+0
24.6406	5.432129E-2	3.692627E-2	1.129150E-2	1.115112E+0
24.6406	6.134033E-2	3.845215E-2	1.129150E-2	1.014709E+0
24.6562	5.157471E-2	3.295898E-2	1.190186E-2	9.118652E-1
24.6718	5.950928E-2	4.089355E-2	1.098633E-2	8.114624E-1
24.6718	6.011963E-2	4.241943E-2	1.159668E-2	7.135010E-1
24.6875	5.676270E-2	3.784180E-2	1.159668E-2	6.082153E-1
24.7031	5.798340E-2	3.509521E-2	1.129150E-2	5.090332E-1
24.7031	4.516602E-2	3.692627E-2	1.159668E-2	4.104614E-1
24.7187	5.554199E-2	3.936768E-2	1.190186E-2	3.048706E-1
24.7187	5.218506E-2	4.241943E-2	1.129150E-2	2.053833E-1
24.7343	5.706787E-2	3.662109E-2	1.129150E-2	1.043701E-1
24.75	4.791260E-2	3.387451E-2	1.129150E-2	2.136230E-3
24.75	5.554199E-2	4.089355E-2	1.190186E-2	4.882812E-3
24.7656	4.791260E-2	3.875732E-2	1.159668E-2	5.798340E-3
24.7812	5.523682E-2	4.608154E-2	1.190186E-2	7.019043E-3
24.7812	5.065918E-2	3.387451E-2	1.159668E-2	7.629395E-3
24.7968	5.920410E-2	3.631592E-2	1.159668E-2	7.934570E-3
24.8125	4.272461E-2	3.082275E-2	1.190186E-2	8.239746E-3
24.8125	5.584717E-2	4.821777E-2	1.220703E-2	7.629395E-3
24.8281	6.347656E-2	3.631592E-2	1.251221E-2	7.629395E-3
24.8437	5.401611E-2	3.601074E-2	1.190186E-2	7.934570E-3
24.8437	5.096436E-2	3.814697E-2	1.190186E-2	7.324219E-3
24.8593	5.126953E-2	3.479004E-2	1.190186E-2	8.239746E-3
24.8593	5.920410E-2	3.997803E-2	1.159668E-2	8.850098E-3
24.875	5.035400E-2	4.730225E-2	1.159668E-2	8.239746E-3
24.8906	4.974365E-2	3.570557E-2	1.190186E-2	8.239746E-3
24.8906	4.699707E-2	3.723145E-2	1.190186E-2	8.544922E-3
24.9062	5.340576E-2	3.784180E-2	1.159668E-2	8.544922E-3
24.9062	5.401611E-2	4.272461E-2	1.159668E-2	8.239746E-3
24.9218	4.699707E-2	3.051758E-2	1.129150E-2	8.544922E-3
24.9375	5.096436E-2	3.448486E-2	1.159668E-2	8.544922E-3
24.9375	5.981445E-2	3.356934E-2	1.220703E-2	8.239746E-3
24.9531	4.577637E-2	3.479004E-2	1.159668E-2	8.544922E-3
24.9687	5.371094E-2	3.875732E-2	1.159668E-2	9.155273E-3
24.9687	4.760742E-2	3.967285E-2	1.190186E-2	8.239746E-3
24.9843	5.249023E-2	3.753662E-2	1.190186E-2	9.155273E-3
25.0	6.103516E-2	4.089355E-2	1.220703E-2	8.239746E-3
25.0	5.187988E-2	3.509521E-2	1.159668E-2	8.850098E-3
25.0156	5.218506E-2	4.516602E-2	1.159668E-2	8.544922E-3
25.0312	5.584717E-2	4.638672E-2	1.129150E-2	8.850098E-3
25.0312	5.279541E-2	3.326416E-2	1.129150E-2	8.850098E-3
25.0468	4.852295E-2	3.387451E-2	1.159668E-2	8.850098E-3
25.0625	4.425049E-2	2.838135E-2	1.129150E-2	8.544922E-3
25.0625	5.462646E-2	3.204346E-2	1.159668E-2	9.155273E-3
25.0781	5.279541E-2	3.143311E-2	1.159668E-2	8.544922E-3
25.0937	5.767822E-2	3.601074E-2	1.190186E-2	7.934570E-3
25.0937	5.157471E-2	3.662109E-2	1.190186E-2	8.850098E-3
25.1093	4.852295E-2	3.997803E-2	1.159668E-2	9.460449E-3
25.1093	5.889893E-2	3.417969E-2	1.129150E-2	8.544922E-3
25.125	5.859375E-2	3.173828E-2	1.220703E-2	8.544922E-3
25.1406	5.187988E-2	3.662109E-2	1.220703E-2	8.850098E-3
25.1406	5.279541E-2	4.333496E-2	1.220703E-2	8.850098E-3
25.1562	4.547119E-2	3.845215E-2	1.159668E-2	8.850098E-3
25.1718	5.218506E-2	3.479004E-2	1.159668E-2	8.544922E-3
25.1718	5.249023E-2	3.326416E-2	1.129150E-2	9.765625E-3
25.1875	5.401611E-2	3.997803E-2	1.190186E-2	8.544922E-3
25.2031	6.530762E-2	3.570557E-2	1.190186E-2	8.850098E-3
25.2031	5.737305E-2	3.021240E-2	1.159668E-2	8.850098E-3
25.2187	5.340576E-2	4.180908E-2	1.190186E-2	9.155273E-3
25.2343	5.523682E-2	3.479004E-2	1.159668E-2	8.544922E-3
25.2343	5.310059E-2	4.180908E-2	1.159668E-2	8.850098E-3
25.25	4.943848E-2	4.119873E-2	1.190186E-2	9.155273E-3
25.25	4.791260E-2	3.967285E-2	1.190186E-2	8.850098E-3
25.2656	4.943848E-2	3.723145E-2	1.129150E-2	8.544922E-3
25.2812	5.523682E-2	3.082275E-2	1.190186E-2	8.850098E-3
25.2812	5.035400E-2	3.692627E-2	1.190186E-2	8.239746E-3
25.2968	5.035400E-2	3.326416E-2	1.190186E-2	8.850098E-3
25.2968	4.730225E-2	3.234863E-2	1.190186E-2	8.544922E-3
25.3125	5.432129E-2	4.211426E-2	1.129150E-2	8.850098E-3
25.3281	5.584717E-2	4.150391E-2	1.220703E-2	9.155273E-3
25.3281	5.706787E-2	3.692627E-2	1.190186E-2	8.850098E-3
25.3437	5.737305E-2	3.631592E-2	1.159668E-2	8.850098E-3
25.3593	5.645752E-2	3.540039E-2	1.190186E-2	8.850098E-3
25.3593	5.035400E-2	3.509521E-2	1.159668E-2	8.850098E-3
25.375	5.523682E-2	4.547119E-2	1.159668E-2	8.544922E-3
25.3906	4.943848E-2	3.570557E-2	1.159668E-2	8.544922E-3
25.3906	5.218506E-2	3.417969E-2	1.129150E-2	8.850098E-3
25.4062	4.882812E-2	2.960205E-2	1.159668E-2	9.155273E-3
25.4218	5.828857E-2	4.058838E-2	1.190186E-2	8.544922E-3
25.4218	5.187988E-2	3.387451E-2	1.159668E-2	8.544922E-3
25.4375	4.821777E-2	3.936768E-2	1.251221E-2	9.155273E-3
25.4531	5.737305E-2	4.455566E-2	1.190186E-2	8.850098E-3
25.4531	5.371094E-2	3.479004E-2	1.220703E-2	8.850098E-3
25.4687	5.371094E-2	3.417969E-2	1.190186E-2	8.239746E-3
25.4687	5.584717E-2	3.906250E-2	1.159668E-2	9.155273E-3
25.4843	5.462646E-2	4.394531E-2	1.190186E-2	8.850098E-3
25.5	5.706787E-2	3.906250E-2	1.159668E-2	8.544922E-3
25.5	4.791260E-2	3.875732E-2	1.190186E-2	9.155273E-3
25.5156	5.462646E-2	3.906250E-2	1.129150E-2	9.155273E-3
25.5312	5.340576E-2	3.417969E-2	1.190186E-2	8.850098E-3
25.5312	5.249023E-2	3.784180E-2	1.129150E-2	8.850098E-3
25.5468	4.913330E-2	2.868652E-2	1.190186E-2	9.155273E-3
25.5625	5.218506E-2	4.272461E-2	1.190186E-2	9.155273E-3
25.5625	5.462646E-2	4.394531E-2	1.190186E-2	9.155273E-3
25.5781	5.523682E-2	3.723145E-2	1.190186E-2	8.850098E-3
25.5937	4.760742E-2	3.601074E-2	1.190186E-2	9.155273E-3
25.5937	5.004883E-2	4.180908E-2	1.220703E-2	8.850098E-3
25.6093	4.974365E-2	3.845215E-2	1.159668E-2	8.239746E-3
25.6093	4.791260E-2	3.692627E-2	1.159668E-2	8.850098E-3
25.625	5.950928E-2	3.997803E-2	1.190186E-2	8.544922E-3
25.6406	4.882812E-2	3.967285E-2	1.129150E-2	8.850098E-3
25.6406	5.035400E-2	3.723145E-2	1.159668E-2	9.460449E-3
25.6562	4.241943E-2	3.845215E-2	1.129150E-2	9.460449E-3
25.6562	5.859375E-2	4.211426E-2	1.159668E-2	8.850098E-3
25.6718	5.645752E-2	3.814697E-2	1.159668E-2	9.460449E-3
25.6875	4.943848E-2	3.814697E-2	1.159668E-2	9.155273E-3
25.6875	5.462646E-2	3.784180E-2	1.190186E-2	8.850098E-3
25.7031	5.981445E-2	3.906250E-2	1.159668E-2	9.155273E-3
25.7187	4.730225E-2	3.204346E-2	1.251221E-2	9.155273E-3
25.7187	4.760742E-2	3.417969E-2	1.251221E-2	8.850098E-3
25.7343	5.493164E-2	3.967285E-2	1.190186E-2	8.544922E-3
25.75	5.340576E-2	3.601074E-2	1.159668E-2	8.850098E-3
25.75	5.126953E-2	3.326416E-2	1.190186E-2	9.155273E-3
