June 02, 2009 16:32
529b02
H:\20090602-sws10-sls\LS_p30_d80_vp20_vd20.traj
lateral amplification = 100
normal amp = 100
pitch angle = -15
roll angle = 294
cantilever = 529b02
<data>
time	voltageForceLateral	voltageForceNormal	voltagePositionX	voltagePositionY
124.5312	-3.326416E-2	-6.591797E-2	1.129150E-2	9.155273E-3
124.5469	-4.425049E-2	-5.432129E-2	1.159668E-2	9.155273E-3
124.5625	-4.486084E-2	-6.072998E-2	1.159668E-2	9.460449E-3
124.5625	-3.692627E-2	-6.225586E-2	1.190186E-2	8.544922E-3
124.5781	-3.845215E-2	-5.493164E-2	1.098633E-2	8.544922E-3
124.5937	-3.570557E-2	-5.920410E-2	1.159668E-2	8.544922E-3
124.5937	-4.028320E-2	-6.896973E-2	1.159668E-2	9.155273E-3
124.6094	-4.486084E-2	-6.408691E-2	1.190186E-2	8.544922E-3
124.6094	-3.845215E-2	-5.371094E-2	1.098633E-2	8.850098E-3
124.625	-4.547119E-2	-5.920410E-2	1.159668E-2	8.544922E-3
124.6406	-3.845215E-2	-5.920410E-2	1.159668E-2	8.850098E-3
124.6406	-4.150391E-2	-5.310059E-2	1.159668E-2	8.850098E-3
124.6562	-4.272461E-2	-5.920410E-2	1.190186E-2	8.544922E-3
124.6719	-4.669189E-2	-5.523682E-2	1.190186E-2	8.850098E-3
124.6719	-3.570557E-2	-6.164551E-2	1.159668E-2	8.544922E-3
124.6875	-4.150391E-2	-5.371094E-2	1.129150E-2	9.460449E-3
124.7031	-5.035400E-2	-5.981445E-2	1.129150E-2	8.239746E-3
124.7031	-3.906250E-2	-6.195068E-2	1.159668E-2	8.239746E-3
124.7187	-4.364014E-2	-5.889893E-2	1.190186E-2	8.544922E-3
124.7344	-4.394531E-2	-5.889893E-2	1.159668E-2	8.850098E-3
124.7344	-3.784180E-2	-5.767822E-2	1.220703E-2	8.544922E-3
124.75	-4.425049E-2	-5.645752E-2	1.098633E-2	8.544922E-3
124.75	-4.577637E-2	-6.439209E-2	1.159668E-2	8.850098E-3
124.7656	-4.302979E-2	-5.645752E-2	1.159668E-2	8.850098E-3
124.7812	-3.326416E-2	-5.615234E-2	1.190186E-2	9.155273E-3
124.7812	-3.753662E-2	-6.103516E-2	1.129150E-2	9.155273E-3
124.7969	-4.577637E-2	-5.493164E-2	1.159668E-2	9.460449E-3
124.7969	-3.845215E-2	-6.011963E-2	1.129150E-2	8.850098E-3
124.8125	-4.425049E-2	-5.920410E-2	1.129150E-2	8.850098E-3
124.8281	-4.241943E-2	-5.767822E-2	1.129150E-2	8.850098E-3
124.8281	-4.821777E-2	-5.798340E-2	1.190186E-2	9.155273E-3
124.8437	-4.058838E-2	-6.195068E-2	1.159668E-2	8.239746E-3
124.8594	-3.753662E-2	-5.798340E-2	1.129150E-2	8.544922E-3
124.8594	-4.333496E-2	-5.645752E-2	1.190186E-2	8.239746E-3
124.875	-4.028320E-2	-5.645752E-2	1.190186E-2	8.850098E-3
124.8906	-3.845215E-2	-5.706787E-2	1.129150E-2	8.544922E-3
124.8906	-4.486084E-2	-5.950928E-2	1.129150E-2	8.544922E-3
124.9062	-4.150391E-2	-5.767822E-2	1.190186E-2	9.155273E-3
124.9219	-4.486084E-2	-6.225586E-2	1.129150E-2	8.850098E-3
124.9219	-4.241943E-2	-6.011963E-2	1.190186E-2	8.544922E-3
124.9375	-4.547119E-2	-5.035400E-2	1.190186E-2	8.544922E-3
124.9531	-4.058838E-2	-5.737305E-2	1.190186E-2	8.850098E-3
124.9531	-3.601074E-2	-6.072998E-2	1.190186E-2	8.544922E-3
124.9687	-4.211426E-2	-5.950928E-2	1.220703E-2	8.850098E-3
124.9844	-3.662109E-2	-5.554199E-2	1.129150E-2	8.544922E-3
124.9844	-4.699707E-2	-6.195068E-2	1.129150E-2	8.850098E-3
125.0	-4.089355E-2	-6.408691E-2	1.129150E-2	7.629395E-3
125.0	-4.150391E-2	-6.042480E-2	1.159668E-2	8.239746E-3
125.0156	-4.180908E-2	-5.950928E-2	1.159668E-2	8.239746E-3
125.0312	-3.906250E-2	-6.011963E-2	1.190186E-2	9.155273E-3
125.0312	-3.784180E-2	-6.286621E-2	1.190186E-2	8.239746E-3
125.0469	-4.394531E-2	-5.706787E-2	1.129150E-2	8.850098E-3
125.0469	-4.425049E-2	-4.974365E-2	1.190186E-2	8.850098E-3
125.0625	-3.692627E-2	-5.981445E-2	1.129150E-2	8.850098E-3
125.0781	-3.631592E-2	-6.042480E-2	1.190186E-2	8.544922E-3
125.0781	-4.058838E-2	-6.439209E-2	1.220703E-2	8.544922E-3
125.0937	-3.967285E-2	-6.072998E-2	1.190186E-2	8.239746E-3
125.1094	-3.723145E-2	-5.584717E-2	1.220703E-2	8.544922E-3
125.1094	-4.425049E-2	-5.920410E-2	1.190186E-2	9.155273E-3
125.125	-3.692627E-2	-5.981445E-2	1.098633E-2	8.544922E-3
125.1406	-4.516602E-2	-5.554199E-2	1.159668E-2	8.544922E-3
125.1406	-3.387451E-2	-5.859375E-2	1.159668E-2	8.850098E-3
125.1562	-4.089355E-2	-6.408691E-2	1.129150E-2	8.850098E-3
125.1719	-4.333496E-2	-6.286621E-2	1.190186E-2	8.544922E-3
125.1719	-4.150391E-2	-6.317139E-2	1.190186E-2	8.544922E-3
125.1875	-4.638672E-2	-5.462646E-2	1.159668E-2	8.850098E-3
125.2031	-4.272461E-2	-5.523682E-2	1.129150E-2	8.850098E-3
125.2031	-4.333496E-2	-6.500244E-2	1.159668E-2	8.544922E-3
125.2187	-4.180908E-2	-6.072998E-2	1.129150E-2	8.544922E-3
125.2344	-5.004883E-2	-5.615234E-2	1.251221E-2	8.544922E-3
125.2344	-3.753662E-2	-6.195068E-2	1.129150E-2	8.544922E-3
125.25	-4.943848E-2	-5.950928E-2	1.190186E-2	8.544922E-3
125.25	-4.516602E-2	-6.408691E-2	1.159668E-2	8.544922E-3
125.2656	-4.486084E-2	-6.286621E-2	1.190186E-2	7.629395E-3
125.2812	-4.974365E-2	-6.286621E-2	1.190186E-2	8.544922E-3
125.2812	-4.272461E-2	-5.920410E-2	1.190186E-2	9.155273E-3
125.2969	-4.608154E-2	-6.011963E-2	1.159668E-2	8.544922E-3
125.2969	-3.814697E-2	-5.523682E-2	1.098633E-2	8.544922E-3
125.3125	-4.699707E-2	-5.310059E-2	1.159668E-2	8.239746E-3
125.3281	-4.730225E-2	-6.256104E-2	1.129150E-2	9.155273E-3
125.3281	-4.119873E-2	-6.103516E-2	1.159668E-2	8.239746E-3
125.3437	-5.035400E-2	-5.493164E-2	1.190186E-2	9.155273E-3
125.3594	-4.028320E-2	-6.072998E-2	1.129150E-2	8.239746E-3
125.3594	-4.150391E-2	-5.706787E-2	1.098633E-2	8.850098E-3
125.375	-3.448486E-2	-6.042480E-2	1.159668E-2	8.239746E-3
125.3906	-4.089355E-2	-5.523682E-2	1.159668E-2	9.155273E-3
125.3906	-4.608154E-2	-5.615234E-2	1.129150E-2	8.850098E-3
125.4062	-4.241943E-2	-5.584717E-2	1.098633E-2	8.850098E-3
125.4219	-4.180908E-2	-6.408691E-2	1.678467E-2	8.850098E-3
125.4219	-4.394531E-2	-6.164551E-2	3.173828E-2	8.850098E-3
125.4375	-4.150391E-2	-5.706787E-2	5.615234E-2	8.544922E-3
125.4531	-3.784180E-2	-6.835937E-2	7.873535E-2	8.850098E-3
125.4531	-4.547119E-2	-5.615234E-2	9.216309E-2	8.239746E-3
125.4687	-3.448486E-2	-6.927490E-2	1.177979E-1	8.850098E-3
125.4844	-4.669189E-2	-5.340576E-2	1.403809E-1	8.544922E-3
125.4844	-4.089355E-2	-5.981445E-2	1.528931E-1	8.544922E-3
125.5	-4.669189E-2	-5.554199E-2	1.770020E-1	8.544922E-3
125.5156	-4.638672E-2	-5.981445E-2	1.980591E-1	8.544922E-3
125.5156	-4.211426E-2	-5.615234E-2	2.114868E-1	9.460449E-3
125.5312	-4.425049E-2	-5.737305E-2	2.307129E-1	8.544922E-3
125.5312	-3.631592E-2	-5.767822E-2	2.545166E-1	8.850098E-3
125.5469	-3.753662E-2	-6.347656E-2	2.770996E-1	8.544922E-3
125.5469	-4.638672E-2	-6.408691E-2	2.926636E-1	9.155273E-3
125.5625	-4.364014E-2	-6.622314E-2	3.167725E-1	8.544922E-3
125.5781	-4.302979E-2	-6.072998E-2	3.396606E-1	8.544922E-3
125.5781	-4.333496E-2	-6.744385E-2	3.524780E-1	8.544922E-3
125.5937	-4.516602E-2	-6.195068E-2	3.738403E-1	8.544922E-3
125.6094	-3.906250E-2	-6.958008E-2	3.994751E-1	8.239746E-3
125.6094	-4.333496E-2	-6.652832E-2	4.125977E-1	9.155273E-3
125.625	-4.425049E-2	-5.981445E-2	4.367065E-1	9.460449E-3
125.6406	-4.180908E-2	-6.347656E-2	4.592896E-1	8.850098E-3
125.6406	-4.119873E-2	-7.141113E-2	4.718018E-1	8.850098E-3
125.6562	-4.302979E-2	-7.324219E-2	4.953003E-1	7.934570E-3
125.6719	-5.035400E-2	-6.591797E-2	5.163574E-1	8.544922E-3
125.6719	-4.699707E-2	-6.774902E-2	5.316162E-1	8.544922E-3
125.6875	-4.272461E-2	-7.141113E-2	5.529785E-1	8.544922E-3
125.7031	-4.943848E-2	-6.469727E-2	5.786133E-1	8.544922E-3
125.7031	-4.272461E-2	-6.835937E-2	5.917358E-1	9.155273E-3
125.7187	-4.638672E-2	-6.958008E-2	6.161499E-1	8.544922E-3
125.7344	-4.943848E-2	-6.652832E-2	6.381226E-1	8.850098E-3
125.7344	-4.211426E-2	-7.751465E-2	6.512451E-1	8.239746E-3
125.75	-4.119873E-2	-7.293701E-2	6.756592E-1	8.544922E-3
125.75	-3.936768E-2	-7.232666E-2	6.900024E-1	9.155273E-3
125.7656	-4.394531E-2	-7.202148E-2	7.116699E-1	8.850098E-3
125.7812	-4.455566E-2	-7.507324E-2	7.315063E-1	8.544922E-3
125.7812	-4.577637E-2	-7.476807E-2	7.528687E-1	8.544922E-3
125.7969	-4.974365E-2	-6.713867E-2	7.754517E-1	8.850098E-3
125.7969	-4.760742E-2	-7.110596E-2	7.907104E-1	8.544922E-3
125.8125	-4.028320E-2	-7.537842E-2	8.145142E-1	8.544922E-3
125.8281	-4.241943E-2	-7.202148E-2	8.383179E-1	8.850098E-3
125.8281	-4.516602E-2	-7.141113E-2	8.499146E-1	8.544922E-3
125.8437	-4.302979E-2	-7.781982E-2	8.724976E-1	8.850098E-3
125.8594	-4.638672E-2	-6.866455E-2	8.975220E-1	8.850098E-3
125.8594	-4.486084E-2	-7.598877E-2	9.103394E-1	8.544922E-3
125.875	-4.516602E-2	-7.263184E-2	9.347534E-1	8.544922E-3
125.8906	-4.455566E-2	-7.843018E-2	9.564209E-1	8.850098E-3
125.8906	-4.669189E-2	-7.812500E-2	9.698486E-1	8.850098E-3
125.9062	-4.608154E-2	-7.995605E-2	9.939575E-1	9.155273E-3
125.9219	-4.608154E-2	-8.483887E-2	1.017456E+0	7.934570E-3
125.9219	-4.852295E-2	-7.904053E-2	1.029968E+0	8.544922E-3
125.9375	-4.272461E-2	-7.843018E-2	1.053467E+0	8.544922E-3
125.9531	-4.913330E-2	-7.476807E-2	1.076965E+0	8.239746E-3
125.9531	-4.852295E-2	-6.866455E-2	1.090088E+0	8.850098E-3
125.9687	-4.547119E-2	-8.300781E-2	1.114807E+0	8.850098E-3
125.9844	-4.638672E-2	-7.507324E-2	1.137085E+0	8.850098E-3
125.9844	-5.096436E-2	-7.751465E-2	1.148987E+0	8.544922E-3
126.0	-4.821777E-2	-8.605957E-2	1.173096E+0	8.544922E-3
126.0	-4.730225E-2	-8.117676E-2	1.187134E+0	8.239746E-3
126.0156	-4.821777E-2	-8.056641E-2	1.208496E+0	8.850098E-3
126.0312	-5.035400E-2	-7.720947E-2	1.228638E+0	8.544922E-3
126.0312	-4.516602E-2	-7.904053E-2	1.250610E+0	8.239746E-3
126.0469	-5.096436E-2	-7.476807E-2	1.272888E+0	8.239746E-3
126.0469	-5.493164E-2	-7.598877E-2	1.288757E+0	8.850098E-3
126.0625	-4.364014E-2	-8.911133E-2	1.310120E+0	8.850098E-3
126.0781	-4.821777E-2	-8.758545E-2	1.336060E+0	8.850098E-3
126.0781	-4.913330E-2	-8.056641E-2	1.348267E+0	8.850098E-3
126.0937	-4.699707E-2	-9.246826E-2	1.370239E+0	9.155273E-3
126.1094	-5.096436E-2	-8.605957E-2	1.395874E+0	9.155273E-3
126.1094	-5.096436E-2	-8.697510E-2	1.408386E+0	9.155273E-3
126.125	-5.828857E-2	-8.483887E-2	1.432800E+0	8.544922E-3
126.1406	-5.249023E-2	-8.880615E-2	1.454773E+0	8.239746E-3
126.1406	-3.845215E-2	-8.392334E-2	1.467896E+0	8.239746E-3
126.1562	-5.371094E-2	-8.819580E-2	1.492004E+0	8.544922E-3
126.1719	-4.974365E-2	-8.026123E-2	1.511230E+0	8.544922E-3
126.1719	-5.645752E-2	-8.270264E-2	1.527405E+0	8.544922E-3
126.1875	-5.767822E-2	-8.422852E-2	1.549988E+0	8.850098E-3
126.2031	-4.974365E-2	-9.765625E-2	1.574707E+0	9.155273E-3
126.2031	-5.065918E-2	-8.117676E-2	1.587219E+0	8.239746E-3
126.2187	-4.516602E-2	-8.880615E-2	1.611633E+0	9.155273E-3
126.2344	-5.371094E-2	-9.063721E-2	1.634827E+0	8.239746E-3
126.2344	-5.004883E-2	-8.911133E-2	1.647644E+0	8.850098E-3
126.25	-5.706787E-2	-9.399414E-2	1.671143E+0	8.850098E-3
126.2656	-5.401611E-2	-8.728027E-2	1.693115E+0	8.239746E-3
126.2656	-4.760742E-2	-8.697510E-2	1.705017E+0	8.850098E-3
126.2812	-6.378174E-2	-9.033203E-2	1.724548E+0	8.850098E-3
126.2812	-5.279541E-2	-9.796143E-2	1.748047E+0	8.239746E-3
126.2969	-5.645752E-2	-9.857178E-2	1.770020E+0	9.155273E-3
126.2969	-5.096436E-2	-9.582520E-2	1.786194E+0	9.155273E-3
126.3125	-5.065918E-2	-9.826660E-2	1.807556E+0	8.850098E-3
126.3281	-5.493164E-2	-9.552002E-2	1.833496E+0	7.934570E-3
126.3281	-5.920410E-2	-9.552002E-2	1.846313E+0	8.239746E-3
126.3437	-5.157471E-2	-1.000977E-1	1.868591E+0	7.934570E-3
126.3594	-5.432129E-2	-1.028442E-1	1.892700E+0	8.850098E-3
126.3594	-5.065918E-2	-9.979248E-2	1.905212E+0	8.544922E-3
126.375	-5.920410E-2	-9.948730E-2	1.930847E+0	8.239746E-3
126.3906	-5.310059E-2	-9.704590E-2	1.953430E+0	9.155273E-3
126.3906	-5.432129E-2	-1.052856E-1	1.965637E+0	8.544922E-3
126.4062	-6.317139E-2	-1.000977E-1	1.989746E+0	9.155273E-3
126.4219	-5.676270E-2	-9.948730E-2	2.010803E+0	8.544922E-3
126.4219	-6.225586E-2	-1.083374E-1	2.025146E+0	8.544922E-3
126.4375	-5.249023E-2	-9.887695E-2	2.049561E+0	8.850098E-3
126.4531	-6.042480E-2	-1.010132E-1	2.073059E+0	8.850098E-3
126.4531	-5.920410E-2	-1.019287E-1	2.084961E+0	9.765625E-3
126.4687	-5.371094E-2	-1.019287E-1	2.109375E+0	9.155273E-3
126.4844	-5.279541E-2	-1.065063E-1	2.132568E+0	8.544922E-3
126.4844	-5.889893E-2	-1.071167E-1	2.144775E+0	8.544922E-3
126.5	-5.645752E-2	-1.092529E-1	2.168579E+0	8.850098E-3
126.5	-5.462646E-2	-1.123047E-1	2.182617E+0	9.460449E-3
126.5156	-6.591797E-2	-1.147461E-1	2.204285E+0	9.155273E-3
126.5312	-6.042480E-2	-1.147461E-1	2.225647E+0	9.155273E-3
126.5312	-5.157471E-2	-1.150513E-1	2.246094E+0	8.544922E-3
126.5469	-6.744385E-2	-1.116943E-1	2.268372E+0	8.239746E-3
126.5469	-5.798340E-2	-1.181030E-1	2.283936E+0	8.544922E-3
126.5625	-6.805420E-2	-1.193237E-1	2.306213E+0	8.544922E-3
126.5781	-6.286621E-2	-1.174927E-1	2.331848E+0	8.850098E-3
126.5781	-6.011963E-2	-1.248169E-1	2.343750E+0	9.155273E-3
126.5937	-6.591797E-2	-1.181030E-1	2.365417E+0	8.850098E-3
126.6094	-6.042480E-2	-1.239014E-1	2.391357E+0	8.239746E-3
126.6094	-6.134033E-2	-1.248169E-1	2.403259E+0	8.850098E-3
126.625	-6.347656E-2	-1.303101E-1	2.427979E+0	8.544922E-3
126.6406	-6.103516E-2	-1.354980E-1	2.450562E+0	7.934570E-3
126.6406	-6.469727E-2	-1.751709E-1	2.462769E+0	8.544922E-3
126.6562	-7.385254E-2	-1.531982E-1	2.486572E+0	9.460449E-3
126.6719	-6.286621E-2	-1.324463E-1	2.506714E+0	8.544922E-3
126.6719	-6.774902E-2	-9.979248E-2	2.523193E+0	8.850098E-3
126.6875	-6.530762E-2	-5.767822E-2	2.546997E+0	8.544922E-3
126.7031	-7.019043E-2	-2.502441E-2	2.570496E+0	8.239746E-3
126.7031	-6.195068E-2	-1.098633E-2	2.582703E+0	8.544922E-3
126.7187	-5.920410E-2	2.502441E-2	2.607422E+0	8.850098E-3
126.7344	-5.523682E-2	6.378174E-2	2.630310E+0	8.850098E-3
126.7344	-5.645752E-2	8.697510E-2	2.642517E+0	9.155273E-3
126.75	-5.340576E-2	1.239014E-1	2.666626E+0	9.155273E-3
126.7656	-5.523682E-2	1.455688E-1	2.680359E+0	8.850098E-3
126.7656	-5.554199E-2	1.739502E-1	2.702332E+0	9.155273E-3
126.7812	-5.249023E-2	2.148437E-1	2.723389E+0	8.544922E-3
126.7812	-4.913330E-2	2.456665E-1	2.744446E+0	8.544922E-3
126.7969	-4.486084E-2	2.728271E-1	2.761230E+0	8.239746E-3
126.8125	-4.669189E-2	3.192139E-1	2.789307E+0	8.850098E-3
126.8125	-3.784180E-2	3.408813E-1	2.801819E+0	8.850098E-3
126.8281	-4.272461E-2	3.790283E-1	2.825317E+0	8.850098E-3
126.8437	-3.997803E-2	4.040527E-1	2.845764E+0	9.155273E-3
126.8437	-4.394531E-2	4.461670E-1	2.860718E+0	9.155273E-3
126.8594	-3.631592E-2	4.708862E-1	2.885437E+0	8.850098E-3
126.8594	-3.723145E-2	5.014038E-1	2.908325E+0	9.155273E-3
126.875	-3.448486E-2	5.249023E-1	2.920532E+0	8.239746E-3
126.8906	-3.448486E-2	5.657959E-1	2.942200E+0	8.850098E-3
126.8906	-3.173828E-2	5.993652E-1	2.968140E+0	8.850098E-3
126.9062	-2.838135E-2	6.170654E-1	2.980652E+0	9.155273E-3
126.9219	-2.441406E-2	6.384277E-1	2.994385E+0	8.850098E-3
126.9219	-4.699707E-2	6.240845E-1	2.979736E+0	2.349854E-2
126.9375	-3.997803E-2	6.164551E-1	2.972107E+0	3.875732E-2
126.9531	-4.852295E-2	5.828857E-1	2.957458E+0	5.584717E-2
126.9531	-5.920410E-2	5.615234E-1	2.945557E+0	7.171631E-2
126.9687	-6.805420E-2	5.438232E-1	2.935486E+0	8.666992E-2
126.9687	-6.683350E-2	5.294800E-1	2.922058E+0	1.043701E-1
126.9844	-6.958008E-2	4.977417E-1	2.907715E+0	1.199341E-1
127.0	-7.141113E-2	4.870605E-1	2.899170E+0	1.348877E-1
127.0	-8.148193E-2	4.653931E-1	2.884827E+0	1.525879E-1
127.0156	-8.331299E-2	4.394531E-1	2.876892E+0	1.681519E-1
127.0312	-9.338379E-2	4.220581E-1	2.865601E+0	1.812744E-1
127.0312	-9.948730E-2	3.912354E-1	2.850647E+0	2.005005E-1
127.0469	-1.101685E-1	3.802490E-1	2.836914E+0	2.160645E-1
127.0469	-1.071167E-1	3.579712E-1	2.828064E+0	2.316284E-1
127.0625	-1.226807E-1	3.271484E-1	2.813416E+0	2.487183E-1
127.0781	-1.254272E-1	3.073120E-1	2.798767E+0	2.645874E-1
127.0781	-1.376343E-1	3.027344E-1	2.792053E+0	2.801514E-1
127.0937	-1.333618E-1	2.758789E-1	2.778320E+0	2.957153E-1
127.1094	-1.440430E-1	2.401733E-1	2.762756E+0	3.112793E-1
127.1094	-1.547241E-1	2.328491E-1	2.755432E+0	3.271484E-1
127.125	-1.602173E-1	2.047729E-1	2.741394E+0	3.445435E-1
127.1406	-1.614380E-1	1.846313E-1	2.728271E+0	3.598022E-1
127.1406	-1.629639E-1	1.599121E-1	2.719727E+0	3.756714E-1
127.1562	-1.782227E-1	1.376343E-1	2.705688E+0	3.927612E-1
127.1719	-1.852417E-1	1.190186E-1	2.693176E+0	4.080200E-1
127.1719	-1.943970E-1	1.007080E-1	2.684021E+0	4.238892E-1
127.1875	-2.001953E-1	8.300781E-2	2.670288E+0	4.400635E-1
127.2031	-2.023315E-1	4.852295E-2	2.655945E+0	4.556274E-1
127.2031	-2.120972E-1	4.425049E-2	2.648315E+0	4.718018E-1
127.2187	-2.224731E-1	2.227783E-2	2.633972E+0	4.879761E-1
127.2344	-2.343750E-1	-1.983643E-2	2.620239E+0	5.038452E-1
127.2344	-2.307129E-1	-2.319336E-2	2.612915E+0	5.187988E-1
127.25	-2.410889E-1	-4.669189E-2	2.598877E+0	5.358887E-1
127.25	-2.532959E-1	-6.134033E-2	2.589417E+0	5.523682E-1
127.2656	-2.572632E-1	-9.277344E-2	2.577209E+0	5.670166E-1
127.2812	-2.661133E-1	-1.068115E-1	2.564392E+0	5.838013E-1
127.2812	-2.780151E-1	-1.306152E-1	2.551575E+0	5.999756E-1
127.2969	-2.795410E-1	-1.501465E-1	2.541199E+0	6.158447E-1
127.3125	-2.868652E-1	-1.730347E-1	2.525024E+0	6.323242E-1
127.3125	-2.966309E-1	-1.971436E-1	2.517090E+0	6.472778E-1
127.3281	-3.094482E-1	-2.307129E-1	2.502136E+0	6.646729E-1
127.3437	-3.204346E-1	-2.444458E-1	2.490540E+0	6.799316E-1
127.3437	-3.198242E-1	-2.581787E-1	2.480469E+0	6.954956E-1
127.3594	-3.317261E-1	-2.908325E-1	2.467651E+0	7.119751E-1
127.3594	-3.375244E-1	-3.128052E-1	2.452698E+0	7.281494E-1
127.375	-3.485107E-1	-3.234863E-1	2.445679E+0	7.437134E-1
127.3906	-3.521729E-1	-3.356934E-1	2.431641E+0	7.601929E-1
127.3906	-3.665161E-1	-3.677368E-1	2.416992E+0	7.760620E-1
127.4062	-3.625488E-1	-3.784180E-1	2.409363E+0	7.910156E-1
127.4219	-3.787231E-1	-4.077148E-1	2.395935E+0	8.084106E-1
127.4219	-3.875732E-1	-4.229736E-1	2.380676E+0	8.236694E-1
127.4375	-3.952026E-1	-4.425049E-1	2.373047E+0	8.389282E-1
127.4531	-3.955078E-1	-4.492187E-1	2.359009E+0	8.563232E-1
127.4531	-3.970337E-1	-4.650879E-1	2.346802E+0	8.715820E-1
127.4687	-4.040527E-1	-4.888916E-1	2.337952E+0	8.880615E-1
127.4687	-4.119873E-1	-5.111694E-1	2.324829E+0	9.042358E-1
127.4844	-4.263306E-1	-5.184937E-1	2.309570E+0	9.191895E-1
127.5	-4.049683E-1	-4.708862E-1	2.301636E+0	9.344482E-1
127.5	-6.042480E-2	-1.113892E-1	2.286682E+0	9.524536E-1
127.5156	-5.859375E-2	-1.272583E-1	2.279053E+0	9.683228E-1
127.5312	-5.981445E-2	-1.202393E-1	2.267151E+0	9.811401E-1
127.5312	-6.225586E-2	-1.205444E-1	2.253418E+0	1.000061E+0
127.5469	-5.645752E-2	-1.184082E-1	2.239685E+0	1.017151E+0
127.5469	-5.950928E-2	-1.113892E-1	2.230225E+0	1.031189E+0
127.5625	-5.737305E-2	-1.144409E-1	2.215881E+0	1.048279E+0
127.5781	-6.286621E-2	-1.104736E-1	2.201538E+0	1.062927E+0
127.5781	-6.072998E-2	-1.184082E-1	2.194214E+0	1.079712E+0
127.5937	-5.279541E-2	-1.129150E-1	2.181396E+0	1.096497E+0
127.6094	-5.981445E-2	-1.153564E-1	2.164307E+0	1.112366E+0
127.6094	-6.164551E-2	-1.129150E-1	2.156677E+0	1.127319E+0
127.6406	-5.645752E-2	-1.113892E-1	2.126160E+0	1.171570E+0
127.6406	-5.615234E-2	-1.046753E-1	2.120667E+0	1.176453E+0
127.6562	-6.195068E-2	-1.071167E-1	2.107544E+0	1.191711E+0
127.6719	-5.157471E-2	-1.165771E-1	2.098999E+0	1.206665E+0
127.6719	-6.317139E-2	-1.068115E-1	2.084045E+0	1.224060E+0
127.6875	-6.103516E-2	-9.948730E-2	2.070618E+0	1.239929E+0
127.6875	-5.584717E-2	-1.132202E-1	2.062683E+0	1.254883E+0
127.7031	-6.134033E-2	-1.031494E-1	2.050171E+0	1.271973E+0
127.7187	-6.378174E-2	-1.043701E-1	2.035217E+0	1.286926E+0
127.7187	-5.554199E-2	-1.104736E-1	2.026978E+0	1.302795E+0
127.7344	-5.340576E-2	-1.080322E-1	2.012939E+0	1.319885E+0
127.75	-5.889893E-2	-1.068115E-1	2.001343E+0	1.335449E+0
127.75	-6.042480E-2	-1.034546E-1	1.991577E+0	1.351929E+0
127.7656	-5.187988E-2	-1.138306E-1	1.979675E+0	1.368103E+0
127.7812	-5.554199E-2	-1.052856E-1	1.963501E+0	1.383362E+0
127.7812	-5.279541E-2	-1.016235E-1	1.955566E+0	1.398315E+0
127.7969	-5.645752E-2	-1.007080E-1	1.940613E+0	1.416016E+0
127.8125	-6.286621E-2	-9.948730E-2	1.927795E+0	1.431274E+0
127.8125	-5.889893E-2	-1.031494E-1	1.919861E+0	1.447144E+0
127.8281	-5.371094E-2	-1.046753E-1	1.905212E+0	1.463318E+0
127.8437	-5.828857E-2	-1.007080E-1	1.893311E+0	1.479187E+0
127.8437	-5.554199E-2	-1.028442E-1	1.883850E+0	1.494751E+0
127.8594	-6.072998E-2	-9.674072E-2	1.869507E+0	1.511841E+0
127.8594	-5.554199E-2	-9.674072E-2	1.855774E+0	1.527405E+0
127.875	-5.828857E-2	-9.948730E-2	1.847534E+0	1.542358E+0
127.8906	-5.310059E-2	-1.022339E-1	1.834717E+0	1.559753E+0
127.8906	-5.706787E-2	-1.010132E-1	1.820068E+0	1.575317E+0
127.9062	-5.981445E-2	-1.052856E-1	1.811829E+0	1.590576E+0
127.9219	-4.974365E-2	-1.074219E-1	1.798096E+0	1.608276E+0
127.9219	-5.462646E-2	-9.735107E-2	1.784363E+0	1.623230E+0
127.9375	-5.371094E-2	-9.796143E-2	1.776428E+0	1.638184E+0
127.9531	-6.042480E-2	-9.490967E-2	1.762085E+0	1.655884E+0
127.9531	-5.523682E-2	-9.765625E-2	1.748962E+0	1.671448E+0
127.9687	-5.828857E-2	-1.007080E-1	1.741028E+0	1.687012E+0
127.9844	-4.425049E-2	-1.071167E-1	1.726074E+0	1.703491E+0
127.9844	-6.072998E-2	-9.613037E-2	1.712646E+0	1.719360E+0
128.0	-5.249023E-2	-1.013184E-1	1.704712E+0	1.734009E+0
128.0	-5.523682E-2	-9.338379E-2	1.693726E+0	1.751709E+0
128.0156	-5.767822E-2	-9.368896E-2	1.677551E+0	1.767578E+0
128.0312	-5.401611E-2	-9.857178E-2	1.666870E+0	1.781006E+0
128.0312	-5.371094E-2	-1.037598E-1	1.656799E+0	1.798706E+0
128.0469	-6.072998E-2	-9.460449E-2	1.642761E+0	1.815491E+0
128.0625	-5.401611E-2	-9.002686E-2	1.628113E+0	1.835632E+0
128.0625	-6.317139E-2	-9.490967E-2	1.621399E+0	1.848145E+0
128.0781	-4.455566E-2	-8.453369E-2	1.606445E+0	1.864319E+0
128.0937	-4.577637E-2	-8.728027E-2	1.594238E+0	1.878967E+0
128.0937	-5.401611E-2	-9.338379E-2	1.585388E+0	1.894531E+0
128.1094	-5.035400E-2	-9.307861E-2	1.571350E+0	1.911926E+0
128.1094	-5.371094E-2	-9.948730E-2	1.557312E+0	1.926575E+0
128.125	-4.638672E-2	-9.552002E-2	1.549988E+0	1.942444E+0
128.1406	-5.126953E-2	-9.735107E-2	1.536255E+0	1.958923E+0
128.1406	-5.126953E-2	-9.521484E-2	1.521606E+0	1.974792E+0
128.1562	-5.401611E-2	-8.666992E-2	1.513672E+0	1.990051E+0
128.1719	-5.584717E-2	-9.643555E-2	1.499939E+0	2.006836E+0
128.1719	-5.493164E-2	-9.613037E-2	1.485596E+0	2.023315E+0
128.1875	-5.859375E-2	-9.246826E-2	1.477356E+0	2.037659E+0
128.2031	-4.974365E-2	-9.643555E-2	1.463318E+0	2.055969E+0
128.2031	-5.157471E-2	-8.941650E-2	1.451721E+0	2.070312E+0
128.2187	-4.943848E-2	-9.490967E-2	1.441956E+0	2.086792E+0
128.2187	-4.882812E-2	-8.483887E-2	1.428528E+0	2.102661E+0
128.2344	-5.249023E-2	-8.605957E-2	1.413574E+0	2.119141E+0
128.25	-5.615234E-2	-9.124756E-2	1.405640E+0	2.133484E+0
128.25	-4.943848E-2	-8.209229E-2	1.391602E+0	2.151489E+0
128.2656	-5.462646E-2	-8.453369E-2	1.383362E+0	2.167053E+0
128.2812	-5.035400E-2	-8.636475E-2	1.372375E+0	2.180481E+0
128.2812	-4.669189E-2	-9.490967E-2	1.357117E+0	2.199097E+0
128.2969	-4.486084E-2	-8.087158E-2	1.344299E+0	2.214661E+0
128.2969	-4.547119E-2	-8.178711E-2	1.334839E+0	2.230530E+0
128.3125	-5.187988E-2	-8.575439E-2	1.320496E+0	2.246704E+0
128.3281	-4.486084E-2	-8.728027E-2	1.306458E+0	2.262268E+0
128.3281	-5.004883E-2	-9.033203E-2	1.298523E+0	2.277832E+0
128.3437	-5.310059E-2	-8.789062E-2	1.285095E+0	2.294922E+0
128.3594	-5.065918E-2	-8.239746E-2	1.270447E+0	2.311096E+0
128.3594	-5.096436E-2	-8.239746E-2	1.262817E+0	2.326355E+0
128.375	-4.669189E-2	-8.666992E-2	1.247864E+0	2.343140E+0
128.3906	-4.638672E-2	-9.338379E-2	1.235352E+0	2.358398E+0
128.3906	-5.187988E-2	-8.941650E-2	1.227112E+0	2.373657E+0
128.4062	-4.577637E-2	-8.361816E-2	1.212463E+0	2.391052E+0
128.4219	-4.974365E-2	-8.850098E-2	1.200562E+0	2.406311E+0
128.4219	-5.371094E-2	-7.781982E-2	1.191101E+0	2.422791E+0
128.4375	-5.004883E-2	-7.843018E-2	1.178589E+0	2.438660E+0
128.4531	-5.493164E-2	-8.117676E-2	1.163025E+0	2.454529E+0
128.4531	-4.547119E-2	-7.202148E-2	1.155396E+0	2.469788E+0
128.4687	-5.371094E-2	-7.995605E-2	1.140442E+0	2.486572E+0
128.4844	-4.852295E-2	-7.934570E-2	1.127319E+0	2.502136E+0
128.4844	-4.547119E-2	-8.239746E-2	1.118774E+0	2.517700E+0
128.5	-4.669189E-2	-8.453369E-2	1.105042E+0	2.534790E+0
128.5	-4.364014E-2	-8.361816E-2	1.092224E+0	2.550659E+0
128.5156	-5.218506E-2	-8.300781E-2	1.084900E+0	2.566223E+0
128.5312	-5.065918E-2	-7.385254E-2	1.074219E+0	2.579956E+0
128.5312	-4.547119E-2	-8.209229E-2	1.058044E+0	2.598572E+0
128.5469	-4.211426E-2	-7.659912E-2	1.045532E+0	2.614136E+0
128.5469	-5.004883E-2	-8.697510E-2	1.035767E+0	2.629395E+0
128.5625	-4.669189E-2	-8.605957E-2	1.023254E+0	2.646790E+0
128.5781	-4.943848E-2	-8.331299E-2	1.007690E+0	2.662354E+0
128.5781	-4.669189E-2	-8.178711E-2	1.000366E+0	2.677917E+0
128.5937	-4.791260E-2	-7.446289E-2	9.869385E-1	2.694702E+0
128.6094	-4.913330E-2	-7.781982E-2	9.719849E-1	2.709961E+0
128.6094	-5.065918E-2	-7.934570E-2	9.643555E-1	2.724609E+0
128.625	-5.157471E-2	-7.537842E-2	9.494019E-1	2.742615E+0
128.6406	-4.821777E-2	-7.873535E-2	9.365845E-1	2.758179E+0
128.6406	-5.065918E-2	-7.751465E-2	9.286499E-1	2.772827E+0
128.6562	-5.187988E-2	-7.965088E-2	9.140015E-1	2.790833E+0
128.6719	-4.852295E-2	-8.270264E-2	9.024048E-1	2.805176E+0
128.6719	-5.432129E-2	-7.415771E-2	8.932495E-1	2.821655E+0
128.6875	-4.760742E-2	-7.263184E-2	8.786011E-1	2.838745E+0
128.7031	-4.913330E-2	-7.080078E-2	8.645630E-1	2.853088E+0
128.7031	-4.608154E-2	-7.171631E-2	8.569336E-1	2.869873E+0
128.7187	-4.211426E-2	-7.995605E-2	8.419800E-1	2.886353E+0
128.7344	-4.699707E-2	-7.629395E-2	8.285522E-1	2.901917E+0
128.7344	-4.638672E-2	-8.117676E-2	8.215332E-1	2.915955E+0
128.75	-4.608154E-2	-7.415771E-2	8.065796E-1	2.934265E+0
128.7656	-4.394531E-2	-7.537842E-2	7.943726E-1	2.949829E+0
128.7656	-5.401611E-2	-8.300781E-2	7.858276E-1	2.965698E+0
128.7812	-5.004883E-2	-7.568359E-2	7.742310E-1	2.980652E+0
128.7812	-4.791260E-2	-8.422852E-2	7.604980E-1	2.998047E+0
128.7969	-4.882812E-2	-7.537842E-2	7.470703E-1	3.014221E+0
128.7969	-4.608154E-2	-6.835937E-2	7.376099E-1	3.028564E+0
128.8125	-5.004883E-2	-6.835937E-2	7.244873E-1	3.046570E+0
128.8281	-4.394531E-2	-7.537842E-2	7.092285E-1	3.062134E+0
128.8281	-4.699707E-2	-7.385254E-2	7.015991E-1	3.077087E+0
128.8437	-4.760742E-2	-6.927490E-2	6.887817E-1	3.094177E+0
128.8594	-4.425049E-2	-7.415771E-2	6.738281E-1	3.110352E+0
128.8594	-4.913330E-2	-6.591797E-2	6.661987E-1	3.124695E+0
128.875	-4.852295E-2	-6.835937E-2	6.512451E-1	3.142090E+0
128.8906	-5.096436E-2	-7.141113E-2	6.378174E-1	3.157349E+0
128.8906	-5.706787E-2	-7.080078E-2	6.295776E-1	3.172913E+0
128.9062	-4.760742E-2	-7.080078E-2	6.155396E-1	3.190002E+0
128.9219	-4.913330E-2	-7.537842E-2	6.021118E-1	3.206177E+0
128.9219	-4.058838E-2	-7.812500E-2	5.947876E-1	3.220825E+0
128.9375	-5.493164E-2	-6.469727E-2	5.798340E-1	3.237610E+0
128.9531	-4.211426E-2	-6.713867E-2	5.654907E-1	3.253479E+0
128.9531	-4.943848E-2	-6.683350E-2	5.584717E-1	3.268433E+0
128.9687	-4.547119E-2	-7.110596E-2	5.438232E-1	3.285522E+0
128.9844	-4.333496E-2	-7.049561E-2	5.300903E-1	3.302002E+0
128.9844	-4.211426E-2	-7.507324E-2	5.227661E-1	3.316650E+0
129.0	-4.699707E-2	-7.080078E-2	5.078125E-1	3.334045E+0
129.0156	-4.028320E-2	-5.615234E-2	4.949951E-1	3.349304E+0
129.0156	-5.157471E-2	-8.239746E-2	4.824829E-1	3.365479E+0
129.0312	-4.333496E-2	-6.988525E-2	4.751587E-1	3.380432E+0
129.0312	-3.784180E-2	-5.859375E-2	4.595947E-1	3.396606E+0
129.0469	-4.791260E-2	-7.843018E-2	4.486084E-1	3.413086E+0
129.0469	-4.455566E-2	-6.896973E-2	4.391479E-1	3.428040E+0
129.0625	-4.669189E-2	-7.049561E-2	4.248047E-1	3.445129E+0
129.0781	-3.814697E-2	-7.141113E-2	4.110718E-1	3.460999E+0
129.0781	-5.249023E-2	-7.324219E-2	4.037476E-1	3.476562E+0
129.0937	-5.279541E-2	-6.896973E-2	3.900146E-1	3.493347E+0
129.1094	-4.058838E-2	-6.256104E-2	3.753662E-1	3.508911E+0
129.1094	-3.997803E-2	-7.232666E-2	3.683472E-1	3.522644E+0
129.125	-4.974365E-2	-6.652832E-2	3.527832E-1	3.541565E+0
129.1406	-4.852295E-2	-6.317139E-2	3.402710E-1	3.556824E+0
129.1406	-3.936768E-2	-5.981445E-2	3.317261E-1	3.571777E+0
129.1562	-3.723145E-2	-5.950928E-2	3.170776E-1	3.589172E+0
129.1719	-5.249023E-2	-6.652832E-2	3.054810E-1	3.604736E+0
129.1719	-4.302979E-2	-6.988525E-2	2.960205E-1	3.620300E+0
129.1875	-4.577637E-2	-6.774902E-2	2.819824E-1	3.636780E+0
129.2031	-4.180908E-2	-6.713867E-2	2.679443E-1	3.652954E+0
129.2031	-3.540039E-2	-6.439209E-2	2.600098E-1	3.667603E+0
129.2187	-4.180908E-2	-6.835937E-2	2.447510E-1	3.684998E+0
129.2344	-4.699707E-2	-6.835937E-2	2.325439E-1	3.700562E+0
129.2344	-4.425049E-2	-6.225586E-2	2.243042E-1	3.716125E+0
129.25	-3.997803E-2	-7.446289E-2	2.096558E-1	3.733521E+0
129.2656	-4.425049E-2	-5.828857E-2	1.977539E-1	3.748779E+0
129.2656	-4.516602E-2	-6.072998E-2	1.892090E-1	3.764648E+0
129.2812	-4.516602E-2	-7.141113E-2	1.791382E-1	3.778076E+0
129.2812	-4.943848E-2	-5.859375E-2	1.647949E-1	3.796692E+0
129.2969	-4.608154E-2	-6.347656E-2	1.516724E-1	3.812561E+0
129.2969	-4.333496E-2	-6.225586E-2	1.428223E-1	3.828430E+0
129.3125	-4.882812E-2	-6.530762E-2	1.278687E-1	3.844910E+0
129.3281	-4.028320E-2	-6.072998E-2	1.153564E-1	3.860168E+0
129.3281	-4.730225E-2	-6.408691E-2	1.065063E-1	3.876343E+0
129.3437	-4.364014E-2	-5.828857E-2	9.338379E-2	3.892212E+0
129.3594	-3.753662E-2	-6.011963E-2	7.934570E-2	3.908997E+0
129.3594	-4.364014E-2	-6.683350E-2	7.080078E-2	3.923035E+0
129.375	-4.089355E-2	-6.347656E-2	5.493164E-2	3.940735E+0
129.3906	-4.150391E-2	-6.225586E-2	4.394531E-2	3.956299E+0
129.3906	-4.302979E-2	-5.767822E-2	3.479004E-2	3.971558E+0
129.4062	-4.028320E-2	-6.072998E-2	2.044678E-2	3.988647E+0
129.4219	-3.936768E-2	-5.981445E-2	1.129150E-2	4.003296E+0
129.4219	-4.852295E-2	-5.950928E-2	8.850098E-3	3.911438E+0
129.4375	-4.333496E-2	-5.554199E-2	9.155273E-3	3.807983E+0
129.4531	-4.058838E-2	-5.950928E-2	9.765625E-3	3.706665E+0
129.4531	-4.089355E-2	-5.401611E-2	9.460449E-3	3.610840E+0
129.4687	-4.760742E-2	-6.652832E-2	9.765625E-3	3.505554E+0
129.4844	-4.364014E-2	-6.378174E-2	9.765625E-3	3.405762E+0
129.4844	-4.516602E-2	-6.439209E-2	9.460449E-3	3.309326E+0
129.5	-4.211426E-2	-6.774902E-2	9.765625E-3	3.204346E+0
129.5156	-4.608154E-2	-6.561279E-2	1.037598E-2	3.104248E+0
129.5156	-4.760742E-2	-6.072998E-2	1.007080E-2	3.004456E+0
129.5312	-4.028320E-2	-6.927490E-2	1.007080E-2	2.910461E+0
129.5312	-4.241943E-2	-5.950928E-2	1.037598E-2	2.803650E+0
129.5469	-5.096436E-2	-6.591797E-2	1.007080E-2	2.704468E+0
129.5469	-4.547119E-2	-6.683350E-2	9.460449E-3	2.606201E+0
129.5625	-4.425049E-2	-6.195068E-2	1.068115E-2	2.503052E+0
129.5781	-4.577637E-2	-6.713867E-2	9.765625E-3	2.404480E+0
129.5781	-3.967285E-2	-7.202148E-2	9.155273E-3	2.305603E+0
129.5937	-4.119873E-2	-6.317139E-2	1.007080E-2	2.202454E+0
129.6094	-4.333496E-2	-5.889893E-2	1.007080E-2	2.103577E+0
129.6094	-4.882812E-2	-6.103516E-2	9.765625E-3	2.007446E+0
129.625	-4.333496E-2	-6.225586E-2	1.037598E-2	1.901855E+0
129.6406	-3.967285E-2	-6.408691E-2	9.155273E-3	1.803589E+0
129.6406	-4.211426E-2	-6.072998E-2	9.765625E-3	1.707458E+0
129.6562	-4.638672E-2	-6.225586E-2	1.129150E-2	1.602173E+0
129.6719	-3.967285E-2	-5.859375E-2	1.098633E-2	1.503296E+0
129.6719	-4.577637E-2	-5.798340E-2	1.037598E-2	1.404419E+0
129.6875	-5.035400E-2	-5.798340E-2	1.159668E-2	1.302490E+0
129.7031	-4.394531E-2	-6.164551E-2	1.159668E-2	1.203003E+0
129.7031	-3.631592E-2	-5.828857E-2	1.129150E-2	1.105042E+0
129.7187	-4.882812E-2	-6.134033E-2	1.190186E-2	1.001282E+0
129.7344	-4.882812E-2	-6.195068E-2	1.098633E-2	9.030151E-1
129.7344	-4.028320E-2	-6.225586E-2	1.068115E-2	8.053589E-1
129.75	-4.852295E-2	-5.920410E-2	1.129150E-2	7.015991E-1
129.75	-4.302979E-2	-5.310059E-2	1.068115E-2	6.024170E-1
129.7656	-4.089355E-2	-6.378174E-2	1.068115E-2	5.026245E-1
129.7812	-4.516602E-2	-5.889893E-2	1.037598E-2	4.144287E-1
129.7812	-3.723145E-2	-5.340576E-2	1.068115E-2	3.018188E-1
129.7969	-4.669189E-2	-6.103516E-2	1.098633E-2	2.026367E-1
129.7969	-4.058838E-2	-6.072998E-2	1.068115E-2	1.046753E-1
129.8125	-4.821777E-2	-6.225586E-2	1.098633E-2	2.441406E-3
129.8281	-4.455566E-2	-5.340576E-2	1.098633E-2	5.798340E-3
129.8281	-4.577637E-2	-7.049561E-2	1.190186E-2	6.713867E-3
129.8437	-5.310059E-2	-6.744385E-2	1.129150E-2	7.934570E-3
129.8594	-4.760742E-2	-6.103516E-2	1.159668E-2	7.629395E-3
129.8594	-4.180908E-2	-5.340576E-2	1.129150E-2	7.934570E-3
129.875	-3.570557E-2	-5.554199E-2	1.129150E-2	7.934570E-3
129.8906	-3.692627E-2	-5.950928E-2	1.190186E-2	8.239746E-3
129.8906	-4.150391E-2	-5.706787E-2	1.129150E-2	8.239746E-3
129.9062	-4.425049E-2	-5.859375E-2	1.190186E-2	7.629395E-3
129.9219	-4.058838E-2	-6.195068E-2	1.159668E-2	7.934570E-3
129.9219	-4.150391E-2	-6.256104E-2	1.129150E-2	7.934570E-3
129.9375	-4.211426E-2	-5.126953E-2	1.159668E-2	8.544922E-3
129.9531	-4.425049E-2	-5.920410E-2	1.251221E-2	8.850098E-3
129.9531	-4.669189E-2	-6.530762E-2	1.190186E-2	8.544922E-3
129.9687	-4.119873E-2	-6.317139E-2	1.220703E-2	8.850098E-3
129.9844	-4.150391E-2	-5.981445E-2	1.129150E-2	8.239746E-3
129.9844	-4.486084E-2	-6.866455E-2	1.098633E-2	8.544922E-3
130.0	-3.540039E-2	-5.920410E-2	1.159668E-2	8.239746E-3
130.0156	-4.577637E-2	-6.561279E-2	1.159668E-2	8.850098E-3
130.0156	-3.906250E-2	-7.232666E-2	1.159668E-2	8.850098E-3
130.0312	-3.997803E-2	-6.286621E-2	1.190186E-2	8.239746E-3
130.0312	-5.035400E-2	-6.011963E-2	1.190186E-2	8.544922E-3
130.0469	-4.821777E-2	-5.798340E-2	1.159668E-2	8.239746E-3
130.0469	-4.241943E-2	-5.706787E-2	1.190186E-2	9.155273E-3
130.0625	-4.608154E-2	-5.859375E-2	1.129150E-2	8.544922E-3
130.0781	-4.577637E-2	-6.347656E-2	1.129150E-2	8.239746E-3
130.0781	-4.241943E-2	-5.981445E-2	1.190186E-2	8.239746E-3
130.0937	-3.875732E-2	-6.286621E-2	1.159668E-2	8.239746E-3
130.1094	-5.035400E-2	-5.340576E-2	1.190186E-2	8.544922E-3
130.1094	-4.180908E-2	-5.889893E-2	1.190186E-2	8.850098E-3
130.125	-4.180908E-2	-6.317139E-2	1.190186E-2	8.544922E-3
130.1406	-4.547119E-2	-5.920410E-2	1.220703E-2	8.544922E-3
130.1406	-4.394531E-2	-6.072998E-2	1.129150E-2	8.850098E-3
130.1562	-4.119873E-2	-5.523682E-2	1.159668E-2	8.544922E-3
130.1719	-4.913330E-2	-5.340576E-2	1.129150E-2	7.934570E-3
130.1719	-4.669189E-2	-5.310059E-2	1.098633E-2	8.850098E-3
130.1875	-3.479004E-2	-6.744385E-2	1.129150E-2	8.850098E-3
130.2031	-4.211426E-2	-5.157471E-2	1.098633E-2	8.239746E-3
130.2031	-4.913330E-2	-5.676270E-2	1.129150E-2	8.850098E-3
130.2187	-4.669189E-2	-5.737305E-2	1.190186E-2	8.544922E-3
130.2344	-4.516602E-2	-5.828857E-2	1.159668E-2	8.239746E-3
130.2344	-4.608154E-2	-6.103516E-2	1.129150E-2	8.239746E-3
130.25	-4.669189E-2	-6.164551E-2	1.129150E-2	8.544922E-3
130.25	-5.035400E-2	-6.042480E-2	1.159668E-2	8.544922E-3
130.2656	-4.394531E-2	-5.432129E-2	1.129150E-2	8.544922E-3
130.2812	-4.364014E-2	-5.981445E-2	1.129150E-2	9.155273E-3
130.2812	-4.882812E-2	-6.072998E-2	1.129150E-2	8.239746E-3
130.2969	-5.096436E-2	-6.256104E-2	1.159668E-2	8.544922E-3
130.2969	-4.821777E-2	-5.737305E-2	1.129150E-2	8.239746E-3
130.3125	-4.211426E-2	-5.889893E-2	1.129150E-2	8.544922E-3
130.3281	-4.180908E-2	-5.737305E-2	1.129150E-2	8.544922E-3
130.3281	-4.821777E-2	-5.554199E-2	1.098633E-2	8.239746E-3
130.3437	-4.180908E-2	-7.080078E-2	1.190186E-2	8.850098E-3
130.3594	-4.119873E-2	-6.317139E-2	1.190186E-2	9.155273E-3
130.3594	-4.608154E-2	-6.713867E-2	1.159668E-2	8.239746E-3
130.375	-4.028320E-2	-5.767822E-2	1.190186E-2	8.544922E-3
130.3906	-4.028320E-2	-6.042480E-2	1.159668E-2	8.544922E-3
130.3906	-4.058838E-2	-6.225586E-2	1.190186E-2	8.239746E-3
130.4062	-4.608154E-2	-5.950928E-2	1.159668E-2	8.850098E-3
130.4219	-4.791260E-2	-6.164551E-2	1.129150E-2	8.239746E-3
130.4219	-4.791260E-2	-5.615234E-2	1.068115E-2	8.850098E-3
130.4375	-3.997803E-2	-5.737305E-2	1.129150E-2	8.239746E-3
130.4531	-4.211426E-2	-6.408691E-2	1.129150E-2	9.155273E-3
130.4531	-3.662109E-2	-5.798340E-2	1.098633E-2	8.544922E-3
130.4687	-3.631592E-2	-6.713867E-2	1.190186E-2	8.239746E-3
130.4844	-4.302979E-2	-5.706787E-2	1.159668E-2	8.850098E-3
130.4844	-4.364014E-2	-5.920410E-2	1.190186E-2	8.544922E-3
130.5	-4.241943E-2	-5.645752E-2	1.159668E-2	8.544922E-3
130.5156	-3.875732E-2	-5.981445E-2	1.159668E-2	7.934570E-3
130.5156	-4.516602E-2	-6.225586E-2	1.159668E-2	8.544922E-3
130.5312	-3.936768E-2	-6.256104E-2	1.129150E-2	8.544922E-3
130.5312	-4.760742E-2	-6.164551E-2	1.129150E-2	8.239746E-3
130.5469	-3.753662E-2	-6.164551E-2	1.159668E-2	8.850098E-3
130.5625	-4.425049E-2	-5.889893E-2	1.190186E-2	8.850098E-3
130.5625	-4.150391E-2	-5.950928E-2	1.190186E-2	8.850098E-3
130.5781	-4.669189E-2	-5.462646E-2	1.159668E-2	8.239746E-3
130.5937	-4.486084E-2	-6.042480E-2	1.220703E-2	8.544922E-3
130.5937	-4.455566E-2	-5.828857E-2	1.159668E-2	8.239746E-3
130.6094	-4.241943E-2	-5.493164E-2	1.220703E-2	8.850098E-3
130.6094	-4.333496E-2	-6.286621E-2	1.129150E-2	9.155273E-3
130.625	-4.241943E-2	-6.500244E-2	1.098633E-2	8.850098E-3
130.6406	-4.425049E-2	-6.408691E-2	1.129150E-2	8.239746E-3
130.6406	-4.364014E-2	-6.042480E-2	1.159668E-2	9.155273E-3
130.6562	-3.967285E-2	-6.103516E-2	1.159668E-2	8.544922E-3
130.6719	-3.509521E-2	-5.218506E-2	1.190186E-2	9.155273E-3
130.6719	-4.669189E-2	-6.256104E-2	1.220703E-2	8.239746E-3
130.6875	-4.211426E-2	-5.615234E-2	1.190186E-2	8.850098E-3
130.7031	-3.356934E-2	-6.225586E-2	1.190186E-2	8.850098E-3
130.7031	-3.570557E-2	-5.493164E-2	1.129150E-2	8.850098E-3
130.7187	-3.631592E-2	-6.988525E-2	1.220703E-2	8.544922E-3
130.7344	-4.394531E-2	-5.371094E-2	1.159668E-2	8.850098E-3
130.7344	-3.112793E-2	-5.859375E-2	1.190186E-2	8.544922E-3
130.75	-4.211426E-2	-5.981445E-2	1.159668E-2	8.544922E-3
130.75	-4.180908E-2	-5.798340E-2	1.190186E-2	8.544922E-3
130.7656	-3.875732E-2	-6.622314E-2	1.159668E-2	8.850098E-3
130.7812	-4.272461E-2	-5.523682E-2	1.190186E-2	8.850098E-3
130.7812	-4.302979E-2	-5.798340E-2	1.159668E-2	8.544922E-3
130.7969	-4.028320E-2	-5.432129E-2	1.190186E-2	8.544922E-3
130.8125	-4.516602E-2	-6.103516E-2	1.159668E-2	8.544922E-3
130.8125	-4.638672E-2	-5.859375E-2	1.129150E-2	9.155273E-3
130.8281	-3.997803E-2	-5.676270E-2	1.098633E-2	8.544922E-3
130.8437	-4.028320E-2	-7.110596E-2	1.129150E-2	8.239746E-3
130.8437	-4.730225E-2	-5.706787E-2	1.159668E-2	9.155273E-3
130.8594	-4.455566E-2	-6.256104E-2	1.159668E-2	8.850098E-3
130.8594	-4.241943E-2	-6.439209E-2	1.159668E-2	8.544922E-3
130.875	-4.425049E-2	-6.042480E-2	1.129150E-2	8.544922E-3
130.8906	-4.211426E-2	-5.706787E-2	1.129150E-2	8.850098E-3
130.8906	-4.516602E-2	-5.798340E-2	1.129150E-2	8.850098E-3
130.9062	-4.516602E-2	-5.737305E-2	1.129150E-2	9.155273E-3
130.9219	-4.516602E-2	-5.218506E-2	1.098633E-2	8.544922E-3
130.9219	-4.028320E-2	-6.195068E-2	1.129150E-2	8.544922E-3
130.9375	-3.845215E-2	-5.493164E-2	1.190186E-2	8.239746E-3
