June 02, 2009 17:30
529b02
H:\20090602-sws10-sls\LS_p30_d80_vp20_vd20.traj
lateral amplification = 100
normal amp = 100
pitch angle = 5
roll angle = 294
cantilever = 529b02
<data>
time	voltageForceLateral	voltageForceNormal	voltagePositionX	voltagePositionY
124.5156	0.000000E+0	-2.624512E-2	1.220703E-2	8.239746E-3
124.5312	-9.155273E-3	-3.204346E-2	1.190186E-2	8.850098E-3
124.5312	-7.629395E-3	-2.838135E-2	1.098633E-2	8.544922E-3
124.5469	-7.324219E-3	-3.692627E-2	1.220703E-2	8.544922E-3
124.5625	-8.544922E-3	-2.227783E-2	1.190186E-2	8.544922E-3
124.5625	-5.493164E-3	-3.387451E-2	1.159668E-2	8.544922E-3
124.5781	-7.629395E-3	-2.960205E-2	1.159668E-2	9.155273E-3
124.5937	-8.544922E-3	-3.387451E-2	1.190186E-2	9.155273E-3
124.5937	-8.850098E-3	-2.716064E-2	1.251221E-2	9.460449E-3
124.6094	-4.272461E-3	-3.082275E-2	1.190186E-2	8.850098E-3
124.625	-5.493164E-3	-2.807617E-2	1.159668E-2	9.155273E-3
124.625	-1.159668E-2	-2.929687E-2	1.159668E-2	9.155273E-3
124.6406	-5.493164E-3	-3.021240E-2	1.190186E-2	8.850098E-3
124.6562	-3.051758E-4	-2.746582E-2	1.251221E-2	8.544922E-3
124.6562	-1.129150E-2	-2.868652E-2	1.190186E-2	8.544922E-3
124.6719	-9.155273E-4	-2.990723E-2	1.190186E-2	9.460449E-3
124.6719	-6.713867E-3	-3.356934E-2	1.190186E-2	8.850098E-3
124.6875	-4.882812E-3	-3.265381E-2	1.159668E-2	8.850098E-3
124.7031	-7.019043E-3	-3.723145E-2	1.190186E-2	9.155273E-3
124.7031	-1.220703E-3	-1.953125E-2	1.159668E-2	8.544922E-3
124.7187	-4.577637E-3	-2.563477E-2	1.220703E-2	8.850098E-3
124.7344	-6.408691E-3	-3.356934E-2	1.159668E-2	8.850098E-3
124.7344	-1.525879E-3	-2.685547E-2	1.220703E-2	8.850098E-3
124.75	-7.019043E-3	-2.746582E-2	1.159668E-2	8.850098E-3
124.7656	-7.324219E-3	-2.563477E-2	1.159668E-2	8.850098E-3
124.7656	-3.051758E-3	-2.716064E-2	1.159668E-2	8.239746E-3
124.7812	-5.187988E-3	-3.326416E-2	1.190186E-2	8.850098E-3
124.7812	-7.019043E-3	-2.105713E-2	1.190186E-2	9.155273E-3
124.7969	-5.798340E-3	-3.082275E-2	1.220703E-2	8.544922E-3
124.8125	-1.129150E-2	-2.746582E-2	1.159668E-2	8.544922E-3
124.8125	-6.408691E-3	-2.349854E-2	1.129150E-2	9.155273E-3
124.8281	-1.831055E-3	-1.800537E-2	1.159668E-2	8.850098E-3
124.8437	-1.037598E-2	-3.326416E-2	1.159668E-2	8.239746E-3
124.8437	-1.190186E-2	-2.899170E-2	1.190186E-2	9.155273E-3
124.8594	-1.525879E-3	-2.593994E-2	1.190186E-2	8.239746E-3
124.8594	3.356934E-3	-1.983643E-2	1.159668E-2	9.155273E-3
124.875	-1.007080E-2	-2.990723E-2	1.159668E-2	8.544922E-3
124.8906	-3.356934E-3	-3.295898E-2	1.129150E-2	9.155273E-3
124.8906	-7.934570E-3	-2.746582E-2	1.251221E-2	9.155273E-3
124.9062	0.000000E+0	-2.288818E-2	1.190186E-2	9.155273E-3
124.9219	-5.493164E-3	-3.753662E-2	1.190186E-2	8.544922E-3
124.9219	-6.408691E-3	-2.777100E-2	1.159668E-2	8.850098E-3
124.9375	-3.051758E-3	-3.295898E-2	1.159668E-2	9.460449E-3
124.9531	-5.187988E-3	-3.143311E-2	1.190186E-2	8.850098E-3
124.9531	-1.342773E-2	-3.631592E-2	1.190186E-2	8.850098E-3
124.9687	-1.159668E-2	-3.387451E-2	1.190186E-2	8.544922E-3
124.9844	-1.251221E-2	-3.662109E-2	1.159668E-2	8.850098E-3
124.9844	-4.272461E-3	-2.990723E-2	1.129150E-2	9.460449E-3
125.0	-8.239746E-3	-2.532959E-2	1.190186E-2	9.155273E-3
125.0156	-1.068115E-2	-2.716064E-2	1.159668E-2	8.850098E-3
125.0156	-4.577637E-3	-2.716064E-2	1.220703E-2	8.850098E-3
125.0312	-1.312256E-2	-2.777100E-2	1.159668E-2	9.155273E-3
125.0469	-5.798340E-3	-2.746582E-2	1.159668E-2	8.544922E-3
125.0469	-3.356934E-3	-3.082275E-2	1.190186E-2	8.850098E-3
125.0625	-8.544922E-3	-3.051758E-2	1.159668E-2	8.544922E-3
125.0625	-5.187988E-3	-3.082275E-2	1.159668E-2	8.850098E-3
125.0781	-9.765625E-3	-1.861572E-2	1.190186E-2	8.239746E-3
125.0937	-8.544922E-3	-2.197266E-2	1.190186E-2	8.544922E-3
125.0937	9.155273E-4	-1.983643E-2	1.159668E-2	8.544922E-3
125.1094	1.220703E-3	-2.288818E-2	1.220703E-2	9.155273E-3
125.125	-9.765625E-3	-3.173828E-2	1.190186E-2	8.850098E-3
125.125	3.051758E-4	-3.051758E-2	1.159668E-2	8.544922E-3
125.1406	-3.967285E-3	-2.777100E-2	1.251221E-2	9.460449E-3
125.1562	-3.662109E-3	-2.624512E-2	1.129150E-2	8.850098E-3
125.1562	-3.051758E-3	-2.471924E-2	1.220703E-2	8.850098E-3
125.1719	-6.713867E-3	-3.143311E-2	1.220703E-2	8.239746E-3
125.1719	-6.713867E-3	-2.929687E-2	1.129150E-2	9.155273E-3
125.1875	-3.051758E-3	-3.204346E-2	1.159668E-2	8.850098E-3
125.2031	-1.495361E-2	-3.509521E-2	1.159668E-2	9.155273E-3
125.2031	-3.662109E-3	-2.532959E-2	1.129150E-2	8.850098E-3
125.2187	-3.662109E-3	-2.960205E-2	1.190186E-2	9.460449E-3
125.2187	-9.155273E-4	-2.593994E-2	1.129150E-2	8.850098E-3
125.2344	-1.098633E-2	-3.112793E-2	1.159668E-2	9.155273E-3
125.25	-1.098633E-2	-2.777100E-2	1.159668E-2	8.850098E-3
125.25	-8.544922E-3	-2.624512E-2	1.220703E-2	9.155273E-3
125.2656	-7.324219E-3	-2.624512E-2	1.220703E-2	8.239746E-3
125.2812	-1.251221E-2	-2.624512E-2	1.159668E-2	9.155273E-3
125.2812	-7.324219E-3	-2.716064E-2	1.190186E-2	9.155273E-3
125.2969	-1.068115E-2	-3.265381E-2	1.129150E-2	9.155273E-3
125.3125	-5.187988E-3	-3.875732E-2	1.190186E-2	9.155273E-3
125.3125	-4.577637E-3	-3.387451E-2	1.220703E-2	8.239746E-3
125.3281	-1.098633E-2	-3.936768E-2	1.159668E-2	9.155273E-3
125.3437	-4.882812E-3	-2.807617E-2	1.220703E-2	8.544922E-3
125.3437	-9.155273E-3	-3.753662E-2	1.190186E-2	8.850098E-3
125.3594	-2.136230E-3	-2.410889E-2	1.190186E-2	8.850098E-3
125.375	-1.495361E-2	-2.471924E-2	1.129150E-2	9.460449E-3
125.375	-6.713867E-3	-3.082275E-2	1.190186E-2	8.850098E-3
125.3906	-6.103516E-3	-2.502441E-2	1.220703E-2	9.155273E-3
125.4062	-4.882812E-3	-2.655029E-2	1.190186E-2	7.934570E-3
125.4062	-6.713867E-3	-2.624512E-2	1.098633E-2	9.155273E-3
125.4219	-5.493164E-3	-2.624512E-2	1.220703E-2	9.460449E-3
125.4219	-8.850098E-3	-3.112793E-2	1.922607E-2	8.850098E-3
125.4375	-7.934570E-3	-3.204346E-2	3.143311E-2	8.850098E-3
125.4531	-2.136230E-3	-2.685547E-2	5.676270E-2	8.544922E-3
125.4531	-1.556396E-2	-3.784180E-2	7.690430E-2	9.155273E-3
125.4687	-3.662109E-3	-1.861572E-2	9.307861E-2	8.544922E-3
125.4844	-5.187988E-3	-2.349854E-2	1.174927E-1	9.155273E-3
125.4844	-1.495361E-2	-3.326416E-2	1.400757E-1	9.155273E-3
125.5	-9.765625E-3	-3.295898E-2	1.528931E-1	8.544922E-3
125.5156	-7.019043E-3	-3.479004E-2	1.779175E-1	8.544922E-3
125.5156	-6.103516E-3	-3.265381E-2	1.998901E-1	9.155273E-3
125.5312	-6.713867E-3	-3.112793E-2	2.130127E-1	8.850098E-3
125.5312	-1.098633E-2	-3.143311E-2	2.346802E-1	9.155273E-3
125.5469	-7.934570E-3	-3.753662E-2	2.603149E-1	8.850098E-3
125.5625	-1.251221E-2	-3.662109E-2	2.731323E-1	9.155273E-3
125.5625	-1.281738E-2	-3.723145E-2	2.963257E-1	9.460449E-3
125.5781	-5.187988E-3	-3.234863E-2	3.198242E-1	8.850098E-3
125.5937	-1.251221E-2	-3.845215E-2	3.332520E-1	9.155273E-3
125.5937	-2.441406E-3	-2.227783E-2	3.543091E-1	8.544922E-3
125.6094	-9.155273E-3	-3.509521E-2	3.808594E-1	8.544922E-3
125.6094	-1.831055E-3	-4.241943E-2	3.927612E-1	8.544922E-3
125.625	-1.159668E-2	-3.723145E-2	4.174805E-1	8.850098E-3
125.6406	-1.220703E-2	-3.479004E-2	4.391479E-1	8.850098E-3
125.6406	-1.220703E-2	-3.845215E-2	4.522705E-1	9.155273E-3
125.6562	-1.159668E-2	-3.631592E-2	4.760742E-1	8.544922E-3
125.6719	-1.251221E-2	-4.028320E-2	4.962158E-1	9.155273E-3
125.6719	-1.007080E-2	-3.753662E-2	5.117798E-1	8.544922E-3
125.6875	-1.434326E-2	-3.753662E-2	5.364990E-1	7.934570E-3
125.7031	-1.434326E-2	-4.272461E-2	5.584717E-1	8.544922E-3
125.7031	-2.014160E-2	-3.692627E-2	5.715942E-1	9.155273E-3
125.7187	-9.765625E-3	-3.845215E-2	5.969238E-1	9.155273E-3
125.7344	-1.434326E-2	-3.997803E-2	6.182861E-1	9.155273E-3
125.7344	-9.155273E-3	-3.845215E-2	6.314087E-1	8.850098E-3
125.75	-1.251221E-2	-3.936768E-2	6.530762E-1	8.850098E-3
125.7656	-1.190186E-2	-5.004883E-2	6.793213E-1	8.850098E-3
125.7656	-9.765625E-3	-4.425049E-2	6.912231E-1	8.544922E-3
125.7812	-1.464844E-2	-4.760742E-2	7.156372E-1	9.460449E-3
125.7812	-1.312256E-2	-4.791260E-2	7.348633E-1	8.850098E-3
125.7969	-1.281738E-2	-3.875732E-2	7.507324E-1	9.460449E-3
125.8125	-1.312256E-2	-4.150391E-2	7.739258E-1	8.850098E-3
125.8125	-8.544922E-3	-5.004883E-2	7.989502E-1	9.155273E-3
125.8281	-1.159668E-2	-4.821777E-2	8.102417E-1	9.460449E-3
125.8437	-1.312256E-2	-4.241943E-2	8.358765E-1	8.850098E-3
125.8437	-1.342773E-2	-4.150391E-2	8.584595E-1	8.850098E-3
125.8594	-1.220703E-2	-4.333496E-2	8.709717E-1	8.544922E-3
125.875	-9.155273E-3	-5.065918E-2	8.950806E-1	9.460449E-3
125.875	-1.342773E-2	-4.394531E-2	9.143066E-1	8.850098E-3
125.8906	-7.324219E-3	-4.302979E-2	9.307861E-1	9.460449E-3
125.8906	-1.495361E-2	-4.669189E-2	9.524536E-1	8.239746E-3
125.9062	-1.007080E-2	-4.272461E-2	9.777832E-1	8.850098E-3
125.9219	-1.403809E-2	-4.943848E-2	9.909058E-1	9.155273E-3
125.9219	-1.373291E-2	-4.882812E-2	1.011353E+0	9.155273E-3
125.9375	-1.678467E-2	-4.547119E-2	1.036682E+0	8.544922E-3
125.9531	-1.281738E-2	-6.042480E-2	1.050720E+0	8.850098E-3
125.9531	-1.190186E-2	-5.798340E-2	1.070862E+0	8.850098E-3
125.9687	-1.190186E-2	-5.187988E-2	1.097412E+0	8.850098E-3
125.9687	-1.464844E-2	-5.187988E-2	1.109314E+0	8.544922E-3
125.9844	-1.739502E-2	-4.486084E-2	1.133423E+0	9.155273E-3
126.0	-1.708984E-2	-5.615234E-2	1.153870E+0	8.850098E-3
126.0	-1.647949E-2	-4.669189E-2	1.169128E+0	8.850098E-3
126.0156	-1.464844E-2	-5.371094E-2	1.193542E+0	8.544922E-3
126.0312	-1.007080E-2	-5.187988E-2	1.217041E+0	8.850098E-3
126.0312	-1.495361E-2	-5.004883E-2	1.228943E+0	9.155273E-3
126.0469	-1.586914E-2	-5.645752E-2	1.253662E+0	8.850098E-3
126.0625	-1.281738E-2	-5.249023E-2	1.275940E+0	8.239746E-3
126.0625	-1.800537E-2	-5.615234E-2	1.288452E+0	8.544922E-3
126.0781	-2.075195E-2	-4.974365E-2	1.313171E+0	8.850098E-3
126.0937	-2.014160E-2	-5.432129E-2	1.333008E+0	8.850098E-3
126.0937	-1.647949E-2	-6.042480E-2	1.348572E+0	8.850098E-3
126.1094	-1.678467E-2	-5.706787E-2	1.373291E+0	9.155273E-3
126.125	-1.464844E-2	-6.713867E-2	1.396179E+0	9.155273E-3
126.125	-1.251221E-2	-5.889893E-2	1.408386E+0	8.544922E-3
126.1406	-1.617432E-2	-6.195068E-2	1.431274E+0	8.850098E-3
126.1562	-2.044678E-2	-6.103516E-2	1.455994E+0	8.850098E-3
126.1562	-2.014160E-2	-6.256104E-2	1.468201E+0	8.544922E-3
126.1719	-1.892090E-2	-5.523682E-2	1.492920E+0	8.850098E-3
126.1719	-1.739502E-2	-6.042480E-2	1.514893E+0	8.850098E-3
126.1875	-1.647949E-2	-5.310059E-2	1.528625E+0	9.155273E-3
126.2031	-1.556396E-2	-5.889893E-2	1.551819E+0	8.850098E-3
126.2031	-1.800537E-2	-5.676270E-2	1.571960E+0	9.155273E-3
126.2187	-1.892090E-2	-6.347656E-2	1.587219E+0	8.850098E-3
126.2344	-2.014160E-2	-6.439209E-2	1.611633E+0	8.850098E-3
126.2344	-1.831055E-2	-6.195068E-2	1.634827E+0	9.460449E-3
126.25	-2.166748E-2	-6.927490E-2	1.647034E+0	9.155273E-3
126.2656	-2.227783E-2	-6.500244E-2	1.672058E+0	9.155273E-3
126.2656	-1.892090E-2	-5.981445E-2	1.694641E+0	8.544922E-3
126.2812	-1.770020E-2	-5.798340E-2	1.707458E+0	8.850098E-3
126.2812	-1.922607E-2	-6.713867E-2	1.729431E+0	8.544922E-3
126.2969	-2.075195E-2	-7.202148E-2	1.754150E+0	9.460449E-3
126.3125	-2.380371E-2	-6.652832E-2	1.766357E+0	8.850098E-3
126.3125	-3.051758E-2	-6.683350E-2	1.790466E+0	8.544922E-3
126.3281	-2.349854E-2	-6.713867E-2	1.814270E+0	8.544922E-3
126.3437	-2.288818E-2	-6.988525E-2	1.826477E+0	9.155273E-3
126.3437	-2.166748E-2	-7.507324E-2	1.848145E+0	8.239746E-3
126.3594	-1.770020E-2	-7.293701E-2	1.873474E+0	8.850098E-3
126.3594	-1.892090E-2	-7.354736E-2	1.885681E+0	8.239746E-3
126.375	-2.166748E-2	-7.781982E-2	1.910706E+0	8.850098E-3
126.3906	-2.838135E-2	-6.988525E-2	1.933594E+0	9.155273E-3
126.3906	-2.258301E-2	-6.896973E-2	1.945801E+0	8.850098E-3
126.4062	-1.861572E-2	-7.202148E-2	1.969299E+0	9.155273E-3
126.4219	-1.708984E-2	-7.232666E-2	1.989441E+0	8.850098E-3
126.4219	-1.983643E-2	-8.148193E-2	2.005920E+0	8.850098E-3
126.4375	-2.166748E-2	-7.873535E-2	2.029419E+0	8.239746E-3
126.4531	-2.563477E-2	-8.117676E-2	2.053223E+0	8.544922E-3
126.4531	-2.716064E-2	-7.476807E-2	2.065430E+0	8.544922E-3
126.4687	-2.532959E-2	-7.171631E-2	2.090454E+0	8.850098E-3
126.4844	-2.380371E-2	-8.758545E-2	2.112427E+0	8.850098E-3
126.4844	-2.777100E-2	-7.751465E-2	2.124634E+0	8.850098E-3
126.5	-2.655029E-2	-8.514404E-2	2.146301E+0	8.850098E-3
126.5156	-2.593994E-2	-7.690430E-2	2.171631E+0	8.850098E-3
126.5156	-2.471924E-2	-8.605957E-2	2.184448E+0	9.765625E-3
126.5312	-2.655029E-2	-8.361816E-2	2.208862E+0	8.544922E-3
126.5312	-2.410889E-2	-9.002686E-2	2.229004E+0	8.544922E-3
126.5469	-2.197266E-2	-8.758545E-2	2.243958E+0	8.544922E-3
126.5625	-2.746582E-2	-7.965088E-2	2.268372E+0	9.155273E-3
126.5625	-2.349854E-2	-8.850098E-2	2.291260E+0	9.155273E-3
126.5781	-2.655029E-2	-8.819580E-2	2.303467E+0	8.850098E-3
126.5937	-2.624512E-2	-8.270264E-2	2.330322E+0	9.155273E-3
126.5937	-3.326416E-2	-8.972168E-2	2.351074E+0	8.850098E-3
126.6094	-2.746582E-2	-8.819580E-2	2.363281E+0	8.544922E-3
126.625	-2.288818E-2	-9.368896E-2	2.388306E+0	8.850098E-3
126.625	-3.753662E-2	-1.004028E-1	2.407227E+0	9.155273E-3
126.6406	-2.655029E-2	-8.819580E-2	2.423706E+0	9.155273E-3
126.6406	-2.624512E-2	-9.948730E-2	2.445984E+0	8.544922E-3
126.6562	-2.990723E-2	-9.429932E-2	2.471313E+0	8.850098E-3
126.6719	-2.777100E-2	-9.399414E-2	2.483215E+0	8.239746E-3
126.6719	-3.112793E-2	-1.025391E-1	2.504272E+0	8.850098E-3
126.6875	-3.204346E-2	-9.826660E-2	2.529297E+0	8.850098E-3
126.7031	-2.563477E-2	-1.040649E-1	2.543335E+0	8.850098E-3
126.7031	-2.990723E-2	-1.113892E-1	2.564697E+0	9.460449E-3
126.7187	-3.356934E-2	-1.126099E-1	2.590637E+0	8.850098E-3
126.7187	-2.868652E-2	-1.162720E-1	2.602539E+0	8.544922E-3
126.7344	-3.723145E-2	-1.126099E-1	2.626038E+0	8.850098E-3
126.75	-5.310059E-2	-1.419067E-1	2.646179E+0	8.850098E-3
126.75	-3.662109E-2	-1.205444E-1	2.662354E+0	8.850098E-3
126.7656	-2.929687E-2	-8.972168E-2	2.686768E+0	8.544922E-3
126.7812	-2.197266E-2	-5.554199E-2	2.709656E+0	9.155273E-3
126.7812	-1.281738E-2	-4.272461E-2	2.721558E+0	9.155273E-3
126.7969	-1.159668E-2	-1.220703E-3	2.746887E+0	9.155273E-3
126.8125	3.967285E-3	3.326416E-2	2.769470E+0	9.460449E-3
126.8125	9.155273E-3	4.943848E-2	2.781982E+0	8.850098E-3
126.8281	2.685547E-2	9.185791E-2	2.806091E+0	8.850098E-3
126.8437	3.082275E-2	1.208496E-1	2.825317E+0	8.544922E-3
126.8437	4.577637E-2	1.348877E-1	2.841187E+0	8.544922E-3
126.8594	5.279541E-2	1.727295E-1	2.862854E+0	9.155273E-3
126.875	6.378174E-2	2.099609E-1	2.888184E+0	9.155273E-3
126.875	6.652832E-2	2.288818E-1	2.901306E+0	9.460449E-3
126.8906	8.819580E-2	2.658081E-1	2.922668E+0	8.850098E-3
126.9062	9.582520E-2	3.067017E-1	2.948914E+0	8.239746E-3
126.9062	1.007080E-1	3.289795E-1	2.960205E+0	8.850098E-3
126.9219	1.086426E-1	3.689575E-1	2.986755E+0	9.155273E-3
126.9219	1.123047E-1	3.750610E-1	2.992859E+0	9.155273E-3
126.9375	1.016235E-1	3.518677E-1	2.984314E+0	2.349854E-2
126.9531	8.117676E-2	3.195190E-1	2.969971E+0	4.089355E-2
126.9531	7.110596E-2	2.896118E-1	2.957153E+0	5.523682E-2
126.9687	5.828857E-2	2.655029E-1	2.947998E+0	7.141113E-2
126.9844	4.211426E-2	2.362061E-1	2.934875E+0	8.850098E-2
126.9844	2.166748E-2	1.986694E-1	2.919006E+0	1.043701E-1
127.0	1.434326E-2	1.712036E-1	2.911987E+0	1.196289E-1
127.0156	-4.272461E-3	1.473999E-1	2.897034E+0	1.373291E-1
127.0156	-1.770020E-2	1.226807E-1	2.883301E+0	1.522827E-1
127.0312	-3.021240E-2	9.368896E-2	2.875671E+0	1.675415E-1
127.0312	-4.455566E-2	6.927490E-2	2.862854E+0	1.846313E-1
127.0469	-6.195068E-2	3.631592E-2	2.847595E+0	2.005005E-1
127.0625	-7.049561E-2	1.708984E-2	2.839966E+0	2.148437E-1
127.0625	-9.185791E-2	-1.220703E-2	2.825317E+0	2.325439E-1
127.0781	-1.095581E-1	-4.974365E-2	2.811890E+0	2.481079E-1
127.0937	-1.251221E-1	-6.958008E-2	2.803955E+0	2.636719E-1
127.0937	-1.449585E-1	-9.918213E-2	2.790833E+0	2.804565E-1
127.1094	-1.589966E-1	-1.293945E-1	2.775879E+0	2.969360E-1
127.1094	-1.733398E-1	-1.425171E-1	2.767944E+0	3.112793E-1
127.125	-1.824951E-1	-1.760864E-1	2.752991E+0	3.283691E-1
127.1406	-2.047729E-1	-2.166748E-1	2.738953E+0	3.439331E-1
127.1406	-2.246094E-1	-2.319336E-1	2.732239E+0	3.594971E-1
127.1562	-2.429199E-1	-2.700806E-1	2.718201E+0	3.765869E-1
127.1719	-2.529907E-1	-2.877808E-1	2.705994E+0	3.921509E-1
127.1719	-2.752686E-1	-3.155518E-1	2.697449E+0	4.083252E-1
127.1875	-2.835083E-1	-3.366089E-1	2.684937E+0	4.241943E-1
127.2031	-2.996826E-1	-3.613281E-1	2.672424E+0	4.397583E-1
127.2031	-3.176880E-1	-3.854370E-1	2.660522E+0	4.568481E-1
127.2187	-3.295898E-1	-4.220581E-1	2.646179E+0	4.730225E-1
127.2344	-3.536987E-1	-4.522705E-1	2.632446E+0	4.873657E-1
127.2344	-3.680420E-1	-4.684448E-1	2.624512E+0	5.035400E-1
127.25	-3.710937E-1	-4.791260E-1	2.612000E+0	5.206299E-1
127.2656	-3.775024E-1	-4.934692E-1	2.596130E+0	5.361938E-1
127.2656	-3.909302E-1	-5.117798E-1	2.588196E+0	5.514526E-1
127.2812	-3.927612E-1	-5.230713E-1	2.573242E+0	5.685425E-1
127.2812	-3.955078E-1	-5.325317E-1	2.561951E+0	5.828857E-1
127.2969	-1.086426E-1	-2.893066E-1	2.553101E+0	6.002808E-1
127.3125	-1.171875E-1	-3.048706E-1	2.539673E+0	6.158447E-1
127.3125	-1.434326E-1	-3.375244E-1	2.524719E+0	6.320190E-1
127.3281	-1.385498E-1	-3.482056E-1	2.517395E+0	6.469727E-1
127.3437	-1.715088E-1	-3.643799E-1	2.502136E+0	6.658936E-1
127.3437	-1.647949E-1	-3.833008E-1	2.489014E+0	6.799316E-1
127.3594	-1.791382E-1	-3.970337E-1	2.481689E+0	6.951904E-1
127.375	-2.624512E-2	-8.880615E-2	2.467041E+0	7.125854E-1
127.375	-2.868652E-2	-1.031494E-1	2.455139E+0	7.281494E-1
127.3906	-3.295898E-2	-8.972168E-2	2.445374E+0	7.437134E-1
127.4062	-2.197266E-2	-8.850098E-2	2.431641E+0	7.604980E-1
127.4062	-3.234863E-2	-8.697510E-2	2.416687E+0	7.763672E-1
127.4219	-2.319336E-2	-8.941650E-2	2.409058E+0	7.913208E-1
127.4219	-2.319336E-2	-8.789062E-2	2.396545E+0	8.084106E-1
127.4375	-2.685547E-2	-8.087158E-2	2.381592E+0	8.248901E-1
127.4531	-2.807617E-2	-8.850098E-2	2.374268E+0	8.392334E-1
127.4531	-2.075195E-2	-9.460449E-2	2.360535E+0	8.575439E-1
127.4687	-2.563477E-2	-8.239746E-2	2.345886E+0	8.718872E-1
127.4687	-2.441406E-2	-8.575439E-2	2.338257E+0	8.871460E-1
127.4844	-2.716064E-2	-9.155273E-2	2.323914E+0	9.048462E-1
127.5	-2.929687E-2	-8.148193E-2	2.311401E+0	9.197998E-1
127.5	-2.777100E-2	-8.483887E-2	2.301941E+0	9.362793E-1
127.5156	-2.624512E-2	-8.178711E-2	2.288818E+0	9.521484E-1
127.5312	-3.021240E-2	-8.850098E-2	2.274170E+0	9.683228E-1
127.5312	-2.929687E-2	-8.178711E-2	2.266541E+0	9.841919E-1
127.5469	-2.380371E-2	-7.934570E-2	2.251282E+0	1.000977E+0
127.5625	-2.319336E-2	-8.666992E-2	2.237854E+0	1.016235E+0
127.5625	-2.166748E-2	-7.934570E-2	2.230835E+0	1.030579E+0
127.5781	-2.746582E-2	-8.087158E-2	2.215271E+0	1.047974E+0
127.5937	-2.075195E-2	-8.209229E-2	2.203979E+0	1.063232E+0
127.5937	-2.014160E-2	-8.544922E-2	2.194824E+0	1.079102E+0
127.6094	-2.502441E-2	-8.422852E-2	2.180481E+0	1.096497E+0
127.625	-2.258301E-2	-7.049561E-2	2.166443E+0	1.112061E+0
127.625	-2.014160E-2	-7.141113E-2	2.158203E+0	1.127319E+0
127.6406	-2.136230E-2	-7.873535E-2	2.145996E+0	1.143188E+0
127.6562	-2.380371E-2	-7.110596E-2	2.129822E+0	1.160583E+0
127.6562	-2.807617E-2	-7.141113E-2	2.122803E+0	1.174622E+0
127.6719	-2.929687E-2	-7.659912E-2	2.107849E+0	1.192627E+0
127.6719	-2.532959E-2	-7.263184E-2	2.094727E+0	1.207886E+0
127.6875	-2.624512E-2	-7.049561E-2	2.086792E+0	1.222839E+0
127.7031	-2.502441E-2	-7.080078E-2	2.072144E+0	1.240540E+0
127.7031	-2.288818E-2	-6.896973E-2	2.060852E+0	1.255493E+0
127.7187	-2.166748E-2	-6.896973E-2	2.051086E+0	1.271362E+0
127.7344	-2.044678E-2	-6.622314E-2	2.037048E+0	1.287842E+0
127.7344	-2.075195E-2	-6.225586E-2	2.022400E+0	1.303711E+0
127.75	-2.136230E-2	-7.812500E-2	2.015381E+0	1.319275E+0
127.7656	-1.739502E-2	-7.019043E-2	2.000427E+0	1.336365E+0
127.7656	-2.014160E-2	-6.164551E-2	1.987000E+0	1.352234E+0
127.7812	-2.807617E-2	-6.835937E-2	1.979370E+0	1.366577E+0
127.7812	-2.441406E-2	-6.622314E-2	1.966553E+0	1.383972E+0
127.7969	-2.624512E-2	-6.988525E-2	1.950989E+0	1.400146E+0
127.8125	-1.861572E-2	-6.591797E-2	1.943970E+0	1.414795E+0
127.8125	-1.525879E-2	-6.530762E-2	1.929626E+0	1.432495E+0
127.8281	-1.770020E-2	-6.866455E-2	1.915283E+0	1.447144E+0
127.8437	-1.373291E-2	-6.408691E-2	1.907349E+0	1.463013E+0
127.8437	-1.983643E-2	-6.866455E-2	1.895447E+0	1.479797E+0
127.8594	-2.288818E-2	-6.408691E-2	1.879272E+0	1.495667E+0
127.8594	-2.319336E-2	-6.286621E-2	1.871643E+0	1.511230E+0
127.875	-1.434326E-2	-6.652832E-2	1.857605E+0	1.528015E+0
127.8906	-1.678467E-2	-5.859375E-2	1.843567E+0	1.543884E+0
127.8906	-2.197266E-2	-6.317139E-2	1.836243E+0	1.560059E+0
127.9062	-1.678467E-2	-6.195068E-2	1.821899E+0	1.575623E+0
127.9219	-1.190186E-2	-6.408691E-2	1.809692E+0	1.591492E+0
127.9219	-2.044678E-2	-6.744385E-2	1.800537E+0	1.606445E+0
127.9375	-1.800537E-2	-5.859375E-2	1.785889E+0	1.623535E+0
127.9531	-2.288818E-2	-6.927490E-2	1.772156E+0	1.639099E+0
127.9531	-2.319336E-2	-6.622314E-2	1.764832E+0	1.654663E+0
127.9687	-1.678467E-2	-5.554199E-2	1.749573E+0	1.672058E+0
127.9844	-2.166748E-2	-5.554199E-2	1.736450E+0	1.688232E+0
127.9844	-1.861572E-2	-5.889893E-2	1.728210E+0	1.702881E+0
128.0	-1.586914E-2	-6.622314E-2	1.715698E+0	1.719971E+0
128.0156	-1.373291E-2	-5.798340E-2	1.700134E+0	1.735229E+0
128.0156	-1.983643E-2	-6.225586E-2	1.693420E+0	1.750488E+0
128.0312	-1.922607E-2	-5.798340E-2	1.678467E+0	1.767273E+0
128.0312	-1.953125E-2	-5.737305E-2	1.666870E+0	1.783142E+0
128.0469	-2.227783E-2	-5.950928E-2	1.657410E+0	1.799011E+0
128.0625	-1.861572E-2	-5.889893E-2	1.644592E+0	1.815796E+0
128.0625	-2.166748E-2	-5.889893E-2	1.628723E+0	1.831665E+0
128.0781	-1.708984E-2	-4.974365E-2	1.621399E+0	1.846619E+0
128.0937	-1.831055E-2	-5.187988E-2	1.606750E+0	1.863708E+0
128.0937	-1.434326E-2	-6.225586E-2	1.593323E+0	1.879578E+0
128.1094	-2.044678E-2	-5.157471E-2	1.585693E+0	1.894531E+0
128.125	-1.708984E-2	-6.256104E-2	1.570740E+0	1.911621E+0
128.125	-1.617432E-2	-5.615234E-2	1.559448E+0	1.926880E+0
128.1406	-1.770020E-2	-5.004883E-2	1.549988E+0	1.943359E+0
128.1406	-1.556396E-2	-5.615234E-2	1.536560E+0	1.959229E+0
128.1562	-1.617432E-2	-5.035400E-2	1.521606E+0	1.976013E+0
128.1719	-1.464844E-2	-5.554199E-2	1.514282E+0	1.990967E+0
128.1719	-2.105713E-2	-5.187988E-2	1.500244E+0	2.007751E+0
128.1875	-1.434326E-2	-5.554199E-2	1.485901E+0	2.022705E+0
128.2031	-1.281738E-2	-5.035400E-2	1.477966E+0	2.037659E+0
128.2031	-1.647949E-2	-5.126953E-2	1.465149E+0	2.055359E+0
128.2187	-1.525879E-2	-5.462646E-2	1.450195E+0	2.070923E+0
128.2187	-1.617432E-2	-4.730225E-2	1.442261E+0	2.086182E+0
128.2344	-1.556396E-2	-5.371094E-2	1.428528E+0	2.103271E+0
128.25	-1.312256E-2	-5.371094E-2	1.416016E+0	2.118835E+0
128.25	-1.281738E-2	-5.493164E-2	1.406860E+0	2.135315E+0
128.2656	-1.525879E-2	-5.340576E-2	1.392212E+0	2.150574E+0
128.2812	-1.464844E-2	-4.455566E-2	1.378479E+0	2.166748E+0
128.2812	-1.373291E-2	-5.462646E-2	1.370239E+0	2.182312E+0
128.2969	-1.739502E-2	-5.554199E-2	1.355286E+0	2.200012E+0
128.3125	-1.281738E-2	-4.882812E-2	1.341858E+0	2.214050E+0
128.3125	-1.831055E-2	-4.669189E-2	1.334839E+0	2.230225E+0
128.3281	-1.586914E-2	-4.760742E-2	1.320190E+0	2.247620E+0
128.3437	-1.556396E-2	-4.516602E-2	1.308289E+0	2.262573E+0
128.3437	-1.037598E-2	-4.974365E-2	1.298828E+0	2.278442E+0
128.3594	-1.800537E-2	-4.577637E-2	1.284790E+0	2.294617E+0
128.375	-1.434326E-2	-4.852295E-2	1.270447E+0	2.310791E+0
128.375	-5.187988E-3	-4.760742E-2	1.262512E+0	2.325439E+0
128.3906	-1.983643E-2	-4.089355E-2	1.250000E+0	2.343140E+0
128.4062	-1.403809E-2	-4.272461E-2	1.235046E+0	2.359314E+0
128.4062	-1.617432E-2	-4.302979E-2	1.226807E+0	2.373962E+0
128.4219	-9.460449E-3	-3.295898E-2	1.212463E+0	2.391968E+0
128.4219	-1.495361E-2	-4.272461E-2	1.198730E+0	2.406311E+0
128.4375	-1.220703E-2	-4.150391E-2	1.192017E+0	2.422180E+0
128.4531	-1.403809E-2	-4.486084E-2	1.177368E+0	2.439270E+0
128.4531	-7.934570E-3	-4.028320E-2	1.165161E+0	2.455139E+0
128.4687	-1.434326E-2	-4.699707E-2	1.155701E+0	2.470398E+0
128.4844	-1.617432E-2	-4.821777E-2	1.142578E+0	2.487183E+0
128.4844	-9.460449E-3	-4.028320E-2	1.127319E+0	2.502747E+0
128.5	-1.983643E-2	-4.333496E-2	1.119995E+0	2.517700E+0
128.5156	-2.532959E-2	-4.241943E-2	1.104736E+0	2.534790E+0
128.5156	-1.129150E-2	-3.356934E-2	1.091309E+0	2.550354E+0
128.5312	-5.493164E-3	-4.760742E-2	1.083679E+0	2.566223E+0
128.5312	-1.342773E-2	-4.760742E-2	1.071167E+0	2.582703E+0
128.5469	-1.281738E-2	-4.394531E-2	1.055603E+0	2.598877E+0
128.5625	-1.861572E-2	-3.906250E-2	1.047668E+0	2.613220E+0
128.5625	-7.019043E-3	-3.997803E-2	1.033630E+0	2.630920E+0
128.5781	-9.460449E-3	-3.845215E-2	1.020203E+0	2.645874E+0
128.5937	-1.373291E-2	-3.631592E-2	1.012268E+0	2.662048E+0
128.5937	-1.586914E-2	-3.356934E-2	1.000061E+0	2.678223E+0
128.6094	-1.312256E-2	-4.608154E-2	9.841919E-1	2.694397E+0
128.6094	-3.662109E-3	-3.417969E-2	9.762573E-1	2.709351E+0
128.625	-1.159668E-2	-3.692627E-2	9.619141E-1	2.726746E+0
128.6406	-6.713867E-3	-3.784180E-2	9.478760E-1	2.742310E+0
128.6406	-7.019043E-3	-4.516602E-2	9.402466E-1	2.757568E+0
128.6562	-1.373291E-2	-3.631592E-2	9.259033E-1	2.774963E+0
128.6719	-9.460449E-3	-3.570557E-2	9.140015E-1	2.790833E+0
128.6719	-1.037598E-2	-3.997803E-2	9.045410E-1	2.804565E+0
128.6875	-9.765625E-3	-2.960205E-2	8.905029E-1	2.822571E+0
128.7031	-1.281738E-2	-3.173828E-2	8.767700E-1	2.838135E+0
128.7031	-1.312256E-2	-2.746582E-2	8.688354E-1	2.853394E+0
128.7187	-6.713867E-3	-3.784180E-2	8.541870E-1	2.870483E+0
128.7344	-1.159668E-2	-4.180908E-2	8.407593E-1	2.885742E+0
128.7344	-1.220703E-2	-3.143311E-2	8.322144E-1	2.901001E+0
128.75	-1.007080E-2	-2.960205E-2	8.209229E-1	2.918396E+0
128.7656	-6.713867E-3	-3.540039E-2	8.053589E-1	2.933655E+0
128.7656	-1.586914E-2	-3.906250E-2	7.974243E-1	2.949219E+0
128.7812	-1.220703E-2	-3.326416E-2	7.833862E-1	2.966309E+0
128.7812	-1.617432E-2	-3.387451E-2	7.714844E-1	2.981567E+0
128.7969	-1.708984E-2	-3.448486E-2	7.614136E-1	2.997742E+0
128.8125	-1.068115E-2	-3.723145E-2	7.485962E-1	3.014221E+0
128.8125	-1.159668E-2	-3.723145E-2	7.336426E-1	3.030090E+0
128.8281	-6.408691E-3	-3.509521E-2	7.257080E-1	3.045044E+0
128.8437	-1.159668E-2	-3.265381E-2	7.110596E-1	3.062134E+0
128.8437	-6.713867E-3	-3.601074E-2	6.979370E-1	3.077698E+0
128.8594	-1.220703E-3	-2.899170E-2	6.903076E-1	3.092651E+0
128.875	-1.251221E-2	-3.051758E-2	6.768799E-1	3.110352E+0
128.875	-7.629395E-3	-2.166748E-2	6.616211E-1	3.125916E+0
128.8906	-1.037598E-2	-2.563477E-2	6.542969E-1	3.139648E+0
128.9062	-1.281738E-2	-2.471924E-2	6.396484E-1	3.157959E+0
128.9062	-6.103516E-3	-3.265381E-2	6.253052E-1	3.173828E+0
128.9219	-6.408691E-3	-2.716064E-2	6.176758E-1	3.189392E+0
128.9219	-1.129150E-2	-3.143311E-2	6.060791E-1	3.205566E+0
128.9375	-8.239746E-3	-3.295898E-2	5.905151E-1	3.221130E+0
128.9531	-8.850098E-3	-2.532959E-2	5.819702E-1	3.236389E+0
128.9531	-1.892090E-2	-2.075195E-2	5.694580E-1	3.253784E+0
128.9687	-5.493164E-3	-2.899170E-2	5.545044E-1	3.269653E+0
128.9687	-1.129150E-2	-1.708984E-2	5.468750E-1	3.284302E+0
128.9844	-7.019043E-3	-2.899170E-2	5.331421E-1	3.302002E+0
129.0	-9.155273E-3	-2.563477E-2	5.206299E-1	3.316956E+0
129.0	-4.882812E-3	-2.288818E-2	5.114746E-1	3.333130E+0
129.0156	-3.662109E-3	-2.624512E-2	4.983521E-1	3.350220E+0
129.0312	-1.159668E-2	-2.777100E-2	4.830933E-1	3.365173E+0
129.0312	-8.850098E-3	-3.204346E-2	4.751587E-1	3.380737E+0
129.0469	-6.713867E-3	-2.624512E-2	4.602051E-1	3.398743E+0
129.0625	-9.155273E-3	-2.319336E-2	4.476929E-1	3.413696E+0
129.0625	-7.934570E-3	-2.716064E-2	4.391479E-1	3.428345E+0
129.0781	-8.239746E-3	-2.471924E-2	4.254150E-1	3.446045E+0
129.0937	-5.798340E-3	-2.471924E-2	4.135132E-1	3.461609E+0
129.0937	-1.281738E-2	-2.807617E-2	4.034424E-1	3.476868E+0
129.1094	-7.934570E-3	-2.349854E-2	3.894043E-1	3.493652E+0
129.125	-3.662109E-3	-2.532959E-2	3.756714E-1	3.509216E+0
129.125	-6.713867E-3	-2.380371E-2	3.677368E-1	3.525085E+0
129.1406	-4.577637E-3	-2.777100E-2	3.543091E-1	3.541260E+0
129.1562	2.136230E-3	-2.593994E-2	3.393555E-1	3.557739E+0
129.1562	-3.356934E-3	-2.868652E-2	3.317261E-1	3.572388E+0
129.1719	-4.577637E-3	-1.739502E-2	3.167725E-1	3.589783E+0
129.1719	-1.220703E-2	-2.563477E-2	3.042603E-1	3.604431E+0
129.1875	-7.934570E-3	-2.868652E-2	2.963257E-1	3.619385E+0
129.2031	-3.356934E-3	-1.556396E-2	2.822876E-1	3.637695E+0
129.2031	-8.850098E-3	-2.166748E-2	2.697754E-1	3.652649E+0
129.2187	-7.019043E-3	-1.800537E-2	2.603149E-1	3.669128E+0
129.2344	-5.798340E-3	-2.136230E-2	2.462769E-1	3.685913E+0
129.2344	-6.713867E-3	-2.502441E-2	2.328491E-1	3.700256E+0
129.25	-7.934570E-3	-3.387451E-2	2.246094E-1	3.715820E+0
129.2656	-7.629395E-3	-1.678467E-2	2.099609E-1	3.733826E+0
129.2656	-3.051758E-3	-2.380371E-2	1.977539E-1	3.747864E+0
129.2812	-1.037598E-2	-2.746582E-2	1.892090E-1	3.764038E+0
129.2812	-1.068115E-2	-2.319336E-2	1.760864E-1	3.781433E+0
129.2969	-2.136230E-3	-2.716064E-2	1.626587E-1	3.797607E+0
129.3125	-4.882812E-3	-1.037598E-2	1.538086E-1	3.811340E+0
129.3125	-4.882812E-3	-2.471924E-2	1.403809E-1	3.828735E+0
129.3281	-1.525879E-3	-2.349854E-2	1.275635E-1	3.843994E+0
129.3437	6.103516E-4	-2.349854E-2	1.184082E-1	3.859253E+0
129.3437	-6.103516E-3	-2.288818E-2	1.058960E-1	3.877258E+0
129.3594	-6.713867E-3	-1.739502E-2	9.155273E-2	3.892517E+0
129.3594	4.882812E-3	-1.495361E-2	8.209229E-2	3.907471E+0
129.375	-2.441406E-3	-1.586914E-2	6.805420E-2	3.924866E+0
129.3906	-1.220703E-3	-2.288818E-2	5.584717E-2	3.939819E+0
129.3906	-8.544922E-3	-1.312256E-2	4.638672E-2	3.955383E+0
129.4062	-3.662109E-3	-1.434326E-2	3.265381E-2	3.971863E+0
129.4219	-4.272461E-3	-2.044678E-2	2.105713E-2	3.988342E+0
129.4219	-6.103516E-3	-1.922607E-2	1.159668E-2	4.003906E+0
129.4375	-1.098633E-2	-1.647949E-2	9.155273E-3	3.907166E+0
129.4531	-3.356934E-3	-2.075195E-2	9.765625E-3	3.809814E+0
129.4531	-4.577637E-3	-1.678467E-2	9.155273E-3	3.711853E+0
129.4687	-3.051758E-4	-1.861572E-2	1.007080E-2	3.604736E+0
129.4844	-7.629395E-3	-2.288818E-2	9.765625E-3	3.507080E+0
129.4844	-2.441406E-3	-1.831055E-2	1.007080E-2	3.412170E+0
129.5	-7.019043E-3	-2.685547E-2	9.765625E-3	3.304749E+0
129.5156	-1.251221E-2	-2.716064E-2	9.765625E-3	3.205261E+0
129.5156	6.103516E-4	-2.563477E-2	1.007080E-2	3.110657E+0
129.5312	-8.239746E-3	-2.624512E-2	1.007080E-2	3.003540E+0
129.5312	-9.765625E-3	-1.739502E-2	9.765625E-3	2.906189E+0
129.5469	-2.441406E-3	-2.502441E-2	9.155273E-3	2.805786E+0
129.5625	-4.882812E-3	-2.990723E-2	1.007080E-2	2.703552E+0
129.5625	-1.220703E-3	-2.349854E-2	1.037598E-2	2.603760E+0
129.5781	1.525879E-3	-3.021240E-2	1.007080E-2	2.508850E+0
129.5937	-7.934570E-3	-2.777100E-2	1.098633E-2	2.402954E+0
129.5937	-5.798340E-3	-3.204346E-2	9.460449E-3	2.304077E+0
129.6094	-4.577637E-3	-2.777100E-2	9.765625E-3	2.207336E+0
129.625	-5.187988E-3	-2.105713E-2	1.037598E-2	2.102356E+0
129.625	-7.019043E-3	-3.234863E-2	1.037598E-2	2.004395E+0
129.6406	-8.544922E-3	-2.838135E-2	9.155273E-3	1.903992E+0
129.6562	-8.239746E-3	-3.173828E-2	1.037598E-2	1.802063E+0
129.6562	-1.068115E-2	-2.655029E-2	1.037598E-2	1.703186E+0
129.6719	-4.577637E-3	-3.051758E-2	1.068115E-2	1.605530E+0
129.6719	-4.577637E-3	-3.234863E-2	1.129150E-2	1.502380E+0
129.6875	-6.408691E-3	-2.471924E-2	1.068115E-2	1.402893E+0
129.7031	-1.037598E-2	-3.601074E-2	1.129150E-2	1.307678E+0
129.7031	-1.220703E-2	-3.082275E-2	1.129150E-2	1.202087E+0
129.7187	-5.187988E-3	-2.960205E-2	1.159668E-2	1.102600E+0
129.7187	-7.934570E-3	-4.089355E-2	1.098633E-2	1.006470E+0
129.7344	-9.460449E-3	-2.655029E-2	1.129150E-2	9.014893E-1
129.75	-7.019043E-3	-3.112793E-2	1.037598E-2	8.035278E-1
129.75	-1.159668E-2	-3.204346E-2	1.098633E-2	7.040405E-1
129.7656	-8.544922E-3	-3.509521E-2	1.129150E-2	6.021118E-1
129.7812	-6.713867E-3	-3.509521E-2	1.129150E-2	5.029297E-1
129.7812	-1.617432E-2	-3.143311E-2	1.098633E-2	4.040527E-1
129.7969	-1.159668E-2	-2.380371E-2	1.159668E-2	3.018188E-1
129.8125	-7.324219E-3	-3.204346E-2	1.068115E-2	2.032471E-1
129.8125	-9.765625E-3	-2.990723E-2	1.159668E-2	1.071167E-1
129.8281	-1.129150E-2	-4.058838E-2	1.129150E-2	2.136230E-3
129.8437	-1.312256E-2	-2.563477E-2	1.190186E-2	6.103516E-3
129.8437	-1.831055E-3	-3.417969E-2	1.220703E-2	6.713867E-3
129.8594	-1.251221E-2	-3.021240E-2	1.190186E-2	8.239746E-3
129.875	-1.617432E-2	-3.662109E-2	1.098633E-2	7.629395E-3
129.875	-7.324219E-3	-4.119873E-2	1.159668E-2	8.850098E-3
129.8906	-6.713867E-3	-2.777100E-2	1.129150E-2	7.934570E-3
129.9062	-5.493164E-3	-3.265381E-2	1.129150E-2	8.239746E-3
129.9062	-1.525879E-2	-3.082275E-2	1.159668E-2	7.934570E-3
129.9219	-4.272461E-3	-3.356934E-2	1.159668E-2	8.239746E-3
129.9219	-1.556396E-2	-2.746582E-2	1.190186E-2	8.544922E-3
129.9375	-8.544922E-3	-3.509521E-2	1.190186E-2	8.850098E-3
129.9531	-1.190186E-2	-3.601074E-2	1.159668E-2	8.239746E-3
129.9531	-9.155273E-3	-3.967285E-2	1.159668E-2	8.544922E-3
129.9687	-1.037598E-2	-3.601074E-2	1.220703E-2	8.544922E-3
129.9844	-8.850098E-3	-2.593994E-2	1.190186E-2	8.544922E-3
129.9844	-3.967285E-3	-3.509521E-2	1.251221E-2	9.155273E-3
130.0	-8.850098E-3	-3.906250E-2	1.129150E-2	8.239746E-3
130.0156	-6.713867E-3	-3.326416E-2	1.159668E-2	8.850098E-3
130.0156	-5.187988E-3	-3.479004E-2	1.190186E-2	8.239746E-3
130.0312	-1.373291E-2	-3.509521E-2	1.190186E-2	8.239746E-3
130.0312	-1.373291E-2	-2.899170E-2	1.190186E-2	8.850098E-3
130.0469	-8.239746E-3	-4.333496E-2	1.220703E-2	8.544922E-3
130.0625	-1.220703E-2	-3.509521E-2	1.190186E-2	8.544922E-3
130.0625	-7.324219E-3	-3.143311E-2	1.159668E-2	8.850098E-3
130.0781	-1.525879E-2	-3.448486E-2	1.159668E-2	8.544922E-3
130.0937	-3.662109E-3	-3.234863E-2	1.129150E-2	8.850098E-3
130.0937	-7.934570E-3	-3.112793E-2	1.159668E-2	8.544922E-3
130.1094	-6.103516E-3	-3.479004E-2	1.190186E-2	8.850098E-3
130.1094	-1.464844E-2	-2.960205E-2	1.159668E-2	8.544922E-3
130.125	-9.460449E-3	-2.532959E-2	1.159668E-2	8.239746E-3
130.1406	-7.629395E-3	-2.899170E-2	1.129150E-2	8.850098E-3
130.1406	-7.934570E-3	-3.601074E-2	1.159668E-2	9.155273E-3
130.1562	-7.629395E-3	-3.265381E-2	1.190186E-2	8.850098E-3
130.1719	-9.460449E-3	-2.746582E-2	1.159668E-2	8.544922E-3
130.1719	-9.460449E-3	-3.448486E-2	1.159668E-2	9.155273E-3
130.1875	-8.239746E-3	-2.685547E-2	1.159668E-2	8.544922E-3
130.2031	-1.037598E-2	-2.777100E-2	1.129150E-2	8.850098E-3
130.2031	-1.251221E-2	-3.814697E-2	1.190186E-2	8.850098E-3
130.2187	-1.281738E-2	-2.655029E-2	1.159668E-2	8.544922E-3
130.2344	-7.324219E-3	-3.448486E-2	1.190186E-2	8.850098E-3
130.2344	-9.765625E-3	-3.265381E-2	1.159668E-2	8.850098E-3
130.25	-4.577637E-3	-2.349854E-2	1.159668E-2	8.850098E-3
130.2656	-1.281738E-2	-3.204346E-2	1.190186E-2	9.155273E-3
130.2656	-7.934570E-3	-3.509521E-2	1.220703E-2	8.850098E-3
130.2812	-1.281738E-2	-3.234863E-2	1.190186E-2	8.850098E-3
130.2812	-8.850098E-3	-3.448486E-2	1.190186E-2	8.850098E-3
130.2969	-4.882812E-3	-4.119873E-2	1.159668E-2	8.544922E-3
130.3125	-1.495361E-2	-3.112793E-2	1.159668E-2	8.850098E-3
130.3125	-8.544922E-3	-3.479004E-2	1.159668E-2	8.850098E-3
130.3281	-7.019043E-3	-3.753662E-2	1.220703E-2	8.544922E-3
130.3437	-1.373291E-2	-3.234863E-2	1.159668E-2	9.460449E-3
130.3437	-9.155273E-3	-3.601074E-2	1.159668E-2	8.850098E-3
130.3594	-1.068115E-2	-3.601074E-2	1.159668E-2	8.544922E-3
130.375	-8.544922E-3	-3.021240E-2	1.159668E-2	8.239746E-3
130.375	-5.798340E-3	-3.112793E-2	1.159668E-2	9.155273E-3
130.3906	-1.159668E-2	-2.685547E-2	1.190186E-2	8.850098E-3
130.4062	-9.155273E-3	-3.448486E-2	1.129150E-2	8.850098E-3
130.4062	-9.765625E-3	-3.723145E-2	1.190186E-2	8.850098E-3
130.4219	-7.934570E-3	-3.417969E-2	1.190186E-2	8.850098E-3
130.4219	-1.190186E-2	-3.509521E-2	1.159668E-2	9.155273E-3
130.4375	-1.007080E-2	-3.143311E-2	1.159668E-2	8.850098E-3
130.4531	-1.129150E-2	-3.631592E-2	1.190186E-2	8.544922E-3
130.4531	-8.850098E-3	-3.479004E-2	1.190186E-2	9.155273E-3
130.4687	-6.713867E-3	-3.356934E-2	1.220703E-2	8.544922E-3
130.4687	-8.239746E-3	-3.509521E-2	1.190186E-2	8.850098E-3
130.4844	-8.239746E-3	-2.380371E-2	1.190186E-2	9.765625E-3
130.5	-8.544922E-3	-3.479004E-2	1.129150E-2	8.850098E-3
130.5	-1.098633E-2	-2.990723E-2	1.159668E-2	9.155273E-3
130.5156	-1.068115E-2	-2.960205E-2	1.190186E-2	8.850098E-3
130.5312	-1.007080E-2	-3.112793E-2	1.190186E-2	8.544922E-3
130.5312	-1.037598E-2	-3.601074E-2	1.190186E-2	8.850098E-3
130.5469	-1.159668E-2	-2.807617E-2	1.159668E-2	9.155273E-3
130.5625	6.103516E-4	-3.692627E-2	1.220703E-2	9.155273E-3
130.5625	1.831055E-3	-3.753662E-2	1.190186E-2	8.850098E-3
130.5781	-1.556396E-2	-3.082275E-2	1.190186E-2	8.850098E-3
130.5937	-1.312256E-2	-3.936768E-2	1.159668E-2	8.239746E-3
130.5937	-8.544922E-3	-3.326416E-2	1.190186E-2	8.239746E-3
130.6094	-1.281738E-2	-2.746582E-2	1.190186E-2	8.850098E-3
130.625	-8.850098E-3	-3.417969E-2	1.220703E-2	9.460449E-3
130.625	-1.037598E-2	-3.479004E-2	1.129150E-2	8.544922E-3
130.6406	-1.098633E-2	-3.265381E-2	1.129150E-2	8.850098E-3
130.6562	-1.312256E-2	-3.631592E-2	1.159668E-2	8.544922E-3
130.6562	-6.103516E-3	-3.387451E-2	1.129150E-2	9.155273E-3
130.6719	-4.577637E-3	-2.807617E-2	1.190186E-2	8.850098E-3
130.6719	-1.220703E-2	-4.180908E-2	1.312256E-2	8.239746E-3
130.6875	-8.850098E-3	-2.929687E-2	1.159668E-2	8.850098E-3
130.7031	-1.373291E-2	-3.448486E-2	1.190186E-2	8.850098E-3
130.7031	-6.408691E-3	-3.356934E-2	1.190186E-2	8.544922E-3
130.7187	-1.037598E-2	-3.845215E-2	1.129150E-2	8.544922E-3
130.7344	-1.007080E-2	-3.326416E-2	1.159668E-2	8.239746E-3
130.7344	-1.251221E-2	-3.173828E-2	1.159668E-2	9.155273E-3
130.75	-1.251221E-2	-3.936768E-2	1.190186E-2	8.850098E-3
130.7656	-1.098633E-2	-2.990723E-2	1.159668E-2	8.544922E-3
130.7656	-1.403809E-2	-3.173828E-2	1.159668E-2	8.850098E-3
130.7812	-2.746582E-3	-2.960205E-2	1.159668E-2	8.850098E-3
130.7812	-7.934570E-3	-3.417969E-2	1.220703E-2	8.850098E-3
130.7969	-1.281738E-2	-2.563477E-2	1.220703E-2	8.544922E-3
130.8125	-1.342773E-2	-2.532959E-2	1.159668E-2	8.544922E-3
130.8125	-1.159668E-2	-2.990723E-2	1.190186E-2	8.544922E-3
130.8281	-1.068115E-2	-4.241943E-2	1.190186E-2	8.544922E-3
130.8437	-1.098633E-2	-3.601074E-2	1.190186E-2	9.155273E-3
130.8437	-1.068115E-2	-3.387451E-2	1.190186E-2	8.850098E-3
130.8594	-3.051758E-3	-3.692627E-2	1.159668E-2	8.850098E-3
130.8594	-1.007080E-2	-3.631592E-2	1.190186E-2	8.850098E-3
130.875	-1.098633E-2	-2.746582E-2	1.159668E-2	8.544922E-3
130.8906	-8.239746E-3	-3.021240E-2	1.190186E-2	8.850098E-3
130.8906	-8.850098E-3	-3.662109E-2	1.159668E-2	9.155273E-3
130.9062	-7.324219E-3	-3.601074E-2	1.190186E-2	9.155273E-3
