June 02, 2009 16:22
529b02
H:\20090602-sws10-sls\LS_p33_d80_vp20_vd20.traj
lateral amplification = 100
normal amp = 100
pitch angle = -20
roll angle = 294
cantilever = 529b02
<data>
time	voltageForceLateral	voltageForceNormal	voltagePositionX	voltagePositionY
61.1562	-8.483887E-2	-1.058960E-1	1.159668E-2	8.544922E-3
61.1719	-8.636475E-2	-1.104736E-1	1.129150E-2	9.155273E-3
61.1719	-8.666992E-2	-1.113892E-1	1.159668E-2	8.850098E-3
61.1875	-9.002686E-2	-1.174927E-1	1.159668E-2	8.850098E-3
61.2031	-8.270264E-2	-1.162720E-1	1.159668E-2	8.544922E-3
61.2031	-8.789062E-2	-1.083374E-1	1.098633E-2	9.155273E-3
61.2187	-9.765625E-2	-1.055908E-1	1.129150E-2	8.239746E-3
61.2344	-8.850098E-2	-1.193237E-1	1.190186E-2	8.850098E-3
61.2344	-8.605957E-2	-1.208496E-1	1.159668E-2	8.850098E-3
61.25	-9.185791E-2	-1.126099E-1	1.129150E-2	8.239746E-3
61.25	-9.460449E-2	-1.232910E-1	1.190186E-2	8.544922E-3
61.2656	-9.094238E-2	-1.193237E-1	1.159668E-2	8.850098E-3
61.2812	-8.758545E-2	-1.174927E-1	1.220703E-2	8.544922E-3
61.2812	-8.911133E-2	-1.135254E-1	1.190186E-2	9.155273E-3
61.2969	-8.483887E-2	-1.208496E-1	1.129150E-2	8.544922E-3
61.3125	-8.850098E-2	-1.144409E-1	1.159668E-2	8.544922E-3
61.3125	-8.575439E-2	-1.226807E-1	1.129150E-2	8.544922E-3
61.3281	-9.002686E-2	-1.168823E-1	1.129150E-2	8.239746E-3
61.3437	-8.911133E-2	-1.205444E-1	1.129150E-2	8.850098E-3
61.3437	-8.880615E-2	-1.058960E-1	1.129150E-2	8.544922E-3
61.3594	-9.063721E-2	-1.071167E-1	1.159668E-2	8.544922E-3
61.375	-8.819580E-2	-1.083374E-1	1.159668E-2	8.850098E-3
61.375	-9.307861E-2	-1.037598E-1	1.159668E-2	9.155273E-3
61.3906	-9.033203E-2	-1.123047E-1	1.159668E-2	8.239746E-3
61.4062	-8.758545E-2	-1.092529E-1	1.190186E-2	8.544922E-3
61.4062	-8.483887E-2	-1.181030E-1	1.129150E-2	8.544922E-3
61.4219	-8.697510E-2	-1.162720E-1	1.159668E-2	8.544922E-3
61.4219	-8.300781E-2	-1.214600E-1	1.190186E-2	8.544922E-3
61.4375	-8.880615E-2	-1.095581E-1	1.190186E-2	8.544922E-3
61.4531	-9.307861E-2	-1.147461E-1	1.220703E-2	9.460449E-3
61.4531	-9.643555E-2	-1.205444E-1	1.129150E-2	8.544922E-3
61.4687	-8.911133E-2	-1.217651E-1	1.159668E-2	8.239746E-3
61.4844	-8.483887E-2	-1.153564E-1	1.159668E-2	9.155273E-3
61.4844	-8.270264E-2	-1.110840E-1	1.159668E-2	8.850098E-3
61.5	-8.575439E-2	-1.199341E-1	1.159668E-2	8.544922E-3
61.5	-8.666992E-2	-1.153564E-1	1.190186E-2	8.850098E-3
61.5156	-8.728027E-2	-1.156616E-1	1.129150E-2	8.544922E-3
61.5312	-8.758545E-2	-1.135254E-1	1.190186E-2	8.544922E-3
61.5312	-8.666992E-2	-1.181030E-1	1.129150E-2	8.544922E-3
61.5469	-9.521484E-2	-1.220703E-1	1.190186E-2	8.850098E-3
61.5625	-8.972168E-2	-1.104736E-1	1.159668E-2	9.460449E-3
61.5625	-8.880615E-2	-1.235962E-1	1.129150E-2	8.239746E-3
61.5781	-9.063721E-2	-1.104736E-1	1.190186E-2	8.544922E-3
61.5937	-8.666992E-2	-1.196289E-1	1.159668E-2	8.544922E-3
61.5937	-9.246826E-2	-1.144409E-1	1.159668E-2	7.934570E-3
61.6094	-9.185791E-2	-1.092529E-1	1.190186E-2	9.155273E-3
61.625	-9.338379E-2	-1.190186E-1	1.159668E-2	8.850098E-3
61.625	-9.643555E-2	-1.144409E-1	1.129150E-2	8.239746E-3
61.6406	-9.063721E-2	-1.202393E-1	1.098633E-2	8.544922E-3
61.6562	-8.575439E-2	-1.135254E-1	1.098633E-2	9.460449E-3
61.6562	-9.124756E-2	-1.232910E-1	1.098633E-2	7.934570E-3
61.6719	-9.399414E-2	-1.232910E-1	1.129150E-2	8.544922E-3
61.6719	-8.880615E-2	-1.168823E-1	1.159668E-2	8.544922E-3
61.6875	-8.575439E-2	-1.190186E-1	1.159668E-2	8.544922E-3
61.7031	-8.789062E-2	-1.211548E-1	1.251221E-2	8.850098E-3
61.7031	-8.697510E-2	-1.193237E-1	1.129150E-2	8.544922E-3
61.7187	-9.704590E-2	-1.092529E-1	1.159668E-2	8.544922E-3
61.7344	-8.361816E-2	-1.211548E-1	1.159668E-2	8.850098E-3
61.7344	-8.972168E-2	-1.144409E-1	1.159668E-2	9.155273E-3
61.75	-9.124756E-2	-1.177979E-1	1.190186E-2	7.934570E-3
61.7656	-9.124756E-2	-1.119995E-1	1.190186E-2	8.544922E-3
61.7656	-9.277344E-2	-1.153564E-1	1.098633E-2	8.850098E-3
61.7812	-9.490967E-2	-1.077271E-1	1.129150E-2	8.850098E-3
61.7969	-9.246826E-2	-1.156616E-1	1.190186E-2	8.544922E-3
61.7969	-8.880615E-2	-1.168823E-1	1.129150E-2	9.460449E-3
61.8125	-9.643555E-2	-1.126099E-1	1.190186E-2	8.850098E-3
61.8125	-8.697510E-2	-1.217651E-1	1.129150E-2	7.934570E-3
61.8281	-9.277344E-2	-1.132202E-1	1.129150E-2	8.239746E-3
61.8437	-9.338379E-2	-1.187134E-1	1.129150E-2	8.239746E-3
61.8437	-8.697510E-2	-1.199341E-1	1.129150E-2	8.544922E-3
61.8594	-8.392334E-2	-1.168823E-1	1.129150E-2	8.850098E-3
61.8594	-9.368896E-2	-1.251221E-1	1.129150E-2	8.850098E-3
61.875	-8.941650E-2	-1.168823E-1	1.159668E-2	8.850098E-3
61.8906	-8.972168E-2	-1.229858E-1	1.190186E-2	8.544922E-3
61.8906	-9.246826E-2	-1.153564E-1	1.159668E-2	8.239746E-3
61.9062	-8.941650E-2	-1.141357E-1	1.129150E-2	8.850098E-3
61.9219	-9.338379E-2	-1.119995E-1	1.159668E-2	8.239746E-3
61.9219	-8.789062E-2	-1.116943E-1	1.129150E-2	8.850098E-3
61.9375	-9.094238E-2	-1.123047E-1	1.159668E-2	8.239746E-3
61.9531	-8.972168E-2	-1.138306E-1	1.251221E-2	8.850098E-3
61.9531	-8.422852E-2	-1.132202E-1	1.220703E-2	8.544922E-3
61.9687	-9.307861E-2	-1.190186E-1	1.129150E-2	8.850098E-3
61.9844	-9.277344E-2	-1.110840E-1	1.129150E-2	8.544922E-3
61.9844	-8.575439E-2	-1.220703E-1	1.159668E-2	8.850098E-3
62.0	-9.124756E-2	-1.193237E-1	1.159668E-2	9.155273E-3
62.0156	-8.728027E-2	-1.168823E-1	1.159668E-2	8.544922E-3
62.0156	-9.063721E-2	-1.113892E-1	1.098633E-2	8.544922E-3
62.0312	-9.216309E-2	-1.153564E-1	1.129150E-2	8.544922E-3
62.0469	-9.338379E-2	-1.126099E-1	1.159668E-2	8.850098E-3
62.0469	-8.666992E-2	-1.107788E-1	1.159668E-2	8.850098E-3
62.0625	-9.796143E-2	-1.126099E-1	1.159668E-2	8.850098E-3
62.0781	-8.544922E-2	-1.266479E-1	1.159668E-2	8.239746E-3
62.0781	-8.697510E-2	-1.071167E-1	1.129150E-2	8.239746E-3
62.0937	-9.552002E-2	-1.129150E-1	1.129150E-2	8.544922E-3
62.0937	-9.429932E-2	-1.092529E-1	1.464844E-2	8.850098E-3
62.1094	-9.674072E-2	-1.144409E-1	3.631592E-2	8.544922E-3
62.1094	-8.697510E-2	-1.153564E-1	5.218506E-2	8.850098E-3
62.125	-8.850098E-2	-1.184082E-1	7.659912E-2	9.155273E-3
62.1406	-9.918213E-2	-1.147461E-1	9.979248E-2	7.934570E-3
62.1406	-8.422852E-2	-1.242065E-1	1.132202E-1	8.850098E-3
62.1562	-9.216309E-2	-1.089478E-1	1.354980E-1	9.155273E-3
62.1719	-8.483887E-2	-1.223755E-1	1.602173E-1	8.239746E-3
62.1719	-9.185791E-2	-1.162720E-1	1.724243E-1	8.544922E-3
62.1875	-8.422852E-2	-1.214600E-1	1.977539E-1	8.544922E-3
62.2031	-9.338379E-2	-1.211548E-1	2.203369E-1	8.850098E-3
62.2031	-8.819580E-2	-1.202393E-1	2.331543E-1	8.239746E-3
62.2187	-9.643555E-2	-1.193237E-1	2.575684E-1	8.544922E-3
62.2344	-9.277344E-2	-1.126099E-1	2.774048E-1	9.155273E-3
62.2344	-8.941650E-2	-1.199341E-1	2.929687E-1	7.934570E-3
62.25	-9.552002E-2	-1.248169E-1	3.167725E-1	8.239746E-3
62.2656	-9.094238E-2	-1.205444E-1	3.399658E-1	8.239746E-3
62.2656	-9.124756E-2	-1.232910E-1	3.524780E-1	8.544922E-3
62.2812	-9.460449E-2	-1.208496E-1	3.775024E-1	8.850098E-3
62.2969	-9.460449E-2	-1.220703E-1	3.997803E-1	8.239746E-3
62.2969	-8.422852E-2	-1.254272E-1	4.125977E-1	8.850098E-3
62.3125	-9.490967E-2	-1.226807E-1	4.364014E-1	8.850098E-3
62.3125	-8.636475E-2	-1.321411E-1	4.507446E-1	8.850098E-3
62.3281	-9.643555E-2	-1.193237E-1	4.702759E-1	9.155273E-3
62.3437	-9.216309E-2	-1.220703E-1	4.922485E-1	8.850098E-3
62.3437	-9.704590E-2	-1.202393E-1	5.187988E-1	8.544922E-3
62.3594	-8.666992E-2	-1.168823E-1	5.319214E-1	7.934570E-3
62.375	-9.399414E-2	-1.171875E-1	5.545044E-1	9.155273E-3
62.375	-8.697510E-2	-1.269531E-1	5.798340E-1	8.850098E-3
62.3906	-9.399414E-2	-1.306152E-1	5.917358E-1	9.155273E-3
62.4062	-8.789062E-2	-1.260376E-1	6.167603E-1	8.850098E-3
62.4062	-8.972168E-2	-1.293945E-1	6.378174E-1	8.544922E-3
62.4219	-8.605957E-2	-1.300049E-1	6.512451E-1	8.850098E-3
62.4219	-9.094238E-2	-1.348877E-1	6.753540E-1	9.155273E-3
62.4375	-9.490967E-2	-1.248169E-1	6.951904E-1	9.155273E-3
62.4531	-9.704590E-2	-1.214600E-1	7.116699E-1	8.544922E-3
62.4531	-9.246826E-2	-1.263428E-1	7.333374E-1	8.239746E-3
62.4687	-9.918213E-2	-1.293945E-1	7.580566E-1	9.460449E-3
62.4844	-8.728027E-2	-1.272583E-1	7.711792E-1	8.239746E-3
62.4844	-9.490967E-2	-1.257324E-1	7.955933E-1	8.544922E-3
62.5	-9.887695E-2	-1.318359E-1	8.175659E-1	7.934570E-3
62.5	-8.880615E-2	-1.354980E-1	8.303833E-1	8.850098E-3
62.5156	-9.552002E-2	-1.327515E-1	8.523560E-1	8.544922E-3
62.5312	-9.399414E-2	-1.272583E-1	8.773804E-1	8.544922E-3
62.5312	-9.460449E-2	-1.354980E-1	8.905029E-1	8.239746E-3
62.5469	-9.094238E-2	-1.364136E-1	9.152222E-1	8.850098E-3
62.5625	-9.063721E-2	-1.339722E-1	9.317017E-1	8.850098E-3
62.5625	-9.826660E-2	-1.287842E-1	9.506226E-1	8.544922E-3
62.5781	-9.490967E-2	-1.300049E-1	9.701538E-1	8.239746E-3
62.5937	-9.796143E-2	-1.361084E-1	9.973145E-1	8.850098E-3
62.5937	-1.031494E-1	-1.232910E-1	1.010132E+0	9.155273E-3
62.6094	-9.887695E-2	-1.303101E-1	1.034241E+0	8.850098E-3
62.625	-9.857178E-2	-1.303101E-1	1.056824E+0	8.544922E-3
62.625	-1.007080E-1	-1.287842E-1	1.069641E+0	8.544922E-3
62.6406	-9.399414E-2	-1.351929E-1	1.093750E+0	9.155273E-3
62.6562	-9.429932E-2	-1.293945E-1	1.113892E+0	9.460449E-3
62.6562	-9.582520E-2	-1.287842E-1	1.129456E+0	8.850098E-3
62.6719	-1.013184E-1	-1.431274E-1	1.154175E+0	9.460449E-3
62.6719	-9.887695E-2	-1.367187E-1	1.176453E+0	8.544922E-3
62.6875	-9.124756E-2	-1.412964E-1	1.188660E+0	8.544922E-3
62.7031	-1.010132E-1	-1.419067E-1	1.211243E+0	8.850098E-3
62.7031	-9.826660E-2	-1.300049E-1	1.235962E+0	8.544922E-3
62.7187	-1.016235E-1	-1.333618E-1	1.248169E+0	8.850098E-3
62.7344	-9.490967E-2	-1.419067E-1	1.273193E+0	8.850098E-3
62.7344	-9.765625E-2	-1.382446E-1	1.295776E+0	8.544922E-3
62.75	-9.338379E-2	-1.391602E-1	1.308289E+0	8.850098E-3
62.7656	-1.031494E-1	-1.416016E-1	1.332703E+0	8.544922E-3
62.7656	-1.049805E-1	-1.382446E-1	1.353455E+0	8.544922E-3
62.7812	-9.857178E-2	-1.336670E-1	1.368103E+0	8.544922E-3
62.7812	-9.582520E-2	-1.394653E-1	1.390076E+0	9.460449E-3
62.7969	-1.034546E-1	-1.394653E-1	1.414795E+0	9.155273E-3
62.8125	-9.613037E-2	-1.400757E-1	1.428223E+0	8.850098E-3
62.8125	-9.460449E-2	-1.467896E-1	1.453247E+0	8.544922E-3
62.8281	-1.028442E-1	-1.403809E-1	1.475220E+0	8.544922E-3
62.8437	-1.043701E-1	-1.403809E-1	1.488037E+0	8.850098E-3
62.8437	-9.643555E-2	-1.431274E-1	1.511536E+0	8.544922E-3
62.8594	-9.552002E-2	-1.449585E-1	1.531677E+0	9.155273E-3
62.8594	-1.013184E-1	-1.431274E-1	1.547241E+0	8.850098E-3
62.875	-9.735107E-2	-1.443481E-1	1.570129E+0	8.239746E-3
62.8906	-1.004028E-1	-1.373291E-1	1.594849E+0	8.850098E-3
62.8906	-1.019287E-1	-1.361084E-1	1.607361E+0	9.460449E-3
62.9062	-9.796143E-2	-1.458740E-1	1.628723E+0	8.239746E-3
62.9219	-1.022339E-1	-1.507568E-1	1.654358E+0	8.850098E-3
62.9219	-9.857178E-2	-1.513672E-1	1.667175E+0	9.155273E-3
62.9375	-1.034546E-1	-1.480103E-1	1.691589E+0	8.544922E-3
62.9531	-1.022339E-1	-1.535034E-1	1.714478E+0	8.544922E-3
62.9531	-1.016235E-1	-1.446533E-1	1.726990E+0	9.765625E-3
62.9687	-9.918213E-2	-1.449585E-1	1.750793E+0	8.239746E-3
62.9844	-1.034546E-1	-1.467896E-1	1.770935E+0	8.544922E-3
62.9844	-9.674072E-2	-1.535034E-1	1.786194E+0	8.850098E-3
63.0	-1.022339E-1	-1.434326E-1	1.809692E+0	8.850098E-3
63.0156	-1.037598E-1	-1.513672E-1	1.832886E+0	8.850098E-3
63.0156	-9.857178E-2	-1.559448E-1	1.846008E+0	8.239746E-3
63.0312	-9.918213E-2	-1.550293E-1	1.871033E+0	8.544922E-3
63.0469	-9.490967E-2	-1.583862E-1	1.893616E+0	8.850098E-3
63.0469	-1.010132E-1	-1.608276E-1	1.905518E+0	9.155273E-3
63.0625	-9.582520E-2	-1.504517E-1	1.930237E+0	9.155273E-3
63.0625	-1.046753E-1	-1.516724E-1	1.943359E+0	9.155273E-3
63.0781	-1.019287E-1	-1.620483E-1	1.963806E+0	8.850098E-3
63.0937	-1.068115E-1	-1.507568E-1	1.986084E+0	9.155273E-3
63.0937	-1.025391E-1	-1.593018E-1	2.012939E+0	8.850098E-3
63.1094	-1.062012E-1	-1.556396E-1	2.025146E+0	9.460449E-3
63.125	-9.826660E-2	-1.580811E-1	2.047119E+0	8.850098E-3
63.125	-1.071167E-1	-1.568604E-1	2.072449E+0	8.544922E-3
63.1406	-1.052856E-1	-1.675415E-1	2.084961E+0	8.850098E-3
63.1562	-1.000977E-1	-1.641846E-1	2.109375E+0	8.850098E-3
63.1562	-9.887695E-2	-1.644897E-1	2.132263E+0	8.850098E-3
63.1719	-1.062012E-1	-1.599121E-1	2.144165E+0	8.850098E-3
63.1719	-1.089478E-1	-1.562500E-1	2.168579E+0	8.850098E-3
63.1875	-1.074219E-1	-1.577759E-1	2.188721E+0	7.934570E-3
63.2031	-1.098633E-1	-1.602173E-1	2.204285E+0	8.850098E-3
63.2031	-9.796143E-2	-1.669312E-1	2.225647E+0	9.155273E-3
63.2187	-1.016235E-1	-1.696777E-1	2.251892E+0	8.239746E-3
63.2344	-1.062012E-1	-1.675415E-1	2.264099E+0	8.544922E-3
63.2344	-1.126099E-1	-1.638794E-1	2.289429E+0	9.460449E-3
63.25	-1.062012E-1	-1.596069E-1	2.311401E+0	8.239746E-3
63.25	-1.052856E-1	-1.727295E-1	2.323608E+0	9.460449E-3
63.2656	-1.043701E-1	-1.712036E-1	2.346497E+0	8.239746E-3
63.2812	-1.065063E-1	-1.669312E-1	2.370300E+0	8.850098E-3
63.2812	-1.058960E-1	-1.681519E-1	2.383423E+0	8.850098E-3
63.2969	-1.098633E-1	-1.611328E-1	2.407532E+0	8.850098E-3
63.3125	-1.119995E-1	-1.690674E-1	2.425842E+0	9.155273E-3
63.3125	-1.068115E-1	-1.791382E-1	2.443237E+0	9.155273E-3
63.3281	-1.080322E-1	-1.660156E-1	2.462769E+0	8.850098E-3
63.3437	-1.071167E-1	-1.812744E-1	2.490234E+0	8.850098E-3
63.3437	-1.147461E-1	-1.736450E-1	2.503052E+0	8.850098E-3
63.3594	-1.110840E-1	-1.727295E-1	2.528076E+0	9.155273E-3
63.375	-1.123047E-1	-1.782227E-1	2.550049E+0	8.850098E-3
63.375	-1.101685E-1	-1.840210E-1	2.562256E+0	9.155273E-3
63.3906	-1.107788E-1	-1.846313E-1	2.586670E+0	8.850098E-3
63.4062	-1.150513E-1	-2.258301E-1	2.606812E+0	8.544922E-3
63.4062	-1.168823E-1	-2.212524E-1	2.621765E+0	7.934570E-3
63.4219	-1.132202E-1	-1.867676E-1	2.646484E+0	9.460449E-3
63.4219	-1.153564E-1	-1.431274E-1	2.669067E+0	8.239746E-3
63.4375	-1.245117E-1	-1.199341E-1	2.681580E+0	8.850098E-3
63.4531	-1.153564E-1	-8.300781E-2	2.703857E+0	8.850098E-3
63.4531	-1.181030E-1	-5.249023E-2	2.728882E+0	8.544922E-3
63.4687	-1.159668E-1	-2.868652E-2	2.741394E+0	8.850098E-3
63.4844	-1.190186E-1	4.577637E-3	2.763672E+0	9.155273E-3
63.4844	-1.181030E-1	4.547119E-2	2.788696E+0	8.850098E-3
63.5	-1.254272E-1	7.049561E-2	2.801514E+0	8.850098E-3
63.5156	-1.144409E-1	9.704590E-2	2.825928E+0	8.850098E-3
63.5156	-1.123047E-1	1.281738E-1	2.845459E+0	9.155273E-3
63.5312	-1.184082E-1	1.556396E-1	2.861328E+0	8.544922E-3
63.5312	-1.177979E-1	2.017212E-1	2.883301E+0	8.850098E-3
63.5469	-1.165771E-1	2.301025E-1	2.907715E+0	8.544922E-3
63.5625	-1.171875E-1	2.572632E-1	2.920532E+0	9.155273E-3
63.5625	-1.159668E-1	2.938843E-1	2.945251E+0	8.544922E-3
63.5781	-1.214600E-1	3.265381E-1	2.968140E+0	9.155273E-3
63.5937	-1.181030E-1	3.524780E-1	2.980652E+0	8.544922E-3
63.5937	-1.202393E-1	3.872681E-1	3.004456E+0	8.544922E-3
63.6094	-1.190186E-1	4.299927E-1	3.024292E+0	8.850098E-3
63.6094	-1.272583E-1	4.498291E-1	3.039246E+0	8.544922E-3
63.625	-1.223755E-1	4.855347E-1	3.062134E+0	8.850098E-3
63.6406	-1.248169E-1	5.331421E-1	3.088074E+0	8.850098E-3
63.6406	-1.208496E-1	5.532837E-1	3.099976E+0	9.155273E-3
63.6562	-1.156616E-1	5.847168E-1	3.121948E+0	8.850098E-3
63.6719	-1.211548E-1	6.329346E-1	3.146667E+0	9.155273E-3
63.6719	-1.281738E-1	6.509399E-1	3.159485E+0	8.850098E-3
63.6875	-1.269531E-1	6.967163E-1	3.184204E+0	9.155273E-3
63.7031	-1.303101E-1	7.321167E-1	3.206787E+0	8.544922E-3
63.7031	-1.205444E-1	7.388306E-1	3.218994E+0	9.155273E-3
63.7187	-1.281738E-1	7.873535E-1	3.244019E+0	8.239746E-3
63.7344	-1.318359E-1	8.267212E-1	3.267212E+0	8.544922E-3
63.7344	-1.303101E-1	8.480835E-1	3.278809E+0	9.155273E-3
63.75	-1.370239E-1	8.795166E-1	3.295593E+0	8.850098E-3
63.7656	-1.324463E-1	8.651733E-1	3.292236E+0	2.777100E-2
63.7656	-1.400757E-1	8.691406E-1	3.290100E+0	4.730225E-2
63.7812	-1.422119E-1	8.670044E-1	3.287659E+0	6.774902E-2
63.7969	-1.538086E-1	8.630371E-1	3.283997E+0	8.728027E-2
63.7969	-1.461792E-1	8.587646E-1	3.282471E+0	1.052856E-1
63.8125	-1.492310E-1	8.663940E-1	3.279724E+0	1.278687E-1
63.8125	-1.583862E-1	8.660889E-1	3.278198E+0	1.473999E-1
63.8281	-1.638794E-1	8.575439E-1	3.275757E+0	1.651001E-1
63.8437	-1.599121E-1	8.450317E-1	3.272705E+0	1.873779E-1
63.8437	-1.654053E-1	8.535767E-1	3.269653E+0	2.075195E-1
63.8594	-1.739502E-1	8.438110E-1	3.267822E+0	2.252197E-1
63.875	-1.776123E-1	8.407593E-1	3.265381E+0	2.468872E-1
63.875	-1.766968E-1	8.355713E-1	3.262329E+0	2.664185E-1
63.8906	-1.824951E-1	8.273315E-1	3.260498E+0	2.859497E-1
63.9062	-1.824951E-1	8.303833E-1	3.257446E+0	3.070068E-1
63.9062	-1.748657E-1	8.300781E-1	3.255005E+0	3.262329E-1
63.9219	-1.965332E-1	8.123779E-1	3.254089E+0	3.442383E-1
63.9219	-1.962280E-1	8.169556E-1	3.250427E+0	3.659058E-1
63.9375	-2.090454E-1	8.081055E-1	3.247681E+0	3.848267E-1
63.9531	-2.142334E-1	8.068848E-1	3.246155E+0	4.052734E-1
63.9531	-2.084351E-1	8.041382E-1	3.243408E+0	4.254150E-1
63.9687	-2.200317E-1	7.919312E-1	3.239441E+0	4.452515E-1
63.9844	-2.209473E-1	7.901001E-1	3.238831E+0	4.644775E-1
63.9844	-2.209473E-1	7.812500E-1	3.236084E+0	4.852295E-1
64.0	-2.236938E-1	7.757568E-1	3.233032E+0	5.044556E-1
64.0	-2.258301E-1	7.629395E-1	3.231201E+0	5.230713E-1
64.0156	-2.346802E-1	7.632446E-1	3.229065E+0	5.450439E-1
64.0312	-2.420044E-1	7.464600E-1	3.225708E+0	5.639648E-1
64.0312	-2.459717E-1	7.446289E-1	3.223877E+0	5.834961E-1
64.0469	-2.423096E-1	7.385254E-1	3.221130E+0	6.045532E-1
64.0625	-2.548218E-1	7.369995E-1	3.218994E+0	6.222534E-1
64.0625	-2.560425E-1	7.324219E-1	3.217468E+0	6.427002E-1
64.0781	-2.572632E-1	7.220459E-1	3.214722E+0	6.631470E-1
64.0937	-2.633667E-1	7.214355E-1	3.211975E+0	6.835937E-1
64.0937	-2.658081E-1	7.098389E-1	3.209839E+0	7.022095E-1
64.1094	-2.709961E-1	7.046509E-1	3.206482E+0	7.235718E-1
64.125	-2.709961E-1	6.900024E-1	3.203735E+0	7.418823E-1
64.125	-2.777100E-1	6.900024E-1	3.202515E+0	7.604980E-1
64.1406	-2.899170E-1	6.768799E-1	3.199463E+0	7.824707E-1
64.1562	-2.862549E-1	6.756592E-1	3.197632E+0	8.020020E-1
64.1562	-2.893066E-1	6.680298E-1	3.194580E+0	8.221436E-1
64.1719	-3.057861E-1	6.539917E-1	3.192139E+0	8.422852E-1
64.1719	-3.045654E-1	6.552124E-1	3.188782E+0	8.624268E-1
64.1875	-3.100586E-1	6.350708E-1	3.187866E+0	8.807373E-1
64.2031	-3.161621E-1	6.362915E-1	3.184814E+0	9.011841E-1
64.2031	-3.204346E-1	6.225586E-1	3.181458E+0	9.210205E-1
64.2187	-3.240967E-1	6.161499E-1	3.180237E+0	9.402466E-1
64.2344	-3.250122E-1	6.066895E-1	3.178406E+0	9.616089E-1
64.2344	-3.335571E-1	5.923462E-1	3.175049E+0	9.832764E-1
64.25	-3.369141E-1	5.798340E-1	3.173523E+0	1.000977E+0
64.2656	-3.488159E-1	5.877686E-1	3.170471E+0	1.020203E+0
64.2656	-3.509521E-1	5.706787E-1	3.168030E+0	1.039734E+0
64.2812	-3.613281E-1	5.529785E-1	3.166199E+0	1.059570E+0
64.2969	-3.625488E-1	5.404663E-1	3.163147E+0	1.080933E+0
64.2969	-3.643799E-1	5.462646E-1	3.160095E+0	1.099854E+0
64.3125	-3.799438E-1	5.371094E-1	3.158569E+0	1.119995E+0
64.3125	-3.842163E-1	5.160522E-1	3.155823E+0	1.140137E+0
64.3281	-3.845215E-1	5.114746E-1	3.152161E+0	1.159668E+0
64.3437	-3.903198E-1	4.995728E-1	3.150940E+0	1.178284E+0
64.3437	-3.961182E-1	4.830933E-1	3.148193E+0	1.199341E+0
64.3594	-4.144287E-1	4.797363E-1	3.145447E+0	1.218262E+0
64.3594	-4.043579E-1	4.666138E-1	3.144531E+0	1.238403E+0
64.375	-4.153442E-1	4.541016E-1	3.140564E+0	1.259460E+0
64.3906	-4.211426E-1	4.495239E-1	3.138428E+0	1.278687E+0
64.3906	-4.199219E-1	4.348755E-1	3.136902E+0	1.297607E+0
64.4062	-4.370117E-1	4.287720E-1	3.133850E+0	1.317749E+0
64.4219	-4.360962E-1	4.095459E-1	3.130798E+0	1.337891E+0
64.4219	-4.446411E-1	4.037476E-1	3.128662E+0	1.356201E+0
64.4375	-4.513550E-1	3.915405E-1	3.126221E+0	1.378479E+0
64.4531	-4.641724E-1	3.796387E-1	3.123474E+0	1.398621E+0
64.4531	-4.598999E-1	3.659058E-1	3.122253E+0	1.416321E+0
64.4687	-4.791260E-1	3.594971E-1	3.119507E+0	1.437378E+0
64.4844	-4.745483E-1	3.524780E-1	3.117371E+0	1.456909E+0
64.4844	-4.913330E-1	3.308105E-1	3.115540E+0	1.475830E+0
64.5	-4.962158E-1	3.213501E-1	3.111877E+0	1.497192E+0
64.5156	-5.035400E-1	3.109741E-1	3.108826E+0	1.516113E+0
64.5156	-5.154419E-1	3.005981E-1	3.107300E+0	1.535950E+0
64.5312	-5.163574E-1	2.896118E-1	3.104248E+0	1.556091E+0
64.5469	-5.221558E-1	2.743530E-1	3.101807E+0	1.575928E+0
64.5469	-5.303955E-1	2.679443E-1	3.100281E+0	1.594849E+0
64.5625	-5.429077E-1	2.517700E-1	3.097839E+0	1.616211E+0
64.5625	-5.493164E-1	2.368164E-1	3.095398E+0	1.635132E+0
64.5781	-5.624390E-1	2.310181E-1	3.093262E+0	1.654053E+0
64.5937	-5.706787E-1	2.127075E-1	3.090515E+0	1.675110E+0
64.5937	-5.795288E-1	1.980591E-1	3.087158E+0	1.694641E+0
64.6094	-5.880737E-1	1.858521E-1	3.085632E+0	1.714478E+0
64.625	-5.914307E-1	1.760864E-1	3.083191E+0	1.734009E+0
64.625	-6.027222E-1	1.513672E-1	3.080750E+0	1.754456E+0
64.6406	-6.164551E-1	1.535034E-1	3.078308E+0	1.773987E+0
64.6562	-6.201172E-1	1.333618E-1	3.075867E+0	1.795044E+0
64.6562	-6.268311E-1	1.150513E-1	3.072815E+0	1.813660E+0
64.6719	-6.457520E-1	1.046753E-1	3.071899E+0	1.832581E+0
64.6719	-6.600952E-1	9.887695E-2	3.068237E+0	1.853638E+0
64.6875	-6.616211E-1	7.690430E-2	3.066101E+0	1.872864E+0
64.7031	-6.747437E-1	6.744385E-2	3.063965E+0	1.893311E+0
64.7031	-6.838989E-1	5.249023E-2	3.060913E+0	1.913757E+0
64.7187	-6.954956E-1	4.180908E-2	3.058167E+0	1.932678E+0
64.7344	-7.119751E-1	2.502441E-2	3.056641E+0	1.951294E+0
64.7344	-7.229614E-1	1.251221E-2	3.053894E+0	1.973572E+0
64.75	-7.366943E-1	-2.441406E-3	3.050842E+0	1.991882E+0
64.75	-7.409668E-1	-1.983643E-2	3.049622E+0	2.011108E+0
64.7656	-7.632446E-1	-2.807617E-2	3.046265E+0	2.032471E+0
64.7812	-7.693481E-1	-4.547119E-2	3.043518E+0	2.051697E+0
64.7812	-7.830811E-1	-5.432129E-2	3.041992E+0	2.070007E+0
64.7969	-8.001709E-1	-6.622314E-2	3.038940E+0	2.092285E+0
64.8125	-8.093262E-1	-8.514404E-2	3.037109E+0	2.109985E+0
64.8125	-8.184814E-1	-1.010132E-1	3.034363E+0	2.131348E+0
64.8281	-8.358765E-1	-1.141357E-1	3.031921E+0	2.151184E+0
64.8437	-8.514404E-1	-1.358032E-1	3.028564E+0	2.171631E+0
64.8437	-8.587646E-1	-1.501465E-1	3.027344E+0	2.189636E+0
64.8594	-8.688354E-1	-1.593018E-1	3.023987E+0	2.210693E+0
64.875	-8.850098E-1	-1.763916E-1	3.022156E+0	2.229919E+0
64.875	-8.950806E-1	-1.858521E-1	3.020325E+0	2.249146E+0
64.8906	-9.216309E-1	-2.072144E-1	3.017273E+0	2.269897E+0
64.9062	-9.210205E-1	-2.160645E-1	3.014832E+0	2.290955E+0
64.9062	-9.371948E-1	-2.252197E-1	3.013000E+0	2.308960E+0
64.9219	-9.561157E-1	-2.444458E-1	3.011475E+0	2.330017E+0
64.9219	-9.796143E-1	-2.600098E-1	3.007507E+0	2.348022E+0
64.9375	-9.872437E-1	-2.792358E-1	3.005981E+0	2.369080E+0
64.9531	-1.002808E+0	-2.941895E-1	3.002930E+0	2.388916E+0
64.9531	-1.013184E+0	-3.063965E-1	2.999573E+0	2.408752E+0
64.9687	-1.033936E+0	-3.256226E-1	2.998352E+0	2.427063E+0
64.9844	-1.051941E+0	-3.463745E-1	2.995300E+0	2.449036E+0
64.9844	-1.062927E+0	-3.619385E-1	2.992554E+0	2.468567E+0
65.0	-1.078186E+0	-3.613281E-1	2.990417E+0	2.486267E+0
65.0156	-1.095886E+0	-3.881836E-1	2.988281E+0	2.508240E+0
65.0156	-1.121521E+0	-4.104614E-1	2.985229E+0	2.527771E+0
65.0312	-1.129150E+0	-4.190063E-1	2.984009E+0	2.546997E+0
65.0469	-1.159363E+0	-4.251099E-1	2.981262E+0	2.567749E+0
65.0469	-1.161804E+0	-4.440308E-1	2.978516E+0	2.586975E+0
65.0625	-1.183777E+0	-4.492187E-1	2.976379E+0	2.605591E+0
65.0625	-1.197815E+0	-4.696655E-1	2.973633E+0	2.626648E+0
65.0781	-1.223450E+0	-4.907227E-1	2.971191E+0	2.646790E+0
65.0937	-1.226501E+0	-5.087280E-1	2.968445E+0	2.666016E+0
65.0937	-1.256104E+0	-5.200195E-1	2.966614E+0	2.686768E+0
65.1094	-1.265564E+0	-5.352783E-1	2.964478E+0	2.706299E+0
65.1094	-1.291809E+0	-5.474854E-1	2.961731E+0	2.726135E+0
65.125	-1.301270E+0	-5.630493E-1	2.959900E+0	2.745667E+0
65.1406	-1.319275E+0	-5.737305E-1	2.955933E+0	2.765198E+0
65.1406	-1.339111E+0	-5.865479E-1	2.954407E+0	2.785339E+0
65.1562	-1.362915E+0	-5.953979E-1	2.952271E+0	2.806396E+0
65.1719	-1.370544E+0	-6.185913E-1	2.948608E+0	2.825317E+0
65.1719	-1.383667E+0	-6.246948E-1	2.946777E+0	2.844849E+0
65.1875	-1.398010E+0	-6.341553E-1	2.944641E+0	2.865906E+0
65.2031	-1.399841E+0	-6.475830E-1	2.941895E+0	2.883911E+0
65.2031	-1.421814E+0	-6.546021E-1	2.939758E+0	2.902832E+0
65.2187	-1.420593E+0	-6.546021E-1	2.937012E+0	2.925110E+0
65.2344	-1.103821E+0	-4.348755E-1	2.935181E+0	2.944641E+0
65.2344	-1.110535E+0	-4.510498E-1	2.933350E+0	2.963867E+0
65.25	-1.137085E+0	-4.669189E-1	2.929687E+0	2.984314E+0
65.2656	-1.146240E+0	-4.794312E-1	2.926941E+0	3.003235E+0
65.2656	-1.172180E+0	-4.962158E-1	2.926331E+0	3.021851E+0
65.2812	-1.185913E+0	-5.102539E-1	2.922058E+0	3.042908E+0
65.2969	-1.213989E+0	-5.282593E-1	2.919617E+0	3.062744E+0
65.2969	-1.225281E+0	-5.383301E-1	2.918396E+0	3.081360E+0
65.3125	-1.245117E+0	-5.688477E-1	2.915649E+0	3.103638E+0
65.3125	-1.272583E+0	-5.740356E-1	2.912598E+0	3.124084E+0
65.3281	-1.282654E+0	-5.804443E-1	2.910767E+0	3.140259E+0
65.3437	-1.302185E+0	-5.975342E-1	2.908325E+0	3.162537E+0
65.3437	-1.316528E+0	-6.143188E-1	2.905273E+0	3.182068E+0
65.3594	-1.331177E+0	-6.198120E-1	2.904358E+0	3.200684E+0
65.375	-1.336365E+0	-6.332397E-1	2.900696E+0	3.222351E+0
65.375	-1.347656E+0	-6.347656E-1	2.898254E+0	3.242493E+0
65.3906	-1.312256E+0	-6.072998E-1	2.896423E+0	3.261108E+0
65.4062	-9.991455E-1	-3.897095E-1	2.893372E+0	3.281555E+0
65.4062	-1.017456E+0	-3.991699E-1	2.890930E+0	3.300781E+0
65.4219	-1.033020E+0	-4.260254E-1	2.888794E+0	3.319397E+0
65.4219	-1.049194E+0	-4.360962E-1	2.886658E+0	3.341064E+0
65.4375	-1.065063E+0	-4.486084E-1	2.884216E+0	3.360596E+0
65.4531	-1.075439E+0	-4.708862E-1	2.882080E+0	3.379822E+0
65.4531	-1.098633E+0	-4.785156E-1	2.879333E+0	3.400574E+0
65.4687	-1.111755E+0	-5.017090E-1	2.876282E+0	3.419800E+0
65.4844	-1.132812E+0	-5.181885E-1	2.874756E+0	3.438110E+0
65.4844	-1.154785E+0	-5.255127E-1	2.871704E+0	3.459473E+0
65.5	-1.167908E+0	-5.407715E-1	2.868958E+0	3.479614E+0
65.5	-1.184082E+0	-5.569458E-1	2.868042E+0	3.498230E+0
65.5156	-1.211243E+0	-5.682373E-1	2.865295E+0	3.520508E+0
65.5312	-1.224365E+0	-5.773926E-1	2.861938E+0	3.538513E+0
65.5312	-1.238403E+0	-5.993652E-1	2.860718E+0	3.556824E+0
65.5469	-1.250916E+0	-6.182861E-1	2.857056E+0	3.578491E+0
65.5625	-1.278381E+0	-6.317139E-1	2.854919E+0	3.597412E+0
65.5625	-1.296387E+0	-6.451416E-1	2.852478E+0	3.618164E+0
65.5781	-1.308594E+0	-6.506348E-1	2.850647E+0	3.638611E+0
65.5937	-1.324463E+0	-6.616211E-1	2.848206E+0	3.658447E+0
65.5937	-1.332092E+0	-6.607056E-1	2.845764E+0	3.675537E+0
65.6094	-9.286499E-1	-3.817749E-1	2.841492E+0	3.697815E+0
65.625	-9.576416E-1	-4.168701E-1	2.839966E+0	3.717041E+0
65.625	-9.747314E-1	-4.238892E-1	2.838440E+0	3.735657E+0
65.6406	-9.887695E-1	-4.437256E-1	2.835083E+0	3.758240E+0
65.6562	-1.003418E+0	-4.586792E-1	2.832642E+0	3.775940E+0
65.6562	-1.029053E+0	-4.699707E-1	2.830200E+0	3.796387E+0
65.6719	-1.049805E+0	-4.785156E-1	2.828064E+0	3.816223E+0
65.6719	-1.066895E+0	-4.940796E-1	2.825928E+0	3.835754E+0
65.6875	-1.078186E+0	-5.194092E-1	2.823486E+0	3.854980E+0
65.7031	-1.094666E+0	-5.184937E-1	2.821045E+0	3.876038E+0
65.7031	-1.111755E+0	-5.377197E-1	2.817993E+0	3.895874E+0
65.7187	-1.126404E+0	-5.566406E-1	2.816162E+0	3.914795E+0
65.7344	-1.147461E+0	-5.786133E-1	2.814026E+0	3.934937E+0
65.7344	-1.168823E+0	-5.804443E-1	2.811279E+0	3.953857E+0
65.75	-1.179810E+0	-5.892944E-1	2.809448E+0	3.973694E+0
65.7656	-1.188660E+0	-6.011963E-1	2.806396E+0	3.994751E+0
65.7656	-1.207581E+0	-6.207275E-1	2.803955E+0	4.013977E+0
65.7812	-1.226501E+0	-6.347656E-1	2.801514E+0	4.033508E+0
65.7812	-1.239929E+0	-6.506348E-1	2.799072E+0	4.054871E+0
65.7969	-1.260376E+0	-6.500244E-1	2.796326E+0	4.073486E+0
65.8125	-1.272278E+0	-6.674194E-1	2.794800E+0	4.091492E+0
65.8125	-1.241455E+0	-6.393433E-1	2.791748E+0	4.113770E+0
65.8281	-9.140015E-1	-4.177856E-1	2.789917E+0	4.131470E+0
65.8437	-9.368896E-1	-4.269409E-1	2.787476E+0	4.152222E+0
65.8437	-9.448242E-1	-4.373169E-1	2.784424E+0	4.173889E+0
65.8594	-9.597778E-1	-4.571533E-1	2.782288E+0	4.192810E+0
65.8594	-9.756470E-1	-4.696655E-1	2.779846E+0	4.211731E+0
65.875	-9.951782E-1	-4.791260E-1	2.777100E+0	4.231567E+0
65.8906	-1.014404E+0	-5.035400E-1	2.774353E+0	4.251404E+0
65.8906	-1.029968E+0	-5.050659E-1	2.772217E+0	4.270935E+0
65.9062	-1.043091E+0	-5.227661E-1	2.770691E+0	4.291382E+0
65.9219	-1.060181E+0	-5.477905E-1	2.767029E+0	4.311218E+0
65.9219	-1.072693E+0	-5.529785E-1	2.765503E+0	4.329529E+0
65.9375	-1.094360E+0	-5.685425E-1	2.763367E+0	4.350891E+0
65.9531	-1.111450E+0	-5.819702E-1	2.759399E+0	4.370117E+0
65.9531	-1.123047E+0	-6.057739E-1	2.758179E+0	4.389343E+0
65.9687	-1.141663E+0	-6.082153E-1	2.755127E+0	4.410400E+0
65.9844	-1.158142E+0	-6.320190E-1	2.752075E+0	4.429321E+0
65.9844	-1.182251E+0	-6.378174E-1	2.750854E+0	4.448853E+0
66.0	-1.190491E+0	-6.481934E-1	2.748108E+0	4.469299E+0
66.0156	-1.205750E+0	-6.579590E-1	2.745361E+0	4.488220E+0
66.0156	-1.220398E+0	-6.686401E-1	2.743530E+0	4.507751E+0
66.0312	-1.239929E+0	-6.838989E-1	2.740784E+0	4.529114E+0
66.0469	-1.216736E+0	-6.634521E-1	2.738342E+0	4.548645E+0
66.0469	-8.642578E-1	-4.006958E-1	2.735901E+0	4.566650E+0
66.0625	-8.749390E-1	-4.180908E-1	2.733154E+0	4.588623E+0
66.0781	-8.959961E-1	-4.391479E-1	2.731628E+0	4.608154E+0
66.0781	-9.027100E-1	-4.443359E-1	2.729492E+0	4.624634E+0
66.0937	-9.240723E-1	-4.721069E-1	2.727051E+0	4.647522E+0
66.0937	-9.356689E-1	-4.818726E-1	2.723999E+0	4.669495E+0
66.1094	-9.533691E-1	-4.922485E-1	2.721558E+0	4.686890E+0
66.125	-9.722900E-1	-5.047607E-1	2.718506E+0	4.707031E+0
66.125	-9.829712E-1	-5.242920E-1	2.716064E+0	4.726257E+0
66.1406	-9.991455E-1	-5.261230E-1	2.714233E+0	4.744263E+0
66.1562	-1.011353E+0	-5.499268E-1	2.712097E+0	4.766235E+0
66.1562	-1.031189E+0	-5.410767E-1	2.708740E+0	4.784851E+0
66.1719	-1.037598E+0	-5.718994E-1	2.706909E+0	4.803772E+0
66.1719	-1.054687E+0	-5.783081E-1	2.704468E+0	4.825745E+0
66.1875	-1.069031E+0	-5.926514E-1	2.701721E+0	4.844971E+0
66.2031	-1.082458E+0	-5.947876E-1	2.700500E+0	4.863892E+0
66.2031	-1.091003E+0	-6.085205E-1	2.697144E+0	4.884644E+0
66.2187	-1.100769E+0	-6.008911E-1	2.694092E+0	4.903564E+0
66.2344	-1.090698E+0	-6.072998E-1	2.693176E+0	4.922485E+0
66.2344	-8.255005E-1	-4.135132E-1	2.690125E+0	4.944458E+0
66.25	-8.398437E-1	-4.266357E-1	2.686768E+0	4.963379E+0
66.25	-8.468628E-1	-4.376221E-1	2.685547E+0	4.981689E+0
66.2656	-8.654785E-1	-4.376221E-1	2.682190E+0	5.002747E+0
66.2812	-8.792114E-1	-4.568481E-1	2.679138E+0	5.022583E+0
66.2812	-8.831787E-1	-4.699707E-1	2.678223E+0	5.040588E+0
66.2969	-9.066772E-1	-4.830933E-1	2.674866E+0	5.062256E+0
66.3125	-9.136963E-1	-4.940796E-1	2.673035E+0	5.080566E+0
66.3125	-9.295654E-1	-5.169678E-1	2.671814E+0	5.101929E+0
66.3281	-9.402466E-1	-5.245972E-1	2.668152E+0	5.122070E+0
66.3437	-9.512329E-1	-5.355835E-1	2.665710E+0	5.140991E+0
66.3437	-9.667969E-1	-5.334473E-1	2.663269E+0	5.158997E+0
66.3594	-9.814453E-1	-5.520630E-1	2.660828E+0	5.180664E+0
66.375	-1.005249E+0	-5.618286E-1	2.657471E+0	5.199890E+0
66.375	-1.005859E+0	-5.654907E-1	2.656555E+0	5.218506E+0
66.3906	-1.026611E+0	-5.786133E-1	2.653198E+0	5.240784E+0
66.4062	-1.022339E+0	-5.834961E-1	2.651367E+0	5.258179E+0
66.4062	-9.399414E-1	-5.187988E-1	2.649536E+0	5.277405E+0
66.4219	-8.190918E-1	-4.360962E-1	2.645874E+0	5.299377E+0
66.4219	-8.273315E-1	-4.544067E-1	2.643738E+0	5.319214E+0
66.4375	-8.392334E-1	-4.516602E-1	2.641907E+0	5.337524E+0
66.4531	-8.566284E-1	-4.681396E-1	2.639465E+0	5.358582E+0
66.4531	-8.599854E-1	-4.748535E-1	2.635193E+0	5.378418E+0
66.4687	-8.712769E-1	-4.876709E-1	2.634277E+0	5.395508E+0
66.4844	-8.898926E-1	-4.977417E-1	2.632141E+0	5.417480E+0
66.4844	-8.999634E-1	-5.157471E-1	2.629089E+0	5.437317E+0
66.5	-9.133911E-1	-5.291748E-1	2.627869E+0	5.455017E+0
66.5156	-9.225464E-1	-5.270386E-1	2.624207E+0	5.476990E+0
66.5156	-9.429932E-1	-5.374146E-1	2.621765E+0	5.496216E+0
66.5312	-9.393311E-1	-5.575562E-1	2.619934E+0	5.515747E+0
66.5469	-9.545898E-1	-5.502319E-1	2.617493E+0	5.535889E+0
66.5469	-9.518433E-1	-5.426025E-1	2.614441E+0	5.554504E+0
66.5625	-9.252930E-1	-5.358887E-1	2.613220E+0	5.573120E+0
66.5625	-1.089478E-1	-1.815796E-1	2.609863E+0	5.595093E+0
66.5781	-1.089478E-1	-1.806641E-1	2.607422E+0	5.614624E+0
66.5937	-1.168823E-1	-1.785278E-1	2.605286E+0	5.633545E+0
66.5937	-1.126099E-1	-1.815796E-1	2.602539E+0	5.654907E+0
66.6094	-1.092529E-1	-1.782227E-1	2.600403E+0	5.672607E+0
66.6094	-1.138306E-1	-1.739502E-1	2.597961E+0	5.692139E+0
66.625	-1.141357E-1	-1.736450E-1	2.595215E+0	5.713196E+0
66.6406	-1.104736E-1	-1.840210E-1	2.593079E+0	5.732727E+0
66.6406	-1.065063E-1	-1.809692E-1	2.590942E+0	5.751038E+0
66.6562	-1.159668E-1	-1.635742E-1	2.588806E+0	5.773315E+0
66.6719	-1.092529E-1	-1.763916E-1	2.585144E+0	5.791321E+0
66.6719	-1.147461E-1	-1.757812E-1	2.583618E+0	5.809937E+0
66.6875	-1.101685E-1	-1.730347E-1	2.579956E+0	5.831909E+0
66.7031	-1.119995E-1	-1.812744E-1	2.578125E+0	5.850830E+0
66.7031	-1.141357E-1	-1.785278E-1	2.577515E+0	5.869141E+0
66.7187	-1.080322E-1	-1.712036E-1	2.573853E+0	5.891418E+0
66.7344	-1.126099E-1	-1.760864E-1	2.570801E+0	5.911255E+0
66.7344	-1.129150E-1	-1.742554E-1	2.569580E+0	5.928345E+0
66.75	-1.150513E-1	-1.785278E-1	2.566528E+0	5.949402E+0
66.7656	-1.132202E-1	-1.843262E-1	2.563477E+0	5.968628E+0
66.7656	-1.208496E-1	-1.724243E-1	2.562561E+0	5.987549E+0
66.7812	-1.077271E-1	-1.800537E-1	2.559509E+0	6.008911E+0
66.7812	-1.126099E-1	-1.782227E-1	2.556458E+0	6.027527E+0
66.7969	-1.110840E-1	-1.806641E-1	2.555542E+0	6.048584E+0
66.8125	-1.101685E-1	-1.742554E-1	2.551880E+0	6.066895E+0
66.8281	-1.156616E-1	-1.824951E-1	2.549133E+0	6.087036E+0
66.8281	-1.135254E-1	-1.745605E-1	2.546997E+0	6.105347E+0
66.8437	-1.181030E-1	-1.681519E-1	2.545166E+0	6.126099E+0
66.8437	-1.110840E-1	-1.754761E-1	2.541809E+0	6.146851E+0
66.8594	-1.181030E-1	-1.693726E-1	2.539978E+0	6.166382E+0
66.8594	-1.113892E-1	-1.794434E-1	2.537842E+0	6.184692E+0
66.875	-1.150513E-1	-1.733398E-1	2.535095E+0	6.206055E+0
66.8906	-1.107788E-1	-1.760864E-1	2.532654E+0	6.224670E+0
66.8906	-1.141357E-1	-1.705933E-1	2.529907E+0	6.244507E+0
66.9062	-1.116943E-1	-1.803589E-1	2.527466E+0	6.264648E+0
66.9219	-1.068115E-1	-1.751709E-1	2.524109E+0	6.284180E+0
66.9219	-1.089478E-1	-1.745605E-1	2.523193E+0	6.302185E+0
66.9375	-1.135254E-1	-1.785278E-1	2.520142E+0	6.323853E+0
66.9531	-1.101685E-1	-1.782227E-1	2.517395E+0	6.342468E+0
66.9531	-1.110840E-1	-1.721191E-1	2.516174E+0	6.361389E+0
66.9687	-1.077271E-1	-1.776123E-1	2.512512E+0	6.383362E+0
66.9844	-1.132202E-1	-1.757812E-1	2.510681E+0	6.402283E+0
66.9844	-1.126099E-1	-1.712036E-1	2.507629E+0	6.421509E+0
67.0	-1.129150E-1	-1.754761E-1	2.505798E+0	6.442566E+0
67.0156	-1.080322E-1	-1.791382E-1	2.503052E+0	6.461487E+0
67.0156	-1.119995E-1	-1.724243E-1	2.500916E+0	6.479492E+0
67.0312	-1.153564E-1	-1.821899E-1	2.498779E+0	6.501160E+0
67.0469	-1.089478E-1	-1.806641E-1	2.495728E+0	6.519775E+0
67.0469	-1.116943E-1	-1.821899E-1	2.494202E+0	6.538391E+0
67.0625	-1.205444E-1	-1.681519E-1	2.491150E+0	6.560669E+0
67.0781	-1.098633E-1	-1.708984E-1	2.489014E+0	6.579895E+0
67.0781	-1.110840E-1	-1.708984E-1	2.486572E+0	6.597595E+0
67.0937	-1.104736E-1	-1.760864E-1	2.484436E+0	6.618042E+0
67.0937	-1.095581E-1	-1.699829E-1	2.480774E+0	6.638794E+0
67.1094	-1.095581E-1	-1.742554E-1	2.478943E+0	6.658020E+0
67.1094	-1.123047E-1	-1.739502E-1	2.477112E+0	6.677246E+0
67.125	-1.049805E-1	-1.730347E-1	2.474365E+0	6.697998E+0
67.1406	-1.165771E-1	-1.757812E-1	2.471313E+0	6.717224E+0
67.1406	-1.098633E-1	-1.666260E-1	2.469177E+0	6.735535E+0
67.1562	-1.052856E-1	-1.739502E-1	2.467346E+0	6.756592E+0
67.1719	-1.119995E-1	-1.800537E-1	2.463989E+0	6.776123E+0
67.1719	-1.123047E-1	-1.770020E-1	2.462463E+0	6.793823E+0
67.1875	-1.107788E-1	-1.791382E-1	2.459717E+0	6.816101E+0
67.2031	-1.116943E-1	-1.730347E-1	2.457581E+0	6.835327E+0
67.2031	-1.098633E-1	-1.721191E-1	2.455750E+0	6.853333E+0
67.2187	-1.144409E-1	-1.770020E-1	2.452698E+0	6.875000E+0
67.2344	-1.138306E-1	-1.690674E-1	2.450256E+0	6.893921E+0
67.2344	-1.083374E-1	-1.779175E-1	2.447815E+0	6.913147E+0
67.25	-1.080322E-1	-1.696777E-1	2.444458E+0	6.933899E+0
67.2656	-1.123047E-1	-1.776123E-1	2.442017E+0	6.954956E+0
67.2656	-1.083374E-1	-1.718140E-1	2.440491E+0	6.972656E+0
67.2812	-1.150513E-1	-1.779175E-1	2.437744E+0	6.992493E+0
67.2969	-1.138306E-1	-1.785278E-1	2.434998E+0	7.012024E+0
67.2969	-1.055908E-1	-1.739502E-1	2.433472E+0	7.030945E+0
67.3125	-1.138306E-1	-1.733398E-1	2.430420E+0	7.052002E+0
67.3281	-1.089478E-1	-1.730347E-1	2.427979E+0	7.071228E+0
67.3281	-1.098633E-1	-1.754761E-1	2.425232E+0	7.089539E+0
67.3437	-1.107788E-1	-1.718140E-1	2.423401E+0	7.108459E+0
67.3437	-1.138306E-1	-1.776123E-1	2.421875E+0	7.129822E+0
67.3594	-1.116943E-1	-1.608276E-1	2.418213E+0	7.149353E+0
67.3594	-1.089478E-1	-1.766968E-1	2.416077E+0	7.167969E+0
67.375	-1.113892E-1	-1.730347E-1	2.413330E+0	7.189026E+0
67.3906	-1.049805E-1	-1.696777E-1	2.410583E+0	7.208557E+0
67.3906	-1.098633E-1	-1.721191E-1	2.409058E+0	7.227783E+0
67.4062	-1.101685E-1	-1.678467E-1	2.406921E+0	7.247925E+0
67.4219	-1.162720E-1	-1.748657E-1	2.402954E+0	7.267151E+0
67.4219	-1.110840E-1	-1.739502E-1	2.401733E+0	7.285461E+0
67.4375	-1.144409E-1	-1.681519E-1	2.399597E+0	7.307739E+0
67.4531	-1.071167E-1	-1.696777E-1	2.396240E+0	7.326660E+0
67.4531	-1.098633E-1	-1.687622E-1	2.394409E+0	7.344360E+0
67.4687	-1.132202E-1	-1.785278E-1	2.391357E+0	7.366943E+0
67.4844	-1.068115E-1	-1.739502E-1	2.389221E+0	7.384644E+0
67.4844	-1.116943E-1	-1.748657E-1	2.387390E+0	7.403564E+0
67.5	-1.104736E-1	-1.748657E-1	2.384338E+0	7.424316E+0
67.5156	-1.074219E-1	-1.751709E-1	2.381897E+0	7.443237E+0
67.5156	-1.123047E-1	-1.733398E-1	2.379761E+0	7.463379E+0
67.5312	-1.019287E-1	-1.715088E-1	2.377625E+0	7.484436E+0
67.5469	-1.080322E-1	-1.705933E-1	2.374268E+0	7.501831E+0
67.5469	-1.156616E-1	-1.657104E-1	2.373047E+0	7.520447E+0
67.5625	-1.101685E-1	-1.690674E-1	2.369385E+0	7.542114E+0
67.5781	-1.153564E-1	-1.733398E-1	2.366943E+0	7.562256E+0
67.5781	-1.116943E-1	-1.699829E-1	2.364807E+0	7.580261E+0
67.5937	-1.132202E-1	-1.657104E-1	2.362976E+0	7.601013E+0
67.5937	-1.119995E-1	-1.724243E-1	2.360840E+0	7.621460E+0
67.6094	-1.077271E-1	-1.669312E-1	2.357788E+0	7.639771E+0
67.6094	-1.080322E-1	-1.687622E-1	2.356262E+0	7.658691E+0
67.625	-1.071167E-1	-1.641846E-1	2.353210E+0	7.680359E+0
67.6406	-1.092529E-1	-1.715088E-1	2.350159E+0	7.699280E+0
67.6406	-1.101685E-1	-1.684570E-1	2.348022E+0	7.718506E+0
67.6562	-1.116943E-1	-1.693726E-1	2.345886E+0	7.739563E+0
67.6719	-1.168823E-1	-1.766968E-1	2.342834E+0	7.760315E+0
67.6719	-1.080322E-1	-1.660156E-1	2.341309E+0	7.776184E+0
67.6875	-1.074219E-1	-1.708984E-1	2.337952E+0	7.797852E+0
67.7031	-1.086426E-1	-1.712036E-1	2.335510E+0	7.816772E+0
67.7031	-1.123047E-1	-1.669312E-1	2.334290E+0	7.835693E+0
67.7187	-1.132202E-1	-1.641846E-1	2.330933E+0	7.857056E+0
67.7344	-1.119995E-1	-1.797485E-1	2.327576E+0	7.877197E+0
67.7344	-1.074219E-1	-1.681519E-1	2.326050E+0	7.895813E+0
67.75	-1.089478E-1	-1.678467E-1	2.285767E+0	7.915344E+0
67.7656	-1.062012E-1	-1.617432E-1	2.168884E+0	7.915039E+0
67.7656	-1.144409E-1	-1.666260E-1	2.109375E+0	7.915344E+0
67.7812	-1.046753E-1	-1.541138E-1	1.979370E+0	7.915344E+0
67.7969	-1.031494E-1	-1.571655E-1	1.868591E+0	7.915649E+0
67.7969	-1.086426E-1	-1.473999E-1	1.806641E+0	7.914429E+0
67.8125	-1.068115E-1	-1.510620E-1	1.682434E+0	7.914734E+0
67.8281	-9.796143E-2	-1.538086E-1	1.572876E+0	7.914734E+0
67.8281	-1.004028E-1	-1.498413E-1	1.478882E+0	7.914124E+0
67.8437	-1.058960E-1	-1.467896E-1	1.402283E+0	7.913818E+0
67.8437	-1.040649E-1	-1.364136E-1	1.293945E+0	7.914734E+0
67.8594	-9.887695E-2	-1.437378E-1	1.176453E+0	7.914734E+0
67.8594	-1.004028E-1	-1.300049E-1	1.101379E+0	7.914124E+0
67.875	-8.972168E-2	-1.440430E-1	9.783936E-1	7.914124E+0
67.8906	-9.429932E-2	-1.312256E-1	8.615112E-1	7.914429E+0
67.8906	-9.521484E-2	-1.388550E-1	8.004761E-1	7.914429E+0
67.9062	-9.460449E-2	-1.358032E-1	6.900024E-1	7.914734E+0
67.9219	-9.155273E-2	-1.321411E-1	5.590820E-1	7.913818E+0
67.9219	-9.918213E-2	-1.354980E-1	4.983521E-1	7.914429E+0
67.9375	-9.216309E-2	-1.260376E-1	3.753662E-1	7.914734E+0
67.9531	-9.796143E-2	-1.220703E-1	2.722168E-1	7.914124E+0
67.9531	-9.460449E-2	-1.242065E-1	2.050781E-1	7.913818E+0
67.9687	-8.422852E-2	-1.251221E-1	8.392334E-2	7.913818E+0
67.9844	-9.338379E-2	-1.199341E-1	1.037598E-2	7.913818E+0
67.9844	-9.552002E-2	-1.199341E-1	5.798340E-3	7.826233E+0
68.0	-9.704590E-2	-1.217651E-1	7.934570E-3	7.720032E+0
68.0156	-9.826660E-2	-1.168823E-1	9.155273E-3	7.623596E+0
68.0156	-9.521484E-2	-1.199341E-1	9.155273E-3	7.526550E+0
68.0312	-9.307861E-2	-1.235962E-1	9.765625E-3	7.419739E+0
68.0469	-9.216309E-2	-1.187134E-1	9.460449E-3	7.322083E+0
68.0469	-9.063721E-2	-1.235962E-1	9.155273E-3	7.227173E+0
68.0625	-9.155273E-2	-1.141357E-1	1.007080E-2	7.119751E+0
68.0781	-9.063721E-2	-1.266479E-1	1.007080E-2	7.020874E+0
68.0781	-9.277344E-2	-1.223755E-1	1.037598E-2	6.927185E+0
68.0937	-9.185791E-2	-1.217651E-1	9.765625E-3	6.824341E+0
68.0937	-9.460449E-2	-1.220703E-1	1.007080E-2	6.720886E+0
68.1094	-8.941650E-2	-1.202393E-1	1.068115E-2	6.622009E+0
68.1094	-9.338379E-2	-1.211548E-1	1.068115E-2	6.525879E+0
68.125	-9.399414E-2	-1.251221E-1	1.098633E-2	6.421509E+0
68.1406	-9.246826E-2	-1.214600E-1	9.765625E-3	6.322632E+0
68.1406	-9.124756E-2	-1.187134E-1	1.007080E-2	6.224365E+0
68.1562	-9.582520E-2	-1.153564E-1	1.037598E-2	6.121216E+0
68.1719	-1.004028E-1	-1.168823E-1	1.007080E-2	6.021729E+0
68.1719	-8.575439E-2	-1.293945E-1	1.037598E-2	5.928040E+0
68.1875	-9.887695E-2	-1.214600E-1	1.068115E-2	5.820923E+0
68.2031	-9.704590E-2	-1.177979E-1	1.068115E-2	5.722961E+0
68.2031	-8.758545E-2	-1.208496E-1	1.007080E-2	5.627441E+0
68.2187	-9.765625E-2	-1.150513E-1	1.068115E-2	5.520630E+0
68.2344	-9.216309E-2	-1.211548E-1	1.068115E-2	5.422974E+0
68.2344	-8.819580E-2	-1.205444E-1	1.037598E-2	5.324097E+0
68.25	-9.094238E-2	-1.275635E-1	1.068115E-2	5.222168E+0
68.2656	-8.972168E-2	-1.187134E-1	1.037598E-2	5.123291E+0
68.2656	-9.033203E-2	-1.272583E-1	1.007080E-2	5.023499E+0
68.2812	-8.666992E-2	-1.187134E-1	1.098633E-2	4.920349E+0
68.2969	-9.338379E-2	-1.132202E-1	1.037598E-2	4.822998E+0
68.2969	-9.033203E-2	-1.144409E-1	9.765625E-3	4.725037E+0
68.3125	-8.331299E-2	-1.232910E-1	1.007080E-2	4.620361E+0
68.3281	-9.490967E-2	-1.205444E-1	1.068115E-2	4.520569E+0
68.3281	-9.216309E-2	-1.287842E-1	1.007080E-2	4.421387E+0
68.3437	-8.697510E-2	-1.223755E-1	1.037598E-2	4.324341E+0
68.3437	-9.185791E-2	-1.193237E-1	1.068115E-2	4.219055E+0
68.3594	-9.643555E-2	-1.202393E-1	1.068115E-2	4.121094E+0
68.3594	-9.887695E-2	-1.235962E-1	1.068115E-2	4.021301E+0
68.375	-8.789062E-2	-1.208496E-1	1.068115E-2	3.918457E+0
68.3906	-9.338379E-2	-1.245117E-1	1.037598E-2	3.819275E+0
68.3906	-8.972168E-2	-1.174927E-1	1.068115E-2	3.719482E+0
68.4062	-8.758545E-2	-1.174927E-1	1.068115E-2	3.616943E+0
68.4219	-9.063721E-2	-1.208496E-1	1.068115E-2	3.518066E+0
68.4219	-9.307861E-2	-1.135254E-1	1.068115E-2	3.421936E+0
68.4375	-8.697510E-2	-1.199341E-1	1.068115E-2	3.315735E+0
68.4531	-9.124756E-2	-1.214600E-1	1.068115E-2	3.216858E+0
68.4531	-8.819580E-2	-1.162720E-1	1.007080E-2	3.120117E+0
68.4687	-9.094238E-2	-1.235962E-1	1.037598E-2	3.013916E+0
68.4844	-8.361816E-2	-1.110840E-1	1.068115E-2	2.915955E+0
68.4844	-9.002686E-2	-1.174927E-1	9.460449E-3	2.815552E+0
68.5	-9.216309E-2	-1.199341E-1	1.068115E-2	2.713318E+0
68.5156	-9.307861E-2	-1.126099E-1	1.068115E-2	2.612305E+0
68.5156	-8.361816E-2	-1.187134E-1	9.460449E-3	2.514038E+0
68.5312	-8.758545E-2	-1.177979E-1	1.068115E-2	2.411804E+0
68.5469	-8.666992E-2	-1.159668E-1	1.037598E-2	2.312927E+0
68.5469	-9.277344E-2	-1.208496E-1	9.765625E-3	2.215271E+0
68.5625	-8.575439E-2	-1.284790E-1	1.037598E-2	2.111206E+0
68.5625	-8.666992E-2	-1.153564E-1	1.037598E-2	2.010193E+0
68.5781	-8.850098E-2	-1.058960E-1	9.765625E-3	1.919556E+0
68.5937	-8.880615E-2	-1.104736E-1	1.068115E-2	1.808777E+0
68.5937	-9.307861E-2	-1.123047E-1	1.068115E-2	1.709595E+0
68.6094	-8.666992E-2	-1.129150E-1	1.098633E-2	1.611938E+0
68.625	-9.094238E-2	-1.150513E-1	1.129150E-2	1.508179E+0
68.625	-9.216309E-2	-1.101685E-1	1.129150E-2	1.407776E+0
68.6406	-8.666992E-2	-1.190186E-1	1.129150E-2	1.311951E+0
68.6562	-9.246826E-2	-1.101685E-1	1.129150E-2	1.205139E+0
68.6562	-8.392334E-2	-1.132202E-1	1.159668E-2	1.108093E+0
68.6719	-9.063721E-2	-1.098633E-1	1.098633E-2	1.009521E+0
68.6719	-9.124756E-2	-1.113892E-1	1.159668E-2	9.054565E-1
68.6875	-9.338379E-2	-1.083374E-1	1.159668E-2	8.062744E-1
68.7031	-9.124756E-2	-1.077271E-1	1.129150E-2	7.073975E-1
68.7031	-9.277344E-2	-1.132202E-1	1.068115E-2	6.039429E-1
68.7187	-8.697510E-2	-1.156616E-1	1.098633E-2	5.044556E-1
68.7344	-9.094238E-2	-1.068115E-1	1.037598E-2	4.052734E-1
68.7344	-8.209229E-2	-1.126099E-1	1.037598E-2	3.033447E-1
68.75	-8.941650E-2	-1.083374E-1	1.068115E-2	2.026367E-1
68.75	-8.789062E-2	-1.129150E-1	1.098633E-2	1.065063E-1
68.7656	-9.063721E-2	-1.052856E-1	1.098633E-2	1.831055E-3
68.7812	-9.002686E-2	-1.065063E-1	1.129150E-2	5.187988E-3
68.7812	-8.087158E-2	-1.104736E-1	1.098633E-2	6.103516E-3
68.7969	-9.002686E-2	-1.177979E-1	1.190186E-2	7.019043E-3
68.8125	-9.582520E-2	-1.119995E-1	1.190186E-2	6.408691E-3
68.8125	-8.789062E-2	-1.086426E-1	1.159668E-2	7.629395E-3
68.8281	-8.544922E-2	-1.129150E-1	1.220703E-2	7.934570E-3
68.8437	-8.789062E-2	-1.068115E-1	1.129150E-2	8.239746E-3
68.8437	-9.185791E-2	-1.068115E-1	1.159668E-2	8.239746E-3
68.8594	-8.911133E-2	-1.113892E-1	1.159668E-2	8.239746E-3
68.875	-8.697510E-2	-1.144409E-1	1.129150E-2	8.850098E-3
68.875	-8.819580E-2	-1.126099E-1	1.159668E-2	7.934570E-3
68.8906	-8.758545E-2	-1.077271E-1	1.159668E-2	7.934570E-3
68.9062	-8.941650E-2	-1.153564E-1	1.159668E-2	8.544922E-3
68.9062	-8.941650E-2	-1.107788E-1	1.129150E-2	8.239746E-3
68.9219	-9.185791E-2	-1.049805E-1	1.190186E-2	8.850098E-3
68.9219	-9.368896E-2	-1.055908E-1	1.190186E-2	8.544922E-3
68.9375	-8.361816E-2	-1.193237E-1	1.129150E-2	9.155273E-3
68.9531	-8.483887E-2	-1.074219E-1	1.159668E-2	8.544922E-3
68.9531	-8.056641E-2	-1.080322E-1	1.220703E-2	8.850098E-3
68.9687	-8.117676E-2	-1.147461E-1	1.159668E-2	8.239746E-3
68.9844	-8.758545E-2	-1.058960E-1	1.220703E-2	8.544922E-3
68.9844	-8.789062E-2	-1.129150E-1	1.159668E-2	7.934570E-3
69.0	-8.575439E-2	-1.177979E-1	1.159668E-2	7.934570E-3
69.0156	-8.941650E-2	-1.077271E-1	1.159668E-2	7.629395E-3
69.0156	-8.911133E-2	-1.104736E-1	1.159668E-2	8.544922E-3
69.0312	-7.934570E-2	-1.229858E-1	1.159668E-2	8.850098E-3
69.0469	-8.514404E-2	-1.077271E-1	1.159668E-2	8.239746E-3
69.0469	-8.605957E-2	-1.132202E-1	1.220703E-2	7.934570E-3
69.0625	-9.460449E-2	-1.095581E-1	1.159668E-2	8.850098E-3
69.0625	-8.514404E-2	-1.135254E-1	1.190186E-2	9.155273E-3
69.0781	-8.911133E-2	-1.101685E-1	1.129150E-2	8.544922E-3
69.0937	-9.124756E-2	-1.196289E-1	1.129150E-2	8.544922E-3
69.0937	-8.819580E-2	-1.220703E-1	1.190186E-2	8.544922E-3
69.1094	-9.490967E-2	-1.092529E-1	1.129150E-2	7.934570E-3
69.1094	-9.002686E-2	-1.187134E-1	1.159668E-2	8.850098E-3
69.125	-8.941650E-2	-1.168823E-1	1.190186E-2	7.934570E-3
69.1406	-8.666992E-2	-1.065063E-1	1.190186E-2	8.544922E-3
69.1406	-8.361816E-2	-1.177979E-1	1.159668E-2	8.850098E-3
69.1562	-8.880615E-2	-1.156616E-1	1.159668E-2	8.239746E-3
69.1719	-9.124756E-2	-1.150513E-1	1.129150E-2	9.155273E-3
69.1719	-8.361816E-2	-1.147461E-1	1.190186E-2	8.544922E-3
69.1875	-8.697510E-2	-1.202393E-1	1.159668E-2	8.850098E-3
69.2031	-8.666992E-2	-1.144409E-1	1.190186E-2	8.544922E-3
69.2031	-8.239746E-2	-1.074219E-1	1.190186E-2	8.850098E-3
69.2187	-8.483887E-2	-1.196289E-1	1.129150E-2	8.544922E-3
69.2344	-9.063721E-2	-1.110840E-1	1.159668E-2	8.239746E-3
69.2344	-9.002686E-2	-1.086426E-1	1.190186E-2	8.850098E-3
69.25	-8.880615E-2	-1.171875E-1	1.190186E-2	7.629395E-3
69.2656	-9.277344E-2	-1.065063E-1	1.129150E-2	8.544922E-3
69.2656	-8.911133E-2	-1.159668E-1	1.159668E-2	7.324219E-3
69.2812	-9.399414E-2	-1.095581E-1	1.129150E-2	8.544922E-3
69.2969	-9.063721E-2	-1.181030E-1	1.159668E-2	8.239746E-3
69.2969	-8.392334E-2	-1.135254E-1	1.159668E-2	8.544922E-3
69.3125	-8.300781E-2	-1.129150E-1	1.159668E-2	8.850098E-3
69.3281	-9.216309E-2	-1.202393E-1	1.159668E-2	8.850098E-3
69.3281	-8.697510E-2	-1.174927E-1	1.159668E-2	8.850098E-3
69.3437	-8.880615E-2	-1.177979E-1	1.190186E-2	8.544922E-3
69.3437	-8.605957E-2	-1.129150E-1	1.159668E-2	9.155273E-3
69.3594	-8.392334E-2	-1.132202E-1	1.190186E-2	8.544922E-3
69.3594	-9.338379E-2	-1.126099E-1	1.159668E-2	8.544922E-3
69.375	-8.544922E-2	-1.119995E-1	1.159668E-2	9.155273E-3
69.3906	-7.781982E-2	-1.156616E-1	1.190186E-2	8.850098E-3
69.3906	-9.063721E-2	-1.101685E-1	1.190186E-2	8.850098E-3
69.4062	-8.972168E-2	-1.162720E-1	1.190186E-2	8.850098E-3
69.4219	-8.758545E-2	-1.184082E-1	1.190186E-2	8.544922E-3
69.4219	-9.033203E-2	-1.110840E-1	1.159668E-2	8.544922E-3
69.4375	-8.880615E-2	-1.086426E-1	1.159668E-2	8.850098E-3
69.4531	-8.666992E-2	-1.153564E-1	1.159668E-2	8.239746E-3
69.4531	-8.148193E-2	-1.147461E-1	1.159668E-2	8.544922E-3
69.4687	-9.338379E-2	-1.080322E-1	1.251221E-2	8.544922E-3
69.4844	-8.972168E-2	-1.129150E-1	1.220703E-2	7.934570E-3
69.4844	-8.789062E-2	-1.168823E-1	1.159668E-2	8.850098E-3
69.5	-8.575439E-2	-1.141357E-1	1.159668E-2	9.155273E-3
69.5156	-7.995605E-2	-1.165771E-1	1.098633E-2	8.850098E-3
69.5156	-9.185791E-2	-1.202393E-1	1.159668E-2	9.155273E-3
69.5312	-8.850098E-2	-1.193237E-1	1.159668E-2	8.850098E-3
69.5469	-8.270264E-2	-1.110840E-1	1.159668E-2	8.544922E-3
69.5469	-8.270264E-2	-1.055908E-1	1.190186E-2	7.934570E-3
69.5625	-8.544922E-2	-1.165771E-1	1.129150E-2	8.544922E-3
69.5781	-9.185791E-2	-1.135254E-1	1.159668E-2	8.239746E-3
69.5781	-9.094238E-2	-1.181030E-1	1.220703E-2	8.850098E-3
69.5937	-9.460449E-2	-1.144409E-1	1.159668E-2	9.155273E-3
69.5937	-9.063721E-2	-1.074219E-1	1.098633E-2	8.544922E-3
69.6094	-9.368896E-2	-1.126099E-1	1.159668E-2	8.544922E-3
69.625	-9.399414E-2	-1.245117E-1	1.159668E-2	8.544922E-3
69.625	-8.300781E-2	-1.065063E-1	1.190186E-2	8.850098E-3
69.6406	-8.911133E-2	-1.147461E-1	1.159668E-2	8.239746E-3
69.6562	-8.697510E-2	-1.159668E-1	1.159668E-2	8.850098E-3
69.6562	-8.605957E-2	-1.098633E-1	1.098633E-2	8.544922E-3
69.6719	-8.911133E-2	-1.074219E-1	1.159668E-2	9.155273E-3
69.6719	-9.185791E-2	-1.165771E-1	1.159668E-2	8.850098E-3
69.6875	-8.758545E-2	-1.116943E-1	1.159668E-2	8.544922E-3
69.7031	-9.613037E-2	-1.132202E-1	1.190186E-2	7.934570E-3
69.7031	-8.178711E-2	-1.138306E-1	1.159668E-2	8.544922E-3
69.7187	-8.789062E-2	-1.190186E-1	1.159668E-2	9.155273E-3
69.7344	-8.331299E-2	-1.068115E-1	1.098633E-2	9.155273E-3
69.7344	-8.697510E-2	-1.086426E-1	1.159668E-2	9.460449E-3
69.75	-9.307861E-2	-1.110840E-1	1.190186E-2	8.544922E-3
69.75	-9.094238E-2	-1.153564E-1	1.190186E-2	7.934570E-3
69.7656	-9.521484E-2	-1.101685E-1	1.129150E-2	8.544922E-3
69.7812	-9.094238E-2	-1.132202E-1	1.129150E-2	8.544922E-3
69.7812	-9.155273E-2	-1.110840E-1	1.098633E-2	8.239746E-3
69.7969	-8.209229E-2	-1.174927E-1	1.159668E-2	8.850098E-3
69.8125	-8.514404E-2	-1.199341E-1	1.129150E-2	9.155273E-3
69.8125	-8.636475E-2	-1.208496E-1	1.159668E-2	8.544922E-3
