June 02, 2009 17:45
529b02
H:\20090602-sws10-sls\LS_p33_d80_vp20_vd20.traj
lateral amplification = 100
normal amp = 100
pitch angle = 10
roll angle = 294
cantilever = 529b02
<data>
time	voltageForceLateral	voltageForceNormal	voltagePositionX	voltagePositionY
69.8281	-2.655029E-2	-5.035400E-2	1.159668E-2	9.155273E-3
69.8281	-2.960205E-2	-5.340576E-2	1.251221E-2	8.850098E-3
69.8438	-2.166748E-2	-4.638672E-2	1.129150E-2	8.850098E-3
69.8594	-2.685547E-2	-5.065918E-2	1.190186E-2	8.850098E-3
69.8594	-2.227783E-2	-4.699707E-2	1.129150E-2	8.239746E-3
69.875	-2.227783E-2	-5.889893E-2	1.068115E-2	8.544922E-3
69.875	-2.685547E-2	-6.164551E-2	1.129150E-2	8.850098E-3
69.8906	-2.593994E-2	-4.974365E-2	1.190186E-2	8.850098E-3
69.9063	-2.929687E-2	-5.371094E-2	1.159668E-2	9.155273E-3
69.9063	-3.143311E-2	-4.913330E-2	1.220703E-2	8.850098E-3
69.9219	-2.929687E-2	-4.760742E-2	1.129150E-2	9.155273E-3
69.9375	-2.807617E-2	-5.126953E-2	1.129150E-2	8.850098E-3
69.9375	-2.258301E-2	-4.760742E-2	1.220703E-2	8.850098E-3
69.9531	-2.014160E-2	-4.699707E-2	1.220703E-2	9.460449E-3
69.9688	-2.410889E-2	-4.852295E-2	1.159668E-2	8.850098E-3
69.9688	-2.685547E-2	-4.974365E-2	1.220703E-2	8.239746E-3
69.9844	-2.502441E-2	-5.920410E-2	1.220703E-2	8.850098E-3
70.0	-3.448486E-2	-4.699707E-2	1.190186E-2	8.544922E-3
70.0	-1.800537E-2	-4.882812E-2	1.220703E-2	8.544922E-3
70.0156	-2.410889E-2	-5.584717E-2	1.159668E-2	8.544922E-3
70.0313	-1.983643E-2	-4.364014E-2	1.159668E-2	8.239746E-3
70.0313	-2.532959E-2	-4.943848E-2	1.159668E-2	9.155273E-3
70.0469	-2.105713E-2	-4.699707E-2	1.251221E-2	8.850098E-3
70.0625	-3.112793E-2	-5.279541E-2	1.190186E-2	9.155273E-3
70.0625	-2.960205E-2	-5.706787E-2	1.159668E-2	8.544922E-3
70.0781	-2.746582E-2	-5.157471E-2	1.159668E-2	8.850098E-3
70.0781	-3.295898E-2	-5.401611E-2	1.129150E-2	9.155273E-3
70.0938	-3.082275E-2	-5.035400E-2	1.098633E-2	8.850098E-3
70.1094	-3.021240E-2	-5.035400E-2	1.159668E-2	9.155273E-3
70.1094	-3.082275E-2	-5.371094E-2	1.190186E-2	9.460449E-3
70.125	-2.471924E-2	-4.272461E-2	1.190186E-2	8.850098E-3
70.1406	-2.838135E-2	-5.065918E-2	1.159668E-2	9.155273E-3
70.1406	-1.892090E-2	-4.638672E-2	1.190186E-2	8.544922E-3
70.1563	-2.929687E-2	-5.371094E-2	1.190186E-2	9.155273E-3
70.1719	-3.173828E-2	-4.211426E-2	1.190186E-2	8.544922E-3
70.1719	-2.044678E-2	-4.699707E-2	1.159668E-2	8.850098E-3
70.1875	-1.892090E-2	-5.340576E-2	1.190186E-2	8.544922E-3
70.2031	-2.624512E-2	-4.913330E-2	1.190186E-2	8.850098E-3
70.2031	-2.136230E-2	-4.943848E-2	1.220703E-2	9.155273E-3
70.2188	-2.746582E-2	-5.859375E-2	1.220703E-2	9.155273E-3
70.2188	-2.471924E-2	-5.096436E-2	1.190186E-2	9.155273E-3
70.2344	-2.380371E-2	-5.096436E-2	1.159668E-2	8.850098E-3
70.25	-3.356934E-2	-5.279541E-2	1.159668E-2	8.544922E-3
70.25	-2.807617E-2	-4.241943E-2	1.159668E-2	8.850098E-3
70.2656	-2.471924E-2	-4.821777E-2	1.159668E-2	8.850098E-3
70.2656	-2.655029E-2	-5.249023E-2	1.220703E-2	9.155273E-3
70.2813	-2.563477E-2	-5.401611E-2	1.190186E-2	9.155273E-3
70.2969	-3.234863E-2	-4.852295E-2	1.159668E-2	8.850098E-3
70.2969	-3.143311E-2	-4.089355E-2	1.220703E-2	7.934570E-3
70.3125	-2.502441E-2	-5.889893E-2	1.220703E-2	9.155273E-3
70.3281	-2.532959E-2	-4.699707E-2	1.159668E-2	9.460449E-3
70.3281	-2.380371E-2	-5.249023E-2	1.159668E-2	8.544922E-3
70.3438	-2.716064E-2	-5.828857E-2	1.098633E-2	8.850098E-3
70.3594	-2.380371E-2	-4.852295E-2	1.220703E-2	8.850098E-3
70.3594	-2.227783E-2	-5.157471E-2	1.190186E-2	8.850098E-3
70.375	-2.166748E-2	-5.126953E-2	1.159668E-2	9.155273E-3
70.3906	-2.349854E-2	-5.218506E-2	1.190186E-2	9.460449E-3
70.3906	-1.831055E-2	-5.584717E-2	1.220703E-2	8.850098E-3
70.4063	-2.044678E-2	-5.584717E-2	1.159668E-2	8.850098E-3
70.4219	-2.838135E-2	-5.218506E-2	1.159668E-2	8.850098E-3
70.4219	-2.441406E-2	-4.913330E-2	1.159668E-2	8.544922E-3
70.4375	-2.166748E-2	-4.547119E-2	1.190186E-2	9.460449E-3
70.4531	-2.624512E-2	-5.615234E-2	1.190186E-2	8.544922E-3
70.4531	-1.892090E-2	-4.272461E-2	1.159668E-2	9.155273E-3
70.4688	-2.960205E-2	-5.798340E-2	1.159668E-2	8.850098E-3
70.4688	-2.502441E-2	-4.760742E-2	1.159668E-2	8.850098E-3
70.4844	-2.532959E-2	-4.974365E-2	1.190186E-2	9.460449E-3
70.5	-2.380371E-2	-5.249023E-2	1.190186E-2	9.155273E-3
70.5	-2.838135E-2	-5.065918E-2	1.159668E-2	8.850098E-3
70.5156	-3.112793E-2	-4.852295E-2	1.190186E-2	9.155273E-3
70.5313	-2.502441E-2	-5.371094E-2	1.220703E-2	9.155273E-3
70.5313	-2.075195E-2	-6.103516E-2	1.220703E-2	8.850098E-3
70.5469	-2.136230E-2	-4.730225E-2	1.190186E-2	8.544922E-3
70.5625	-2.502441E-2	-5.218506E-2	1.220703E-2	8.850098E-3
70.5625	-2.624512E-2	-4.760742E-2	1.159668E-2	8.850098E-3
70.5781	-2.288818E-2	-4.882812E-2	1.190186E-2	8.239746E-3
70.5781	-2.349854E-2	-5.432129E-2	1.159668E-2	8.850098E-3
70.5938	-2.593994E-2	-5.096436E-2	1.159668E-2	8.850098E-3
70.6094	-2.899170E-2	-5.462646E-2	1.129150E-2	8.850098E-3
70.6094	-3.082275E-2	-5.096436E-2	1.159668E-2	9.155273E-3
70.625	-2.990723E-2	-4.669189E-2	1.159668E-2	8.544922E-3
70.625	-2.960205E-2	-5.767822E-2	1.129150E-2	8.850098E-3
70.6406	-2.838135E-2	-5.584717E-2	1.220703E-2	8.544922E-3
70.6563	-2.868652E-2	-5.401611E-2	1.190186E-2	8.850098E-3
70.6563	-2.838135E-2	-4.974365E-2	1.159668E-2	8.850098E-3
70.6719	-2.441406E-2	-4.943848E-2	1.251221E-2	9.460449E-3
70.6875	-2.960205E-2	-4.791260E-2	1.220703E-2	8.850098E-3
70.6875	-2.929687E-2	-4.821777E-2	1.220703E-2	9.460449E-3
70.7031	-1.983643E-2	-5.310059E-2	1.159668E-2	9.155273E-3
70.7188	-2.258301E-2	-4.821777E-2	1.190186E-2	8.850098E-3
70.7188	-2.746582E-2	-5.554199E-2	1.129150E-2	9.460449E-3
70.7344	-2.563477E-2	-5.187988E-2	1.159668E-2	8.850098E-3
70.75	-2.441406E-2	-5.187988E-2	1.251221E-2	8.850098E-3
70.75	-2.899170E-2	-5.340576E-2	1.159668E-2	9.155273E-3
70.7656	-2.197266E-2	-5.035400E-2	1.220703E-2	9.155273E-3
70.7813	-2.502441E-2	-4.913330E-2	1.129150E-2	8.850098E-3
70.7813	-2.471924E-2	-5.157471E-2	1.403809E-2	8.850098E-3
70.7969	-2.502441E-2	-5.187988E-2	3.631592E-2	8.239746E-3
70.8125	-2.471924E-2	-5.340576E-2	5.950928E-2	8.544922E-3
70.8125	-2.563477E-2	-5.157471E-2	7.263184E-2	8.850098E-3
70.8281	-2.990723E-2	-5.889893E-2	9.826660E-2	9.460449E-3
70.8281	-2.197266E-2	-4.882812E-2	1.205444E-1	8.850098E-3
70.8438	-2.075195E-2	-5.310059E-2	1.336670E-1	8.544922E-3
70.8594	-2.197266E-2	-4.913330E-2	1.574707E-1	8.544922E-3
70.8594	-2.563477E-2	-5.554199E-2	1.766968E-1	9.155273E-3
70.875	-2.563477E-2	-5.737305E-2	1.934814E-1	9.155273E-3
70.8906	-2.380371E-2	-5.645752E-2	2.169800E-1	8.850098E-3
70.8906	-2.929687E-2	-6.225586E-2	2.404785E-1	9.460449E-3
70.9063	-2.655029E-2	-5.401611E-2	2.532959E-1	8.850098E-3
70.9219	-2.624512E-2	-5.462646E-2	2.749634E-1	8.850098E-3
70.9219	-3.021240E-2	-5.432129E-2	3.002930E-1	9.460449E-3
70.9375	-2.136230E-2	-6.408691E-2	3.131104E-1	8.544922E-3
70.9531	-3.570557E-2	-5.889893E-2	3.378296E-1	8.544922E-3
70.9531	-2.685547E-2	-6.225586E-2	3.607178E-1	9.460449E-3
70.9688	-2.899170E-2	-6.164551E-2	3.729248E-1	9.155273E-3
70.9688	-2.929687E-2	-5.676270E-2	3.967285E-1	9.460449E-3
70.9844	-2.777100E-2	-6.072998E-2	4.168701E-1	8.850098E-3
71.0	-2.624512E-2	-6.439209E-2	4.327393E-1	9.460449E-3
71.0	-2.777100E-2	-5.340576E-2	4.541016E-1	8.544922E-3
71.0156	-3.417969E-2	-5.737305E-2	4.797363E-1	9.155273E-3
71.0156	-3.631592E-2	-5.676270E-2	4.922485E-1	8.850098E-3
71.0313	-3.021240E-2	-6.164551E-2	5.175781E-1	8.850098E-3
71.0469	-2.624512E-2	-6.408691E-2	5.386353E-1	9.155273E-3
71.0469	-2.471924E-2	-5.676270E-2	5.523682E-1	8.544922E-3
71.0625	-2.868652E-2	-5.737305E-2	5.737305E-1	8.850098E-3
71.0781	-3.143311E-2	-6.439209E-2	5.993652E-1	8.850098E-3
71.0781	-3.448486E-2	-5.889893E-2	6.121826E-1	8.544922E-3
71.0938	-2.655029E-2	-6.317139E-2	6.362915E-1	9.155273E-3
71.1094	-2.502441E-2	-6.500244E-2	6.588745E-1	8.544922E-3
71.1094	-2.960205E-2	-6.530762E-2	6.716919E-1	8.544922E-3
71.125	-2.899170E-2	-6.988525E-2	6.942749E-1	9.460449E-3
71.1406	-3.601074E-2	-5.676270E-2	7.192993E-1	8.239746E-3
71.1406	-2.929687E-2	-6.530762E-2	7.312012E-1	8.544922E-3
71.1563	-3.265381E-2	-6.744385E-2	7.562256E-1	8.850098E-3
71.1719	-2.868652E-2	-7.476807E-2	7.788086E-1	9.155273E-3
71.1719	-2.960205E-2	-6.988525E-2	7.910156E-1	8.850098E-3
71.1875	-2.868652E-2	-6.958008E-2	8.154297E-1	8.544922E-3
71.1875	-2.593994E-2	-6.835937E-2	8.355713E-1	9.155273E-3
71.2031	-2.960205E-2	-6.134033E-2	8.511353E-1	9.155273E-3
71.2188	-3.173828E-2	-7.171631E-2	8.743286E-1	8.850098E-3
71.2188	-3.326416E-2	-6.256104E-2	8.987427E-1	8.850098E-3
71.2344	-2.868652E-2	-6.408691E-2	9.106445E-1	9.155273E-3
71.25	-2.807617E-2	-7.110596E-2	9.353638E-1	8.850098E-3
71.25	-2.685547E-2	-7.049561E-2	9.585571E-1	8.850098E-3
71.2656	-3.509521E-2	-7.537842E-2	9.704590E-1	9.155273E-3
71.2813	-3.601074E-2	-7.019043E-2	9.921265E-1	9.460449E-3
71.2813	-3.112793E-2	-6.713867E-2	1.017761E+0	9.765625E-3
71.2969	-3.051758E-2	-7.843018E-2	1.030579E+0	9.155273E-3
71.3125	-3.234863E-2	-6.988525E-2	1.054993E+0	8.850098E-3
71.3125	-3.356934E-2	-7.110596E-2	1.073608E+0	9.460449E-3
71.3281	-3.692627E-2	-6.713867E-2	1.090393E+0	8.850098E-3
71.3281	-3.295898E-2	-8.392334E-2	1.111145E+0	9.460449E-3
71.3438	-3.601074E-2	-7.537842E-2	1.136780E+0	8.544922E-3
71.3594	-3.356934E-2	-7.385254E-2	1.149597E+0	8.544922E-3
71.3594	-2.807617E-2	-7.293701E-2	1.173706E+0	8.544922E-3
71.375	-3.387451E-2	-7.354736E-2	1.196594E+0	8.850098E-3
71.375	-3.326416E-2	-7.476807E-2	1.209412E+0	8.544922E-3
71.3906	-3.723145E-2	-8.300781E-2	1.232910E+0	8.239746E-3
71.4063	-3.509521E-2	-7.751465E-2	1.253967E+0	8.544922E-3
71.4063	-2.838135E-2	-8.026123E-2	1.268616E+0	8.544922E-3
71.4219	-3.417969E-2	-7.690430E-2	1.292725E+0	8.544922E-3
71.4375	-3.509521E-2	-8.026123E-2	1.315613E+0	9.155273E-3
71.4375	-3.723145E-2	-8.270264E-2	1.328735E+0	8.850098E-3
71.4531	-3.662109E-2	-7.598877E-2	1.350403E+0	8.544922E-3
71.4688	-3.692627E-2	-7.995605E-2	1.375732E+0	9.460449E-3
71.4688	-3.967285E-2	-7.720947E-2	1.388855E+0	9.155273E-3
71.4844	-3.662109E-2	-7.537842E-2	1.410217E+0	9.460449E-3
71.5	-3.753662E-2	-8.911133E-2	1.435852E+0	8.850098E-3
71.5	-3.814697E-2	-8.880615E-2	1.448975E+0	8.544922E-3
71.5156	-3.295898E-2	-9.002686E-2	1.472168E+0	9.155273E-3
71.5313	-3.265381E-2	-8.361816E-2	1.496582E+0	9.155273E-3
71.5313	-3.601074E-2	-8.789062E-2	1.508179E+0	8.544922E-3
71.5469	-3.448486E-2	-8.789062E-2	1.532898E+0	8.850098E-3
71.5625	-3.906250E-2	-7.965088E-2	1.556396E+0	8.850098E-3
71.5625	-3.601074E-2	-8.941650E-2	1.567993E+0	8.850098E-3
71.5781	-4.516602E-2	-9.002686E-2	1.592712E+0	8.850098E-3
71.5781	-4.364014E-2	-8.666992E-2	1.615906E+0	9.460449E-3
71.5938	-3.326416E-2	-8.636475E-2	1.627197E+0	9.765625E-3
71.6094	-3.814697E-2	-8.819580E-2	1.651306E+0	8.850098E-3
71.6094	-3.997803E-2	-8.880615E-2	1.671448E+0	8.239746E-3
71.625	-4.333496E-2	-8.361816E-2	1.687317E+0	8.850098E-3
71.6406	-4.486084E-2	-9.277344E-2	1.711426E+0	9.155273E-3
71.6406	-4.180908E-2	-9.033203E-2	1.734009E+0	8.544922E-3
71.6563	-3.479004E-2	-9.063721E-2	1.747131E+0	8.850098E-3
71.6719	-4.211426E-2	-9.063721E-2	1.768799E+0	8.544922E-3
71.6719	-3.875732E-2	-9.399414E-2	1.794739E+0	8.544922E-3
71.6875	-4.028320E-2	-9.460449E-2	1.806335E+0	9.460449E-3
71.7031	-4.028320E-2	-9.185791E-2	1.831970E+0	9.155273E-3
71.7031	-4.577637E-2	-1.004028E-1	1.855774E+0	8.850098E-3
71.7188	-4.089355E-2	-1.019287E-1	1.866455E+0	8.850098E-3
71.7188	-3.448486E-2	-9.857178E-2	1.889648E+0	9.155273E-3
71.7344	-4.272461E-2	-9.063721E-2	1.909485E+0	9.155273E-3
71.75	-4.241943E-2	-9.521484E-2	1.925964E+0	8.544922E-3
71.75	-4.058838E-2	-1.013184E-1	1.947327E+0	8.850098E-3
71.7656	-5.126953E-2	-9.887695E-2	1.973877E+0	8.850098E-3
71.7656	-3.906250E-2	-9.674072E-2	1.985168E+0	8.850098E-3
71.7813	-3.936768E-2	-1.092529E-1	2.010803E+0	9.155273E-3
71.7969	-4.333496E-2	-1.086426E-1	2.033386E+0	8.850098E-3
71.7969	-4.364014E-2	-1.040649E-1	2.045898E+0	9.155273E-3
71.8125	-4.028320E-2	-1.113892E-1	2.067261E+0	9.155273E-3
71.8281	-4.516602E-2	-1.049805E-1	2.092896E+0	9.460449E-3
71.8281	-4.211426E-2	-1.098633E-1	2.104797E+0	9.155273E-3
71.8438	-4.882812E-2	-9.979248E-2	2.129822E+0	8.850098E-3
71.8594	-4.516602E-2	-1.092529E-1	2.152405E+0	8.850098E-3
71.8594	-4.272461E-2	-1.141357E-1	2.165527E+0	8.850098E-3
71.875	-4.760742E-2	-1.086426E-1	2.187500E+0	8.850098E-3
71.8906	-4.791260E-2	-1.126099E-1	2.212219E+0	8.850098E-3
71.8906	-4.547119E-2	-1.119995E-1	2.224731E+0	8.850098E-3
71.9063	-4.791260E-2	-1.092529E-1	2.249756E+0	9.155273E-3
71.9219	-4.211426E-2	-1.187134E-1	2.272034E+0	8.850098E-3
71.9219	-4.821777E-2	-1.156616E-1	2.283936E+0	8.850098E-3
71.9375	-4.974365E-2	-1.202393E-1	2.308655E+0	8.850098E-3
71.9375	-5.126953E-2	-1.098633E-1	2.328796E+0	8.239746E-3
71.9531	-4.699707E-2	-1.147461E-1	2.343750E+0	9.155273E-3
71.9688	-5.401611E-2	-1.287842E-1	2.367554E+0	8.850098E-3
71.9688	-5.157471E-2	-1.284790E-1	2.391357E+0	8.544922E-3
71.9844	-5.310059E-2	-1.245117E-1	2.403564E+0	9.155273E-3
72.0	-4.943848E-2	-1.226807E-1	2.428284E+0	9.460449E-3
72.0	-5.828857E-2	-1.300049E-1	2.450867E+0	8.850098E-3
72.0156	-5.218506E-2	-1.321411E-1	2.463989E+0	9.460449E-3
72.0313	-5.004883E-2	-1.388550E-1	2.484741E+0	9.460449E-3
72.0313	-3.967285E-2	-1.275635E-1	2.510681E+0	9.460449E-3
72.0469	-5.340576E-2	-1.736450E-1	2.523193E+0	9.155273E-3
72.0625	-5.371094E-2	-1.412964E-1	2.546692E+0	8.850098E-3
72.0625	-3.906250E-2	-1.126099E-1	2.566528E+0	9.460449E-3
72.0781	-3.784180E-2	-9.063721E-2	2.583008E+0	9.155273E-3
72.0781	-1.647949E-2	-5.859375E-2	2.607117E+0	8.850098E-3
72.0938	-9.765625E-3	-2.075195E-2	2.630310E+0	8.850098E-3
72.1094	8.239746E-3	-2.136230E-3	2.643127E+0	8.850098E-3
72.1094	1.403809E-2	2.838135E-2	2.666931E+0	9.155273E-3
72.125	2.807617E-2	7.141113E-2	2.690125E+0	8.850098E-3
72.125	3.570557E-2	8.575439E-2	2.702332E+0	9.765625E-3
72.1406	5.218506E-2	1.412964E-1	2.725830E+0	9.460449E-3
72.1563	6.042480E-2	1.501465E-1	2.746277E+0	9.155273E-3
72.1563	7.537842E-2	1.809692E-1	2.762146E+0	8.850098E-3
72.1719	9.368896E-2	2.270508E-1	2.783203E+0	8.850098E-3
72.1875	9.918213E-2	2.459717E-1	2.809448E+0	8.544922E-3
72.1875	1.098633E-1	2.850342E-1	2.821960E+0	9.765625E-3
72.2031	1.242065E-1	2.996826E-1	2.843323E+0	8.850098E-3
72.2188	1.336670E-1	3.445435E-1	2.867737E+0	8.239746E-3
72.2188	1.440430E-1	3.826904E-1	2.881470E+0	9.155273E-3
72.2344	1.632690E-1	4.162598E-1	2.902832E+0	8.239746E-3
72.25	1.617432E-1	4.489136E-1	2.928772E+0	8.850098E-3
72.25	1.782227E-1	4.669189E-1	2.940979E+0	8.850098E-3
72.2656	1.901245E-1	5.029297E-1	2.964478E+0	8.850098E-3
72.2813	2.026367E-1	5.307007E-1	2.984924E+0	8.850098E-3
72.2813	2.148437E-1	5.667114E-1	3.000488E+0	9.155273E-3
72.2969	2.346802E-1	6.097412E-1	3.022461E+0	8.850098E-3
72.3125	2.459717E-1	6.442261E-1	3.047791E+0	9.460449E-3
72.3125	2.526855E-1	6.686401E-1	3.059998E+0	8.850098E-3
72.3281	2.627563E-1	6.939697E-1	3.085022E+0	8.850098E-3
72.3281	2.905273E-1	7.394409E-1	3.108215E+0	8.544922E-3
72.3438	2.856445E-1	7.540894E-1	3.120422E+0	8.850098E-3
72.3594	2.972412E-1	7.952881E-1	3.138733E+0	8.544922E-3
72.3594	3.176880E-1	8.303833E-1	3.163147E+0	9.155273E-3
72.375	3.259277E-1	8.529663E-1	3.179321E+0	9.155273E-3
72.3906	3.372192E-1	8.905029E-1	3.201599E+0	8.544922E-3
72.3906	3.659058E-1	9.338379E-1	3.226318E+0	9.460449E-3
72.4063	3.692627E-1	9.616089E-1	3.240051E+0	8.544922E-3
72.4219	3.778076E-1	9.841919E-1	3.260803E+0	8.850098E-3
72.4219	4.013062E-1	1.030884E+0	3.286438E+0	8.239746E-3
72.4375	3.973389E-1	1.046448E+0	3.295898E+0	9.155273E-3
72.4531	3.869629E-1	1.021118E+0	3.291321E+0	2.899170E-2
72.4531	3.704834E-1	1.000977E+0	3.288574E+0	4.791260E-2
72.4688	3.683472E-1	9.753418E-1	3.287048E+0	6.530762E-2
72.4688	3.521729E-1	9.613037E-1	3.282776E+0	8.758545E-2
72.4844	3.411865E-1	9.320068E-1	3.280029E+0	1.065063E-1
72.5	3.256226E-1	9.350586E-1	3.277283E+0	1.266479E-1
72.5	3.210449E-1	9.024048E-1	3.274841E+0	1.477051E-1
72.5156	3.060913E-1	8.767700E-1	3.271790E+0	1.660156E-1
72.5156	2.941895E-1	8.596802E-1	3.269653E+0	1.849365E-1
72.5313	2.786255E-1	8.358765E-1	3.265991E+0	2.066040E-1
72.5469	2.651978E-1	8.184814E-1	3.263550E+0	2.261353E-1
72.5469	2.621460E-1	8.071899E-1	3.261719E+0	2.444458E-1
72.5625	2.401733E-1	7.788086E-1	3.258362E+0	2.661133E-1
72.5781	2.261353E-1	7.546997E-1	3.255005E+0	2.853394E-1
72.5781	2.230835E-1	7.305908E-1	3.253174E+0	3.039551E-1
72.5938	1.989746E-1	7.208252E-1	3.249512E+0	3.259277E-1
72.6094	1.916504E-1	6.860352E-1	3.247375E+0	3.451538E-1
72.6094	1.699829E-1	6.704712E-1	3.245239E+0	3.637695E-1
72.625	1.626587E-1	6.539917E-1	3.241882E+0	3.848267E-1
72.6406	1.446533E-1	6.176758E-1	3.238831E+0	4.043579E-1
72.6406	1.336670E-1	6.066895E-1	3.236694E+0	4.229736E-1
72.6563	1.065063E-1	5.807495E-1	3.233643E+0	4.449463E-1
72.6719	9.887695E-2	5.679321E-1	3.230286E+0	4.641724E-1
72.6719	7.629395E-2	5.395508E-1	3.228455E+0	4.821777E-1
72.6875	7.354736E-2	5.175781E-1	3.225098E+0	5.041504E-1
72.6875	4.669189E-2	4.888916E-1	3.222046E+0	5.239868E-1
72.7031	3.540039E-2	4.800415E-1	3.219910E+0	5.429077E-1
72.7188	1.220703E-3	4.486084E-1	3.216553E+0	5.639648E-1
72.7188	0.000000E+0	4.330444E-1	3.212585E+0	5.828857E-1
72.7344	-2.380371E-2	3.964233E-1	3.211060E+0	6.018066E-1
72.75	-3.601074E-2	3.851318E-1	3.207703E+0	6.225586E-1
72.75	-5.859375E-2	3.576660E-1	3.204956E+0	6.420898E-1
72.7656	-6.317139E-2	3.463745E-1	3.203430E+0	6.610107E-1
72.7813	-9.948730E-2	3.079224E-1	3.199768E+0	6.814575E-1
72.7813	-1.168823E-1	2.890015E-1	3.196716E+0	7.012939E-1
72.7969	-1.409912E-1	2.673340E-1	3.195190E+0	7.199097E-1
72.8125	-1.507568E-1	2.407837E-1	3.191833E+0	7.412720E-1
72.8125	-1.718140E-1	2.117920E-1	3.188477E+0	7.604980E-1
72.8281	-1.925659E-1	1.965332E-1	3.186035E+0	7.800293E-1
72.8281	-2.081299E-1	1.742554E-1	3.183594E+0	8.001709E-1
72.8438	-2.368164E-1	1.480103E-1	3.179626E+0	8.200073E-1
72.8594	-2.508545E-1	1.260376E-1	3.178101E+0	8.386230E-1
72.8594	-2.871704E-1	9.826660E-2	3.174438E+0	8.605957E-1
72.875	-2.899170E-1	8.392334E-2	3.171692E+0	8.789062E-1
72.875	-3.274536E-1	5.462646E-2	3.170166E+0	8.978271E-1
72.8906	-3.408813E-1	3.479004E-2	3.166504E+0	9.194946E-1
72.9063	-3.787231E-1	3.662109E-3	3.163452E+0	9.393311E-1
72.9063	-3.884888E-1	-7.324219E-3	3.161316E+0	9.591675E-1
72.9219	-4.223633E-1	-4.394531E-2	3.158264E+0	9.783936E-1
72.9375	-4.367065E-1	-6.195068E-2	3.155518E+0	9.985352E-1
72.9375	-4.736328E-1	-8.880615E-2	3.153076E+0	1.017151E+0
72.9531	-4.809570E-1	-9.765625E-2	3.150024E+0	1.038208E+0
72.9688	-5.267334E-1	-1.376343E-1	3.146362E+0	1.058350E+0
72.9688	-5.303955E-1	-1.455688E-1	3.145142E+0	1.076355E+0
72.9844	-5.844116E-1	-1.876831E-1	3.141479E+0	1.097412E+0
73.0	-5.816650E-1	-1.962280E-1	3.137512E+0	1.117249E+0
73.0	-6.262207E-1	-2.301025E-1	3.136597E+0	1.136475E+0
73.0156	-6.423950E-1	-2.450562E-1	3.134155E+0	1.157532E+0
73.0313	-6.829834E-1	-2.822876E-1	3.130798E+0	1.176758E+0
73.0313	-7.046509E-1	-2.874756E-1	3.128357E+0	1.195374E+0
73.0469	-7.342529E-1	-3.158569E-1	3.125610E+0	1.216736E+0
73.0625	-7.656860E-1	-3.408813E-1	3.121643E+0	1.236267E+0
73.0625	-7.928467E-1	-3.744507E-1	3.120117E+0	1.255188E+0
73.0781	-8.255005E-1	-3.976440E-1	3.116455E+0	1.276550E+0
73.0781	-8.541870E-1	-4.113770E-1	3.113708E+0	1.294556E+0
73.0938	-8.755493E-1	-4.364014E-1	3.111572E+0	1.314087E+0
73.1094	-9.213257E-1	-4.550171E-1	3.109131E+0	1.335449E+0
73.1094	-9.509277E-1	-4.885864E-1	3.105164E+0	1.354675E+0
73.125	-9.747314E-1	-5.068970E-1	3.103333E+0	1.375427E+0
73.1406	-1.024475E+0	-5.416870E-1	3.099365E+0	1.394348E+0
73.1406	-1.046448E+0	-5.572510E-1	3.096619E+0	1.413879E+0
73.1563	-1.076660E+0	-5.816650E-1	3.095703E+0	1.433411E+0
73.1719	-1.110840E+0	-6.036377E-1	3.092651E+0	1.454773E+0
73.1719	-1.150513E+0	-6.274414E-1	3.088989E+0	1.473694E+0
73.1875	-1.171570E+0	-6.417847E-1	3.086243E+0	1.492004E+0
73.2031	-1.213074E+0	-6.719971E-1	3.082886E+0	1.513367E+0
73.2031	-1.246033E+0	-6.924438E-1	3.080139E+0	1.532593E+0
73.2188	-1.277771E+0	-7.092285E-1	3.078003E+0	1.551819E+0
73.2188	-1.314087E+0	-7.275391E-1	3.075256E+0	1.573181E+0
73.2344	-1.343384E+0	-7.632446E-1	3.072510E+0	1.591492E+0
73.25	-1.375122E+0	-7.791138E-1	3.070984E+0	1.610718E+0
73.25	-1.408386E+0	-7.919312E-1	3.067322E+0	1.632690E+0
73.2656	-1.452942E+0	-8.230591E-1	3.063354E+0	1.651611E+0
73.2656	-1.474304E+0	-8.398437E-1	3.061523E+0	1.671143E+0
73.2813	-1.529541E+0	-8.731079E-1	3.057861E+0	1.690979E+0
73.2969	-1.543579E+0	-8.792114E-1	3.055420E+0	1.710815E+0
73.2969	-1.578064E+0	-9.091187E-1	3.053589E+0	1.729126E+0
73.3125	-1.599731E+0	-9.161377E-1	3.050232E+0	1.751099E+0
73.3281	-1.636963E+0	-9.442139E-1	3.046875E+0	1.770935E+0
73.3281	-1.665649E+0	-9.649658E-1	3.044434E+0	1.788635E+0
73.3438	-1.699829E+0	-9.793091E-1	3.042297E+0	1.810303E+0
73.3594	-1.722717E+0	-9.982300E-1	3.038635E+0	1.829224E+0
73.3594	-1.765137E+0	-1.017761E+0	3.036804E+0	1.849060E+0
73.375	-1.756592E+0	-1.023560E+0	3.034058E+0	1.869812E+0
73.3906	-1.783142E+0	-1.041565E+0	3.031006E+0	1.889343E+0
73.3906	-1.763916E+0	-1.022339E+0	3.028564E+0	1.906738E+0
73.4063	-1.680298E+0	-9.835815E-1	3.025208E+0	1.929321E+0
73.4219	-1.689148E+0	-9.817505E-1	3.021240E+0	1.948547E+0
73.4219	-1.700439E+0	-9.982300E-1	3.019714E+0	1.967773E+0
73.4375	-1.672668E+0	-9.844971E-1	3.016663E+0	1.988525E+0
73.4375	-1.712341E+0	-1.011963E+0	3.014526E+0	2.007446E+0
73.4531	-1.696472E+0	-9.960937E-1	3.012085E+0	2.026672E+0
73.4688	-1.685181E+0	-9.967041E-1	3.008423E+0	2.047119E+0
73.4688	-1.703491E+0	-1.004333E+0	3.005676E+0	2.067261E+0
73.4844	-1.718445E+0	-1.019287E+0	3.004150E+0	2.086792E+0
73.5	-1.675720E+0	-1.004333E+0	2.999573E+0	2.106934E+0
73.5	-1.679687E+0	-1.003418E+0	2.996521E+0	2.126160E+0
73.5156	-1.671448E+0	-9.988403E-1	2.994995E+0	2.145081E+0
73.5313	-1.657715E+0	-9.948730E-1	2.992249E+0	2.167053E+0
73.5313	-1.676025E+0	-1.009521E+0	2.988892E+0	2.185669E+0
73.5469	-1.697998E+0	-1.022034E+0	2.987061E+0	2.203979E+0
73.5625	-1.676941E+0	-1.009521E+0	2.983704E+0	2.225342E+0
73.5625	-1.652832E+0	-1.000671E+0	2.980652E+0	2.245178E+0
73.5781	-1.664734E+0	-1.009521E+0	2.979431E+0	2.265015E+0
73.5781	-1.643066E+0	-1.003723E+0	2.975769E+0	2.285461E+0
73.5938	-1.644287E+0	-1.009827E+0	2.971497E+0	2.304382E+0
73.6094	-1.672668E+0	-1.018066E+0	2.970276E+0	2.323303E+0
73.6094	-1.662292E+0	-1.010132E+0	2.968140E+0	2.344666E+0
73.625	-1.603394E+0	-9.951782E-1	2.963867E+0	2.363892E+0
73.625	-1.645813E+0	-1.008606E+0	2.962341E+0	2.383118E+0
73.6406	-1.603699E+0	-9.921265E-1	2.958679E+0	2.403870E+0
73.6563	-1.602173E+0	-9.991455E-1	2.955322E+0	2.423096E+0
73.6563	-1.598816E+0	-9.933472E-1	2.954102E+0	2.442627E+0
73.6719	-1.611328E+0	-9.973145E-1	2.950745E+0	2.463379E+0
73.6875	-1.573181E+0	-9.774780E-1	2.947083E+0	2.482910E+0
73.6875	-1.595764E+0	-1.004639E+0	2.945251E+0	2.500916E+0
73.7031	-1.579590E+0	-9.786987E-1	2.943115E+0	2.522278E+0
73.7188	-1.575317E+0	-9.887695E-1	2.939453E+0	2.541199E+0
73.7188	-1.549988E+0	-9.796143E-1	2.937317E+0	2.560425E+0
73.7344	-1.566162E+0	-9.814453E-1	2.933960E+0	2.582092E+0
73.75	-1.550598E+0	-9.793091E-1	2.930603E+0	2.601624E+0
73.75	-1.548462E+0	-9.808350E-1	2.928467E+0	2.619934E+0
73.7656	-1.547546E+0	-9.783936E-1	2.925720E+0	2.641296E+0
73.7813	-1.535950E+0	-9.796143E-1	2.922363E+0	2.659912E+0
73.7813	-1.533508E+0	-9.906006E-1	2.920227E+0	2.680054E+0
73.7969	-1.527405E+0	-9.793091E-1	2.917175E+0	2.701721E+0
73.8125	-1.524963E+0	-9.780884E-1	2.914124E+0	2.719727E+0
73.8125	-1.491394E+0	-9.622192E-1	2.911987E+0	2.738342E+0
73.8281	-1.476746E+0	-9.527588E-1	2.908325E+0	2.760315E+0
73.8281	-1.453552E+0	-9.405518E-1	2.905579E+0	2.779846E+0
73.8438	-1.449585E+0	-9.390259E-1	2.904663E+0	2.797852E+0
73.8594	-1.415100E+0	-9.069824E-1	2.900696E+0	2.818909E+0
73.8594	-5.966187E-1	-3.527832E-1	2.897949E+0	2.838135E+0
73.875	-6.320190E-1	-3.897095E-1	2.896118E+0	2.858582E+0
73.8906	-6.729126E-1	-4.098511E-1	2.892456E+0	2.878418E+0
73.8906	-6.857300E-1	-4.324341E-1	2.889404E+0	2.897949E+0
73.9063	-7.254028E-1	-4.507446E-1	2.887573E+0	2.917480E+0
73.9219	-7.476807E-1	-4.708862E-1	2.884521E+0	2.937927E+0
73.9219	-7.788086E-1	-5.023193E-1	2.880249E+0	2.957153E+0
73.9375	-8.038330E-1	-5.093384E-1	2.878723E+0	2.975159E+0
73.9531	-8.425903E-1	-5.477905E-1	2.876282E+0	2.997437E+0
73.9531	-8.557129E-1	-5.532837E-1	2.872620E+0	3.016357E+0
73.9688	-8.953857E-1	-5.871582E-1	2.870483E+0	3.035583E+0
73.9688	-9.274292E-1	-5.993652E-1	2.867126E+0	3.057251E+0
73.9844	-9.536743E-1	-6.277466E-1	2.864990E+0	3.075867E+0
74.0	-9.802246E-1	-6.451416E-1	2.862244E+0	3.095703E+0
74.0	-1.017456E+0	-6.668091E-1	2.858887E+0	3.115845E+0
74.0156	-1.049194E+0	-6.964111E-1	2.854919E+0	3.135071E+0
74.0156	-1.075134E+0	-7.049561E-1	2.854004E+0	3.154907E+0
74.0313	-1.105957E+0	-7.336426E-1	2.851257E+0	3.175964E+0
74.0469	-1.142883E+0	-7.580566E-1	2.847900E+0	3.195496E+0
74.0469	-1.160583E+0	-7.580566E-1	2.845764E+0	3.212585E+0
74.0625	-1.189880E+0	-7.843018E-1	2.842407E+0	3.234863E+0
74.0781	-1.214905E+0	-7.879639E-1	2.839661E+0	3.254395E+0
74.0781	-1.225281E+0	-8.047485E-1	2.837219E+0	3.272400E+0
74.0938	-3.338623E-1	-1.748657E-1	2.834473E+0	3.294373E+0
74.1094	-3.619385E-1	-1.901245E-1	2.830811E+0	3.312378E+0
74.1094	-3.900146E-1	-2.117920E-1	2.828674E+0	3.332214E+0
74.125	-4.116821E-1	-2.279663E-1	2.826843E+0	3.353271E+0
74.1406	-4.391479E-1	-2.597046E-1	2.823181E+0	3.373413E+0
74.1406	-4.553223E-1	-2.746582E-1	2.820740E+0	3.391113E+0
74.1563	-4.858398E-1	-2.899170E-1	2.817078E+0	3.412781E+0
74.1719	-5.108643E-1	-3.182983E-1	2.814941E+0	3.431091E+0
74.1719	-5.386353E-1	-3.417969E-1	2.812500E+0	3.450928E+0
74.1875	-5.642700E-1	-3.634644E-1	2.809143E+0	3.472595E+0
74.1875	-5.819702E-1	-3.771973E-1	2.806091E+0	3.491821E+0
74.2031	-6.085205E-1	-4.135132E-1	2.803650E+0	3.511353E+0
74.2188	-6.399536E-1	-4.312134E-1	2.801208E+0	3.530884E+0
74.2188	-6.668091E-1	-4.403687E-1	2.797852E+0	3.549805E+0
74.2344	-6.912231E-1	-4.788208E-1	2.796631E+0	3.569641E+0
74.25	-7.135010E-1	-4.870605E-1	2.792358E+0	3.591003E+0
74.25	-7.485962E-1	-5.154419E-1	2.789612E+0	3.609924E+0
74.2656	-7.699585E-1	-5.346680E-1	2.787781E+0	3.628235E+0
74.2813	-7.977295E-1	-5.590820E-1	2.784729E+0	3.649902E+0
74.2813	-8.215332E-1	-5.743408E-1	2.781372E+0	3.669434E+0
74.2969	-8.590698E-1	-6.048584E-1	2.778931E+0	3.687439E+0
74.3125	-8.831787E-1	-6.109619E-1	2.775574E+0	3.709412E+0
74.3125	-9.136963E-1	-6.286621E-1	2.773743E+0	3.728027E+0
74.3281	-9.307861E-1	-6.524658E-1	2.770996E+0	3.747559E+0
74.3281	-9.558105E-1	-6.704712E-1	2.767944E+0	3.768616E+0
74.3438	-9.719849E-1	-6.704712E-1	2.763977E+0	3.788147E+0
74.3594	-9.963989E-1	-6.854248E-1	2.763367E+0	3.806763E+0
74.3594	-1.013489E+0	-7.049561E-1	2.759399E+0	3.827209E+0
74.375	-1.010742E+0	-6.933594E-1	2.756042E+0	3.847046E+0
74.375	-2.291870E-1	-1.031494E-1	2.754211E+0	3.864441E+0
74.3906	-2.600098E-1	-1.354980E-1	2.750549E+0	3.887634E+0
74.4063	-2.810669E-1	-1.513672E-1	2.748413E+0	3.906555E+0
74.4063	-3.048706E-1	-1.763916E-1	2.745972E+0	3.924866E+0
74.4219	-3.244019E-1	-1.995850E-1	2.742615E+0	3.946228E+0
74.4375	-3.518677E-1	-2.169800E-1	2.739868E+0	3.965759E+0
74.4375	-3.640747E-1	-2.252197E-1	2.737732E+0	3.984375E+0
74.4531	-3.906250E-1	-2.545166E-1	2.735291E+0	4.005737E+0
74.4688	-4.086304E-1	-2.725220E-1	2.730713E+0	4.025269E+0
74.4688	-4.367065E-1	-2.999878E-1	2.729492E+0	4.043274E+0
74.4844	-4.663086E-1	-3.302002E-1	2.725830E+0	4.065247E+0
74.5	-4.769897E-1	-3.378296E-1	2.723389E+0	4.084167E+0
74.5	-4.992676E-1	-3.594971E-1	2.721558E+0	4.103699E+0
74.5156	-5.239868E-1	-3.759766E-1	2.717896E+0	4.124146E+0
74.5313	-5.575562E-1	-4.104614E-1	2.714233E+0	4.144287E+0
74.5313	-5.740356E-1	-4.244995E-1	2.712402E+0	4.162598E+0
74.5469	-6.011963E-1	-4.504395E-1	2.709961E+0	4.183044E+0
74.5625	-6.225586E-1	-4.711914E-1	2.705994E+0	4.202881E+0
74.5625	-6.570435E-1	-4.888916E-1	2.704468E+0	4.222107E+0
74.5781	-6.655884E-1	-4.956055E-1	2.701111E+0	4.241943E+0
74.5781	-7.131958E-1	-5.273437E-1	2.698669E+0	4.262390E+0
74.5938	-7.101440E-1	-5.343628E-1	2.696838E+0	4.280396E+0
74.6094	-7.540894E-1	-5.554199E-1	2.692871E+0	4.302368E+0
74.6094	-7.559204E-1	-5.725098E-1	2.689819E+0	4.320679E+0
74.625	-8.013916E-1	-6.027222E-1	2.687378E+0	4.339600E+0
74.6406	-8.062744E-1	-6.045532E-1	2.685242E+0	4.360352E+0
74.6406	-8.502197E-1	-6.390381E-1	2.681274E+0	4.380493E+0
74.6563	-8.386230E-1	-6.246948E-1	2.678833E+0	4.399414E+0
74.6719	-8.843994E-1	-6.442261E-1	2.676392E+0	4.420776E+0
74.6719	-8.850098E-1	-6.494141E-1	2.672424E+0	4.438782E+0
74.6875	-8.905029E-1	-6.460571E-1	2.670593E+0	4.457092E+0
74.7031	-3.295898E-2	-5.828857E-2	2.667542E+0	4.479370E+0
74.7031	-3.875732E-2	-6.622314E-2	2.664185E+0	4.498901E+0
74.7188	-3.448486E-2	-6.378174E-2	2.662354E+0	4.517517E+0
74.7188	-3.051758E-2	-6.256104E-2	2.659302E+0	4.538879E+0
74.7344	-3.143311E-2	-7.049561E-2	2.656555E+0	4.557800E+0
74.75	-3.479004E-2	-7.232666E-2	2.655029E+0	4.577332E+0
74.75	-3.326416E-2	-6.591797E-2	2.651367E+0	4.597778E+0
74.7656	-3.356934E-2	-6.805420E-2	2.648621E+0	4.617004E+0
74.7656	-3.784180E-2	-6.134033E-2	2.647095E+0	4.635315E+0
74.7813	-2.929687E-2	-6.835937E-2	2.642822E+0	4.656982E+0
74.7969	-2.410889E-2	-6.500244E-2	2.640381E+0	4.675903E+0
74.7969	-3.143311E-2	-6.896973E-2	2.638550E+0	4.695129E+0
74.8125	-3.021240E-2	-7.476807E-2	2.636108E+0	4.716492E+0
74.8281	-2.380371E-2	-6.958008E-2	2.631531E+0	4.734802E+0
74.8281	-3.631592E-2	-6.439209E-2	2.629700E+0	4.753723E+0
74.8438	-3.448486E-2	-6.835937E-2	2.626648E+0	4.775391E+0
74.8594	-3.479004E-2	-6.103516E-2	2.622986E+0	4.794617E+0
74.8594	-3.417969E-2	-7.049561E-2	2.622070E+0	4.814148E+0
74.875	-3.021240E-2	-6.286621E-2	2.617798E+0	4.834595E+0
74.8906	-2.807617E-2	-6.042480E-2	2.615051E+0	4.852905E+0
74.8906	-3.387451E-2	-6.469727E-2	2.612610E+0	4.871826E+0
74.9063	-3.112793E-2	-6.225586E-2	2.608948E+0	4.893799E+0
74.9219	-2.929687E-2	-7.141113E-2	2.606812E+0	4.913330E+0
74.9219	-3.662109E-2	-6.622314E-2	2.605286E+0	4.931335E+0
74.9375	-3.051758E-2	-6.378174E-2	2.600708E+0	4.951782E+0
74.9375	-2.716064E-2	-6.378174E-2	2.598572E+0	4.971313E+0
74.9531	-2.960205E-2	-6.500244E-2	2.597046E+0	4.991455E+0
74.9688	-3.112793E-2	-6.469727E-2	2.593689E+0	5.011597E+0
74.9688	-2.655029E-2	-5.920410E-2	2.590027E+0	5.031433E+0
74.9844	-2.807617E-2	-5.859375E-2	2.587280E+0	5.048523E+0
75.0	-3.021240E-2	-6.774902E-2	2.584839E+0	5.070496E+0
75.0	-3.601074E-2	-6.072998E-2	2.581787E+0	5.089417E+0
75.0156	-2.868652E-2	-5.401611E-2	2.579956E+0	5.108948E+0
75.0313	-3.143311E-2	-6.103516E-2	2.576599E+0	5.130005E+0
75.0313	-2.471924E-2	-6.622314E-2	2.573242E+0	5.148621E+0
75.0469	-2.868652E-2	-6.042480E-2	2.572021E+0	5.167236E+0
75.0625	-3.082275E-2	-5.523682E-2	2.568970E+0	5.188904E+0
75.0625	-2.441406E-2	-6.561279E-2	2.565002E+0	5.208130E+0
75.0781	-2.838135E-2	-5.798340E-2	2.563171E+0	5.227661E+0
75.0781	-2.899170E-2	-6.195068E-2	2.559814E+0	5.247803E+0
75.0938	-3.112793E-2	-6.378174E-2	2.557373E+0	5.266724E+0
75.1094	-2.777100E-2	-5.523682E-2	2.555542E+0	5.285339E+0
75.1094	-3.448486E-2	-6.042480E-2	2.551880E+0	5.307007E+0
75.125	-3.326416E-2	-6.011963E-2	2.548218E+0	5.326538E+0
75.125	-2.899170E-2	-6.469727E-2	2.546692E+0	5.344543E+0
75.1406	-3.112793E-2	-6.011963E-2	2.544250E+0	5.366211E+0
75.1563	-3.509521E-2	-5.676270E-2	2.540588E+0	5.384827E+0
75.1563	-2.807617E-2	-6.347656E-2	2.538147E+0	5.404358E+0
75.1719	-2.990723E-2	-5.249023E-2	2.535095E+0	5.425415E+0
75.1875	-2.624512E-2	-5.645752E-2	2.532349E+0	5.443726E+0
75.1875	-3.112793E-2	-5.523682E-2	2.529907E+0	5.462646E+0
75.2031	-2.319336E-2	-5.737305E-2	2.526855E+0	5.484619E+0
75.2188	-2.960205E-2	-5.981445E-2	2.523193E+0	5.502930E+0
75.2188	-2.380371E-2	-6.134033E-2	2.521362E+0	5.521545E+0
75.2344	-2.166748E-2	-5.523682E-2	2.519226E+0	5.543823E+0
75.25	-2.563477E-2	-5.676270E-2	2.515869E+0	5.561523E+0
75.25	-2.593994E-2	-5.981445E-2	2.513123E+0	5.579834E+0
75.2656	-3.051758E-2	-5.645752E-2	2.510071E+0	5.602112E+0
75.2813	-3.021240E-2	-5.645752E-2	2.507019E+0	5.621948E+0
75.2813	-3.204346E-2	-5.523682E-2	2.505188E+0	5.640564E+0
75.2969	-2.014160E-2	-5.645752E-2	2.501831E+0	5.660706E+0
75.3125	-2.899170E-2	-6.225586E-2	2.498474E+0	5.679626E+0
75.3125	-2.655029E-2	-5.828857E-2	2.496643E+0	5.699463E+0
75.3281	-2.471924E-2	-6.042480E-2	2.493896E+0	5.720215E+0
75.3281	-3.204346E-2	-5.706787E-2	2.490234E+0	5.739746E+0
75.3438	-2.746582E-2	-5.676270E-2	2.488098E+0	5.757446E+0
75.3594	-2.868652E-2	-5.462646E-2	2.485046E+0	5.779114E+0
75.3594	-2.960205E-2	-4.974365E-2	2.482910E+0	5.798035E+0
75.375	-2.593994E-2	-5.889893E-2	2.480774E+0	5.817566E+0
75.3906	-2.502441E-2	-5.737305E-2	2.477722E+0	5.838623E+0
75.3906	-3.082275E-2	-5.126953E-2	2.473145E+0	5.856323E+0
75.4063	-2.777100E-2	-5.401611E-2	2.471619E+0	5.876160E+0
75.4219	-3.570557E-2	-5.371094E-2	2.469177E+0	5.896912E+0
75.4219	-2.990723E-2	-5.004883E-2	2.465210E+0	5.916443E+0
75.4375	-2.471924E-2	-5.096436E-2	2.464294E+0	5.935364E+0
75.4531	-2.136230E-2	-5.218506E-2	2.459717E+0	5.955505E+0
75.4531	-2.471924E-2	-5.493164E-2	2.456970E+0	5.975647E+0
75.4688	-2.655029E-2	-5.432129E-2	2.455750E+0	5.993958E+0
75.4688	-2.899170E-2	-5.676270E-2	2.452087E+0	6.015320E+0
75.4844	-2.502441E-2	-5.157471E-2	2.449341E+0	6.034241E+0
75.5	-2.349854E-2	-5.310059E-2	2.446594E+0	6.052856E+0
75.5	-2.471924E-2	-4.730225E-2	2.443237E+0	6.074219E+0
75.5156	-2.868652E-2	-5.615234E-2	2.440186E+0	6.092834E+0
75.5156	-2.655029E-2	-4.364014E-2	2.438354E+0	6.112061E+0
75.5313	-2.258301E-2	-5.737305E-2	2.435303E+0	6.133728E+0
75.5469	-2.990723E-2	-4.852295E-2	2.432556E+0	6.151428E+0
75.5469	-2.471924E-2	-5.340576E-2	2.430725E+0	6.169739E+0
75.5625	-2.532959E-2	-5.371094E-2	2.427979E+0	6.191711E+0
75.5781	-2.319336E-2	-5.035400E-2	2.424316E+0	6.211548E+0
75.5781	-2.288818E-2	-5.096436E-2	2.421570E+0	6.229858E+0
75.5938	-2.044678E-2	-4.974365E-2	2.418518E+0	6.250610E+0
75.6094	-2.441406E-2	-4.821777E-2	2.415466E+0	6.272278E+0
75.6094	-2.532959E-2	-5.249023E-2	2.413635E+0	6.288452E+0
75.625	-2.655029E-2	-5.004883E-2	2.410583E+0	6.310120E+0
75.6406	-1.922607E-2	-5.920410E-2	2.407227E+0	6.328735E+0
75.6406	-2.746582E-2	-4.760742E-2	2.406006E+0	6.347656E+0
75.6563	-2.685547E-2	-5.004883E-2	2.402344E+0	6.368103E+0
75.6719	-2.624512E-2	-4.699707E-2	2.399292E+0	6.387939E+0
75.6719	-2.471924E-2	-4.943848E-2	2.396545E+0	6.406555E+0
75.6875	-3.082275E-2	-5.310059E-2	2.393494E+0	6.427917E+0
75.6875	-2.624512E-2	-4.516602E-2	2.391052E+0	6.446838E+0
75.7031	-2.746582E-2	-5.737305E-2	2.388916E+0	6.465149E+0
75.7188	-2.441406E-2	-4.608154E-2	2.385559E+0	6.486206E+0
75.7188	-2.166748E-2	-4.882812E-2	2.382202E+0	6.505432E+0
75.7344	-2.563477E-2	-4.516602E-2	2.379761E+0	6.524658E+0
75.75	-2.777100E-2	-5.249023E-2	2.377319E+0	6.546021E+0
75.75	-1.556396E-2	-4.241943E-2	2.374268E+0	6.564331E+0
75.7656	-2.227783E-2	-4.943848E-2	2.371826E+0	6.582031E+0
75.7813	-2.807617E-2	-4.760742E-2	2.369080E+0	6.604614E+0
75.7813	-2.166748E-2	-4.425049E-2	2.365723E+0	6.623535E+0
75.7969	-3.356934E-2	-4.119873E-2	2.364502E+0	6.642151E+0
75.8125	-2.471924E-2	-4.089355E-2	2.360535E+0	6.662903E+0
75.8125	-2.563477E-2	-4.547119E-2	2.357483E+0	6.681519E+0
75.8281	-1.861572E-2	-3.936768E-2	2.355042E+0	6.701050E+0
75.8281	-3.265381E-2	-3.967285E-2	2.352600E+0	6.722412E+0
75.8438	-2.838135E-2	-4.547119E-2	2.349548E+0	6.741333E+0
75.8594	-2.532959E-2	-5.004883E-2	2.346802E+0	6.759033E+0
75.8594	-2.593994E-2	-4.760742E-2	2.343750E+0	6.781006E+0
75.875	-2.441406E-2	-4.577637E-2	2.340393E+0	6.799927E+0
75.875	-2.014160E-2	-4.455566E-2	2.339172E+0	6.817627E+0
75.8906	-2.380371E-2	-4.699707E-2	2.335815E+0	6.840515E+0
75.9063	-2.716064E-2	-4.577637E-2	2.333069E+0	6.857910E+0
75.9063	-2.197266E-2	-3.936768E-2	2.330627E+0	6.877441E+0
75.9219	-2.532959E-2	-4.699707E-2	2.327881E+0	6.898499E+0
75.9375	-2.532959E-2	-4.241943E-2	2.324219E+0	6.918335E+0
75.9375	-2.746582E-2	-4.638672E-2	2.321777E+0	6.936646E+0
75.9531	-2.685547E-2	-4.089355E-2	2.319336E+0	6.957092E+0
75.9688	-2.349854E-2	-3.967285E-2	2.315369E+0	6.976624E+0
75.9688	-1.983643E-2	-3.692627E-2	2.314453E+0	6.994324E+0
75.9844	-2.441406E-2	-4.211426E-2	2.311401E+0	7.016296E+0
76.0	-2.014160E-2	-4.852295E-2	2.307129E+0	7.035522E+0
76.0	-2.380371E-2	-3.845215E-2	2.305603E+0	7.054138E+0
76.0156	-1.861572E-2	-4.302979E-2	2.303162E+0	7.074890E+0
76.0313	-2.288818E-2	-3.814697E-2	2.299500E+0	7.093506E+0
76.0313	-2.075195E-2	-3.936768E-2	2.297058E+0	7.113037E+0
76.0469	-2.044678E-2	-4.028320E-2	2.293701E+0	7.134094E+0
76.0625	-1.892090E-2	-3.936768E-2	2.291260E+0	7.153931E+0
76.0625	-2.258301E-2	-3.723145E-2	2.289124E+0	7.171326E+0
76.0781	-2.227783E-2	-3.387451E-2	2.285767E+0	7.192688E+0
76.0781	-2.349854E-2	-4.516602E-2	2.282715E+0	7.211914E+0
76.0938	-2.899170E-2	-3.753662E-2	2.280579E+0	7.230225E+0
76.1094	-2.532959E-2	-3.784180E-2	2.277222E+0	7.251587E+0
76.1094	-1.953125E-2	-4.608154E-2	2.275085E+0	7.269287E+0
76.125	-2.746582E-2	-4.455566E-2	2.272644E+0	7.289734E+0
76.1406	-2.502441E-2	-4.150391E-2	2.269287E+0	7.309875E+0
76.1406	-2.532959E-2	-3.662109E-2	2.265930E+0	7.329407E+0
76.1563	-2.075195E-2	-3.723145E-2	2.265015E+0	7.348938E+0
76.1719	-1.922607E-2	-3.265381E-2	2.261353E+0	7.368774E+0
76.1719	-2.624512E-2	-4.638672E-2	2.257385E+0	7.388000E+0
76.1875	-2.563477E-2	-3.692627E-2	2.255554E+0	7.407227E+0
76.2031	-2.197266E-2	-3.753662E-2	2.252197E+0	7.427979E+0
76.2031	-2.319336E-2	-3.417969E-2	2.249756E+0	7.446899E+0
76.2188	-2.136230E-2	-3.570557E-2	2.247925E+0	7.464905E+0
76.2188	-1.983643E-2	-4.028320E-2	2.243958E+0	7.486572E+0
76.2344	-2.593994E-2	-3.540039E-2	2.242126E+0	7.504883E+0
76.25	-2.471924E-2	-3.417969E-2	2.239990E+0	7.525024E+0
76.25	-1.647949E-2	-3.417969E-2	2.236328E+0	7.545471E+0
76.2656	-2.868652E-2	-3.692627E-2	2.232666E+0	7.564087E+0
76.2656	-2.227783E-2	-2.899170E-2	2.230835E+0	7.583008E+0
76.2813	-2.044678E-2	-3.204346E-2	2.227783E+0	7.603760E+0
76.2969	-1.770020E-2	-3.997803E-2	2.225342E+0	7.623291E+0
76.2969	-2.471924E-2	-3.479004E-2	2.222900E+0	7.641907E+0
76.3125	-2.227783E-2	-3.295898E-2	2.218933E+0	7.663269E+0
76.3281	-2.471924E-2	-3.356934E-2	2.216187E+0	7.680969E+0
76.3281	-1.892090E-2	-3.051758E-2	2.214050E+0	7.699890E+0
76.3438	-1.953125E-2	-3.295898E-2	2.210693E+0	7.722168E+0
76.3594	-1.434326E-2	-3.204346E-2	2.207642E+0	7.740479E+0
76.3594	-1.800537E-2	-3.845215E-2	2.206116E+0	7.759399E+0
76.375	-1.525879E-2	-4.058838E-2	2.202759E+0	7.780151E+0
76.3906	-1.861572E-2	-3.570557E-2	2.200317E+0	7.798462E+0
76.3906	-2.197266E-2	-3.265381E-2	2.197266E+0	7.817688E+0
76.4063	-1.831055E-2	-3.540039E-2	2.194214E+0	7.839661E+0
76.4219	-2.868652E-2	-3.112793E-2	2.190857E+0	7.858276E+0
76.4219	-2.410889E-2	-2.746582E-2	2.189026E+0	7.875671E+0
76.4375	-1.739502E-2	-4.058838E-2	2.150574E+0	7.897644E+0
76.4375	-2.380371E-2	-2.685547E-2	2.041016E+0	7.897949E+0
76.4531	-1.892090E-2	-2.655029E-2	1.963501E+0	7.897644E+0
76.4688	-2.105713E-2	-2.563477E-2	1.836853E+0	7.897644E+0
76.4688	-2.044678E-2	-2.868652E-2	1.713867E+0	7.897339E+0
76.4844	-2.227783E-2	-2.929687E-2	1.651611E+0	7.896729E+0
76.5	-2.044678E-2	-2.563477E-2	1.520386E+0	7.897339E+0
76.5	-1.007080E-2	-2.502441E-2	1.400757E+0	7.896423E+0
76.5156	-1.708984E-2	-2.532959E-2	1.335754E+0	7.896423E+0
76.5313	-1.190186E-2	-2.624512E-2	1.218262E+0	7.896423E+0
76.5313	-1.098633E-2	-1.770020E-2	1.092224E+0	7.896729E+0
76.5469	-1.434326E-2	-1.678467E-2	1.028442E+0	7.896118E+0
76.5625	-1.068115E-2	-1.037598E-2	9.039307E-1	7.897339E+0
76.5625	-9.765625E-3	-2.227783E-2	7.977295E-1	7.896423E+0
76.5781	-1.159668E-2	-1.739502E-2	7.202148E-1	7.897034E+0
76.5781	-1.373291E-2	-1.403809E-2	5.932617E-1	7.896423E+0
76.5938	-1.037598E-2	-1.129150E-2	4.736328E-1	7.897034E+0
76.6094	-7.019043E-3	-1.281738E-2	4.098511E-1	7.896729E+0
76.6094	-1.251221E-2	-8.544922E-3	2.899170E-1	7.895813E+0
76.625	-9.155273E-3	-1.831055E-2	1.785278E-1	7.896423E+0
76.625	-1.220703E-2	-3.967285E-3	1.083374E-1	7.896729E+0
76.6406	-9.460449E-3	-1.190186E-2	8.850098E-3	7.896729E+0
76.6563	-5.493164E-3	-1.312256E-2	6.713867E-3	7.806702E+0
76.6563	-8.239746E-3	-1.251221E-2	7.629395E-3	7.708435E+0
76.6719	-9.155273E-3	-9.765625E-3	9.460449E-3	7.603149E+0
76.6875	-6.103516E-3	-9.765625E-3	1.007080E-2	7.504578E+0
76.6875	-5.798340E-3	-1.373291E-2	9.460449E-3	7.410278E+0
76.7031	-9.765625E-3	-1.159668E-2	1.007080E-2	7.303772E+0
76.7188	-1.800537E-2	-1.434326E-2	1.007080E-2	7.204895E+0
76.7188	-7.629395E-3	-1.312256E-2	1.037598E-2	7.112732E+0
76.7344	-1.342773E-2	-2.044678E-2	9.460449E-3	7.004395E+0
76.75	-1.495361E-2	-1.312256E-2	1.068115E-2	6.905823E+0
76.75	-1.098633E-2	-1.556396E-2	1.007080E-2	6.811829E+0
76.7656	-1.525879E-2	-1.373291E-2	1.068115E-2	6.705933E+0
76.7813	-1.159668E-2	-9.765625E-3	1.098633E-2	6.608276E+0
76.7813	-1.953125E-2	-1.525879E-2	1.068115E-2	6.510010E+0
76.7969	-1.281738E-2	-2.624512E-2	1.098633E-2	6.406555E+0
76.8125	-1.007080E-2	-1.708984E-2	1.129150E-2	6.309509E+0
76.8125	-1.251221E-2	-2.563477E-2	1.068115E-2	6.211243E+0
76.8281	-1.068115E-2	-1.373291E-2	1.007080E-2	6.106567E+0
76.8281	-1.342773E-2	-2.593994E-2	1.037598E-2	6.009521E+0
76.8438	-1.708984E-2	-2.166748E-2	1.068115E-2	5.914612E+0
76.8594	-1.159668E-2	-1.220703E-2	1.098633E-2	5.807190E+0
76.8594	-1.312256E-2	-2.929687E-2	1.068115E-2	5.711060E+0
76.875	-1.556396E-2	-1.953125E-2	1.098633E-2	5.611877E+0
76.8906	-1.373291E-2	-1.586914E-2	1.007080E-2	5.508423E+0
76.8906	-1.678467E-2	-1.861572E-2	1.098633E-2	5.411072E+0
76.9063	-1.495361E-2	-2.960205E-2	1.007080E-2	5.312195E+0
76.9219	-1.220703E-2	-2.716064E-2	1.068115E-2	5.210266E+0
76.9219	-2.075195E-2	-2.014160E-2	1.098633E-2	5.109558E+0
76.9375	-1.678467E-2	-3.234863E-2	1.098633E-2	5.015564E+0
76.9531	-1.312256E-2	-2.471924E-2	1.098633E-2	4.909058E+0
76.9531	-1.403809E-2	-2.593994E-2	1.068115E-2	4.811096E+0
76.9688	-1.922607E-2	-2.258301E-2	1.007080E-2	4.714355E+0
76.9688	-1.922607E-2	-2.746582E-2	1.098633E-2	4.610291E+0
76.9844	-2.014160E-2	-3.143311E-2	1.068115E-2	4.512024E+0
77.0	-1.464844E-2	-3.112793E-2	1.037598E-2	4.411926E+0
77.0	-1.617432E-2	-3.387451E-2	1.068115E-2	4.310608E+0
77.0156	-1.251221E-2	-3.082275E-2	1.068115E-2	4.211121E+0
77.0156	-1.525879E-2	-3.173828E-2	1.068115E-2	4.113464E+0
77.0313	-1.403809E-2	-2.899170E-2	1.007080E-2	4.009705E+0
77.0469	-1.678467E-2	-3.326416E-2	1.068115E-2	3.910522E+0
77.0469	-1.892090E-2	-3.051758E-2	1.098633E-2	3.815918E+0
77.0625	-1.922607E-2	-3.784180E-2	1.068115E-2	3.709106E+0
77.0781	-2.166748E-2	-3.448486E-2	1.129150E-2	3.609619E+0
77.0781	-1.800537E-2	-3.967285E-2	1.068115E-2	3.514404E+0
77.0938	-2.105713E-2	-2.716064E-2	1.037598E-2	3.408813E+0
77.1094	-1.800537E-2	-4.058838E-2	1.098633E-2	3.310547E+0
77.1094	-1.922607E-2	-4.394531E-2	1.037598E-2	3.211365E+0
77.125	-2.349854E-2	-3.601074E-2	1.098633E-2	3.108521E+0
77.1406	-2.075195E-2	-3.448486E-2	1.098633E-2	3.008728E+0
77.1406	-2.410889E-2	-3.723145E-2	1.068115E-2	2.912292E+0
77.1563	-2.075195E-2	-4.150391E-2	1.129150E-2	2.808228E+0
77.1719	-2.044678E-2	-3.692627E-2	1.007080E-2	2.709656E+0
77.1719	-1.525879E-2	-3.875732E-2	9.765625E-3	2.611694E+0
77.1875	-2.624512E-2	-4.089355E-2	1.098633E-2	2.506409E+0
77.1875	-2.227783E-2	-3.723145E-2	1.037598E-2	2.408447E+0
77.2031	-1.495361E-2	-4.119873E-2	9.765625E-3	2.308655E+0
77.2188	-2.838135E-2	-4.028320E-2	1.068115E-2	2.206116E+0
77.2188	-2.014160E-2	-3.540039E-2	1.037598E-2	2.106323E+0
77.2344	-2.258301E-2	-3.540039E-2	9.765625E-3	2.007751E+0
77.25	-2.197266E-2	-3.723145E-2	1.129150E-2	1.905212E+0
77.25	-2.258301E-2	-3.692627E-2	1.068115E-2	1.806946E+0
77.2656	-2.838135E-2	-4.211426E-2	1.098633E-2	1.709595E+0
77.2813	-2.838135E-2	-4.760742E-2	1.190186E-2	1.604004E+0
77.2813	-2.075195E-2	-3.845215E-2	1.159668E-2	1.505127E+0
77.2969	-2.929687E-2	-4.028320E-2	1.190186E-2	1.409912E+0
77.3125	-2.380371E-2	-5.004883E-2	1.098633E-2	1.304321E+0
77.3125	-1.800537E-2	-4.425049E-2	1.159668E-2	1.205139E+0
77.3281	-2.166748E-2	-3.906250E-2	1.129150E-2	1.105042E+0
77.3281	-2.044678E-2	-4.425049E-2	1.159668E-2	1.003723E+0
77.3438	-2.441406E-2	-5.584717E-2	1.159668E-2	9.054565E-1
77.3594	-2.105713E-2	-5.065918E-2	1.098633E-2	8.065796E-1
77.3594	-2.410889E-2	-5.737305E-2	1.190186E-2	7.031250E-1
77.375	-3.021240E-2	-4.425049E-2	1.098633E-2	6.030273E-1
77.375	-2.227783E-2	-4.638672E-2	1.159668E-2	5.050659E-1
77.3906	-2.807617E-2	-4.852295E-2	1.129150E-2	4.016113E-1
77.4063	-2.593994E-2	-5.065918E-2	1.159668E-2	3.039551E-1
77.4063	-2.716064E-2	-4.089355E-2	1.098633E-2	2.044678E-1
77.4219	-2.685547E-2	-4.791260E-2	1.159668E-2	1.013184E-1
77.4375	-2.349854E-2	-4.425049E-2	1.220703E-2	2.746582E-3
77.4375	-2.624512E-2	-5.004883E-2	1.220703E-2	3.662109E-3
77.4531	-2.502441E-2	-4.699707E-2	1.190186E-2	7.324219E-3
77.4688	-2.319336E-2	-5.035400E-2	1.220703E-2	7.629395E-3
77.4688	-2.014160E-2	-4.638672E-2	1.220703E-2	7.629395E-3
77.4844	-2.777100E-2	-5.249023E-2	1.190186E-2	7.629395E-3
77.5	-2.258301E-2	-5.310059E-2	1.190186E-2	8.850098E-3
77.5	-2.471924E-2	-5.004883E-2	1.220703E-2	7.629395E-3
77.5156	-3.295898E-2	-4.486084E-2	1.159668E-2	8.239746E-3
77.5313	-2.441406E-2	-5.218506E-2	1.251221E-2	7.934570E-3
77.5313	-2.838135E-2	-4.760742E-2	1.190186E-2	8.239746E-3
77.5469	-3.112793E-2	-4.882812E-2	1.190186E-2	8.544922E-3
77.5625	-2.502441E-2	-5.157471E-2	1.159668E-2	7.934570E-3
77.5625	-2.807617E-2	-5.279541E-2	1.190186E-2	9.155273E-3
77.5781	-2.838135E-2	-4.394531E-2	1.098633E-2	8.239746E-3
77.5781	-2.441406E-2	-4.699707E-2	1.129150E-2	7.934570E-3
77.5938	-2.807617E-2	-4.913330E-2	1.159668E-2	8.239746E-3
77.6094	-2.746582E-2	-5.462646E-2	1.159668E-2	8.544922E-3
77.6094	-2.777100E-2	-4.913330E-2	1.129150E-2	8.544922E-3
77.625	-2.014160E-2	-4.699707E-2	1.220703E-2	8.544922E-3
77.6406	-2.899170E-2	-4.943848E-2	1.159668E-2	9.155273E-3
77.6406	-1.739502E-2	-4.241943E-2	1.129150E-2	8.544922E-3
77.6563	-2.685547E-2	-5.767822E-2	1.159668E-2	9.155273E-3
77.6719	-2.716064E-2	-5.523682E-2	1.220703E-2	8.850098E-3
77.6719	-2.624512E-2	-5.126953E-2	1.220703E-2	8.239746E-3
77.6875	-2.563477E-2	-5.035400E-2	1.190186E-2	8.544922E-3
77.7031	-2.777100E-2	-4.150391E-2	1.159668E-2	8.850098E-3
77.7031	-2.197266E-2	-4.272461E-2	1.159668E-2	8.544922E-3
77.7188	-2.807617E-2	-5.340576E-2	1.190186E-2	8.544922E-3
77.7188	-2.471924E-2	-4.150391E-2	1.159668E-2	9.155273E-3
77.7344	-2.685547E-2	-5.035400E-2	1.220703E-2	8.544922E-3
77.75	-2.044678E-2	-4.852295E-2	1.190186E-2	8.850098E-3
77.75	-2.532959E-2	-5.401611E-2	1.159668E-2	9.155273E-3
77.7656	-2.044678E-2	-4.577637E-2	1.159668E-2	9.155273E-3
77.7656	-2.563477E-2	-5.187988E-2	1.159668E-2	8.239746E-3
77.7813	-2.441406E-2	-5.828857E-2	1.251221E-2	8.544922E-3
77.7969	-1.770020E-2	-4.821777E-2	1.190186E-2	8.850098E-3
77.7969	-2.716064E-2	-5.218506E-2	1.220703E-2	8.850098E-3
77.8125	-2.532959E-2	-5.187988E-2	1.159668E-2	8.544922E-3
77.8281	-2.410889E-2	-4.577637E-2	1.190186E-2	8.850098E-3
77.8281	-3.021240E-2	-4.699707E-2	1.159668E-2	8.850098E-3
77.8438	-2.258301E-2	-4.455566E-2	1.159668E-2	8.850098E-3
77.8594	-1.800537E-2	-4.455566E-2	1.159668E-2	8.850098E-3
77.8594	-2.441406E-2	-4.364014E-2	1.190186E-2	9.460449E-3
77.875	-2.136230E-2	-4.547119E-2	1.159668E-2	8.850098E-3
77.8906	-2.380371E-2	-4.608154E-2	1.220703E-2	8.544922E-3
77.8906	-2.593994E-2	-4.760742E-2	1.190186E-2	8.544922E-3
77.9063	-2.075195E-2	-4.699707E-2	1.220703E-2	9.155273E-3
77.9219	-2.716064E-2	-4.760742E-2	1.159668E-2	8.850098E-3
77.9219	-3.021240E-2	-4.913330E-2	1.190186E-2	9.155273E-3
77.9375	-2.319336E-2	-5.523682E-2	1.190186E-2	8.850098E-3
77.9375	-2.593994E-2	-5.096436E-2	1.190186E-2	8.850098E-3
77.9531	-1.983643E-2	-4.760742E-2	1.190186E-2	8.850098E-3
77.9688	-2.319336E-2	-4.241943E-2	1.220703E-2	8.850098E-3
77.9688	-2.746582E-2	-5.310059E-2	1.159668E-2	8.544922E-3
77.9844	-2.960205E-2	-5.187988E-2	1.159668E-2	8.544922E-3
78.0	-1.983643E-2	-4.699707E-2	1.190186E-2	8.850098E-3
78.0	-2.075195E-2	-4.730225E-2	1.220703E-2	8.544922E-3
78.0156	-2.349854E-2	-4.699707E-2	1.190186E-2	9.460449E-3
78.0313	-2.288818E-2	-5.065918E-2	1.190186E-2	9.155273E-3
78.0313	-2.563477E-2	-4.211426E-2	1.159668E-2	9.460449E-3
78.0469	-2.532959E-2	-5.126953E-2	1.190186E-2	9.155273E-3
78.0625	-2.777100E-2	-4.302979E-2	1.190186E-2	8.850098E-3
78.0625	-2.044678E-2	-4.638672E-2	1.159668E-2	8.239746E-3
78.0781	-2.716064E-2	-4.943848E-2	1.251221E-2	9.155273E-3
78.0781	-2.044678E-2	-4.913330E-2	1.190186E-2	8.850098E-3
78.0938	-2.593994E-2	-5.096436E-2	1.190186E-2	9.155273E-3
78.1094	-2.471924E-2	-4.486084E-2	1.220703E-2	8.544922E-3
78.1094	-3.021240E-2	-4.455566E-2	1.159668E-2	8.850098E-3
78.125	-2.624512E-2	-5.279541E-2	1.129150E-2	8.850098E-3
78.125	-2.197266E-2	-5.645752E-2	1.190186E-2	8.850098E-3
78.1406	-1.434326E-2	-5.187988E-2	1.190186E-2	9.155273E-3
78.1563	-2.593994E-2	-4.119873E-2	1.129150E-2	8.850098E-3
78.1563	-2.105713E-2	-5.157471E-2	1.190186E-2	8.850098E-3
78.1719	-3.051758E-2	-4.364014E-2	1.220703E-2	8.850098E-3
78.1875	-1.892090E-2	-5.187988E-2	1.159668E-2	8.850098E-3
78.1875	-2.349854E-2	-4.791260E-2	1.220703E-2	8.850098E-3
78.2031	-2.471924E-2	-4.394531E-2	1.190186E-2	9.155273E-3
78.2188	-3.082275E-2	-4.547119E-2	1.190186E-2	8.544922E-3
78.2188	-2.075195E-2	-4.455566E-2	1.159668E-2	9.155273E-3
78.2344	-2.655029E-2	-5.462646E-2	1.159668E-2	9.155273E-3
78.25	-2.380371E-2	-4.516602E-2	1.129150E-2	9.155273E-3
78.25	-1.525879E-2	-5.157471E-2	1.190186E-2	9.155273E-3
78.2656	-1.892090E-2	-4.302979E-2	1.159668E-2	8.850098E-3
78.2813	-2.899170E-2	-4.608154E-2	1.190186E-2	8.850098E-3
78.2813	-3.173828E-2	-5.218506E-2	1.159668E-2	8.850098E-3
78.2969	-2.349854E-2	-4.852295E-2	1.220703E-2	9.460449E-3
78.3125	-2.227783E-2	-4.425049E-2	1.190186E-2	8.544922E-3
78.3125	-2.502441E-2	-4.547119E-2	1.129150E-2	8.850098E-3
78.3281	-2.685547E-2	-3.906250E-2	1.190186E-2	8.850098E-3
78.3281	-2.258301E-2	-5.187988E-2	1.190186E-2	9.460449E-3
78.3438	-2.899170E-2	-5.462646E-2	1.220703E-2	8.850098E-3
78.3594	-1.831055E-2	-4.791260E-2	1.190186E-2	8.850098E-3
78.3594	-2.197266E-2	-4.516602E-2	1.190186E-2	8.544922E-3
78.375	-2.502441E-2	-4.547119E-2	1.190186E-2	8.850098E-3
78.3906	-1.983643E-2	-4.211426E-2	1.129150E-2	8.544922E-3
78.3906	-2.746582E-2	-5.157471E-2	1.190186E-2	8.544922E-3
78.4063	-2.441406E-2	-4.547119E-2	1.251221E-2	9.460449E-3
78.4219	-1.831055E-2	-4.974365E-2	1.220703E-2	9.460449E-3
78.4219	-2.624512E-2	-5.615234E-2	1.098633E-2	8.850098E-3
78.4375	-2.227783E-2	-5.432129E-2	1.220703E-2	8.544922E-3
78.4531	-2.563477E-2	-4.730225E-2	1.190186E-2	8.850098E-3
78.4531	-1.892090E-2	-5.310059E-2	1.159668E-2	9.155273E-3
78.4688	-1.892090E-2	-5.310059E-2	1.159668E-2	8.544922E-3
