December 03, 2009 16:14
629a03
H:\026-20091203-sws12-ls\traj\LS_p30_d80_vp20_vd20.traj
lateral amplification = 100
normal amp = 100
pitch angle = -3
roll angle = 200
cantilever = 629a03
sample = sws12
<data>
time	voltageForceLateral	voltageForceNormal	voltagePositionX	voltagePositionY
25.7656	-9.460449E-3	1.525879E-3	8.239746E-3	5.187988E-3
25.7812	-1.007080E-2	5.798340E-3	7.934570E-3	5.187988E-3
25.7969	-1.159668E-2	0.000000E+0	8.544922E-3	5.187988E-3
25.7969	-1.495361E-2	1.220703E-3	8.239746E-3	5.187988E-3
25.8125	-9.460449E-3	2.746582E-3	8.239746E-3	5.798340E-3
25.8125	-1.495361E-2	3.356934E-3	8.544922E-3	5.187988E-3
25.8281	-1.037598E-2	-2.441406E-3	7.629395E-3	5.798340E-3
25.8437	-1.037598E-2	-2.136230E-3	7.934570E-3	5.798340E-3
25.8437	-1.220703E-2	-4.577637E-3	7.629395E-3	4.577637E-3
25.8594	-1.403809E-2	9.155273E-4	8.239746E-3	5.187988E-3
25.875	-1.464844E-2	-2.136230E-3	8.239746E-3	5.493164E-3
25.875	-6.408691E-3	-1.831055E-3	8.239746E-3	4.577637E-3
25.8906	-1.403809E-2	4.272461E-3	8.239746E-3	5.187988E-3
25.9062	-1.312256E-2	-6.103516E-4	8.544922E-3	4.882812E-3
25.9062	-1.708984E-2	0.000000E+0	8.239746E-3	5.493164E-3
25.9219	-1.586914E-2	9.155273E-4	8.850098E-3	5.493164E-3
25.9219	-1.617432E-2	-1.831055E-3	8.239746E-3	5.187988E-3
25.9375	-1.220703E-2	1.831055E-3	7.934570E-3	5.493164E-3
25.9531	-1.190186E-2	-1.220703E-3	8.239746E-3	5.493164E-3
25.9531	-1.159668E-2	-3.051758E-3	8.544922E-3	5.798340E-3
25.9687	-1.190186E-2	6.103516E-3	8.239746E-3	5.493164E-3
25.9687	-1.525879E-2	3.051758E-4	7.934570E-3	5.187988E-3
25.9844	-1.312256E-2	-1.831055E-3	8.544922E-3	5.187988E-3
26.0	-6.103516E-3	7.019043E-3	8.239746E-3	5.493164E-3
26.0	-1.068115E-2	4.577637E-3	8.544922E-3	5.493164E-3
26.0156	-1.159668E-2	-9.155273E-4	8.239746E-3	4.882812E-3
26.0312	-1.159668E-2	-1.831055E-3	7.324219E-3	5.493164E-3
26.0312	-1.739502E-2	1.831055E-3	8.239746E-3	5.187988E-3
26.0469	-1.770020E-2	-6.103516E-3	8.239746E-3	5.493164E-3
26.0625	-1.068115E-2	1.220703E-3	8.239746E-3	5.493164E-3
26.0625	-2.197266E-2	2.136230E-3	7.934570E-3	5.493164E-3
26.0781	-9.460449E-3	6.103516E-4	7.934570E-3	5.187988E-3
26.0937	-1.708984E-2	6.103516E-4	8.239746E-3	5.187988E-3
26.0937	-8.850098E-3	6.103516E-4	8.239746E-3	4.882812E-3
26.1094	-4.882812E-3	3.662109E-3	8.239746E-3	5.187988E-3
26.125	-1.678467E-2	-2.136230E-3	7.934570E-3	5.493164E-3
26.125	-1.495361E-2	1.220703E-3	8.239746E-3	5.187988E-3
26.1406	-1.342773E-2	4.272461E-3	8.239746E-3	5.493164E-3
26.1562	-1.525879E-2	2.746582E-3	8.239746E-3	4.882812E-3
26.1562	-8.239746E-3	-3.662109E-3	8.239746E-3	5.187988E-3
26.1719	-1.281738E-2	-3.051758E-4	8.239746E-3	5.187988E-3
26.1719	-9.765625E-3	3.051758E-3	7.629395E-3	4.577637E-3
26.1875	-1.800537E-2	-3.662109E-3	7.629395E-3	6.103516E-3
26.2031	-1.861572E-2	-2.136230E-3	7.934570E-3	5.187988E-3
26.2031	-9.460449E-3	6.408691E-3	7.934570E-3	5.798340E-3
26.2187	-1.007080E-2	-6.103516E-4	8.239746E-3	5.187988E-3
26.2344	-1.129150E-2	-2.746582E-3	7.934570E-3	5.493164E-3
26.2344	-1.251221E-2	1.220703E-3	8.239746E-3	5.493164E-3
26.25	-1.556396E-2	-1.220703E-3	7.934570E-3	6.103516E-3
26.2656	-1.770020E-2	3.356934E-3	7.629395E-3	5.493164E-3
26.2656	-1.251221E-2	9.155273E-4	8.544922E-3	5.493164E-3
26.2812	-1.708984E-2	3.051758E-4	8.239746E-3	5.187988E-3
26.2969	-1.312256E-2	0.000000E+0	8.544922E-3	5.493164E-3
26.2969	-1.037598E-2	2.136230E-3	8.239746E-3	5.187988E-3
26.3125	-1.983643E-2	-5.798340E-3	7.934570E-3	5.493164E-3
26.3125	-9.765625E-3	-9.155273E-4	8.544922E-3	5.187988E-3
26.3281	-1.922607E-2	-3.051758E-4	8.239746E-3	4.882812E-3
26.3437	-1.708984E-2	6.713867E-3	8.239746E-3	4.577637E-3
26.3437	-1.464844E-2	9.155273E-4	7.629395E-3	5.493164E-3
26.3594	-1.556396E-2	2.441406E-3	7.934570E-3	5.187988E-3
26.3594	-1.708984E-2	-1.525879E-3	9.155273E-3	5.187988E-3
26.375	-1.556396E-2	5.493164E-3	8.239746E-3	5.493164E-3
26.3906	-1.464844E-2	4.882812E-3	8.239746E-3	5.798340E-3
26.3906	-8.239746E-3	1.831055E-3	8.544922E-3	5.187988E-3
26.4062	-1.098633E-2	5.187988E-3	7.629395E-3	4.882812E-3
26.4219	-1.129150E-2	-9.155273E-4	7.934570E-3	4.882812E-3
26.4219	-1.251221E-2	0.000000E+0	7.934570E-3	5.187988E-3
26.4375	-1.495361E-2	-6.103516E-4	8.239746E-3	6.103516E-3
26.4531	-1.495361E-2	-1.220703E-3	7.934570E-3	5.493164E-3
26.4531	-1.647949E-2	-1.525879E-3	8.239746E-3	5.493164E-3
26.4687	-1.556396E-2	3.967285E-3	7.934570E-3	5.187988E-3
26.4844	-9.765625E-3	5.493164E-3	7.934570E-3	4.882812E-3
26.4844	-1.983643E-2	-3.051758E-3	8.239746E-3	4.882812E-3
26.5	-7.934570E-3	-5.798340E-3	8.544922E-3	6.103516E-3
26.5156	-1.525879E-2	2.746582E-3	8.850098E-3	5.798340E-3
26.5156	-1.037598E-2	4.882812E-3	8.239746E-3	5.493164E-3
26.5312	-1.373291E-2	-2.746582E-3	8.544922E-3	5.493164E-3
26.5469	-1.464844E-2	6.103516E-3	7.934570E-3	4.882812E-3
26.5469	-1.770020E-2	-3.051758E-4	8.239746E-3	5.798340E-3
26.5625	-1.251221E-2	4.577637E-3	7.934570E-3	5.798340E-3
26.5625	-1.220703E-2	9.155273E-4	8.239746E-3	5.187988E-3
26.5781	-1.220703E-2	-3.967285E-3	7.629395E-3	4.882812E-3
26.5937	-6.408691E-3	-1.220703E-3	7.934570E-3	5.187988E-3
26.5937	-1.434326E-2	9.155273E-4	8.239746E-3	5.187988E-3
26.6094	-1.770020E-2	4.577637E-3	7.629395E-3	5.798340E-3
26.625	-1.434326E-2	3.051758E-4	8.544922E-3	5.798340E-3
26.625	-9.155273E-3	-3.051758E-4	8.544922E-3	5.187988E-3
26.6406	-5.798340E-3	-3.051758E-3	8.239746E-3	5.798340E-3
26.6562	-1.129150E-2	-3.051758E-4	7.629395E-3	5.493164E-3
26.6562	-1.434326E-2	0.000000E+0	8.544922E-3	5.187988E-3
26.6719	-1.434326E-2	-9.155273E-4	7.629395E-3	5.187988E-3
26.6719	-1.251221E-2	1.525879E-3	8.239746E-3	5.493164E-3
26.6875	-7.629395E-3	2.441406E-3	8.239746E-3	5.187988E-3
26.7031	-1.495361E-2	3.356934E-3	8.239746E-3	4.272461E-3
26.7031	-1.251221E-2	1.831055E-3	8.239746E-3	5.798340E-3
26.7187	-1.464844E-2	8.239746E-3	7.629395E-3	5.493164E-3
26.7187	-1.220703E-2	-6.103516E-3	8.544922E-3	5.493164E-3
26.7344	-1.800537E-2	-6.103516E-4	8.239746E-3	5.493164E-3
26.75	-1.739502E-2	3.967285E-3	1.525879E-2	5.493164E-3
26.75	-1.525879E-2	-2.441406E-3	2.807617E-2	5.187988E-3
26.7656	-1.190186E-2	-2.136230E-3	5.279541E-2	5.187988E-3
26.7812	-1.892090E-2	-2.746582E-3	7.324219E-2	4.882812E-3
26.7812	-1.892090E-2	-1.525879E-3	8.941650E-2	4.882812E-3
26.7969	-1.159668E-2	-5.798340E-3	1.113892E-1	5.187988E-3
26.8125	-1.434326E-2	-5.798340E-3	1.367187E-1	5.187988E-3
26.8125	-1.892090E-2	-1.098633E-2	1.495361E-1	4.882812E-3
26.8281	-2.258301E-2	-1.434326E-2	1.745605E-1	5.187988E-3
26.8437	-2.197266E-2	-1.037598E-2	1.971436E-1	5.798340E-3
26.8437	-2.105713E-2	-1.770020E-2	2.093506E-1	5.493164E-3
26.8594	-1.495361E-2	-1.281738E-2	2.334595E-1	5.187988E-3
26.875	-1.953125E-2	-1.739502E-2	2.529907E-1	4.882812E-3
26.875	-2.471924E-2	-2.471924E-2	2.685547E-1	4.882812E-3
26.8906	-1.983643E-2	-2.014160E-2	2.932739E-1	5.493164E-3
26.9062	-2.105713E-2	-1.892090E-2	3.161621E-1	5.187988E-3
26.9062	-1.800537E-2	-2.471924E-2	3.295898E-1	5.493164E-3
26.9219	-2.044678E-2	-2.899170E-2	3.512573E-1	4.577637E-3
26.9219	-1.983643E-2	-2.563477E-2	3.765869E-1	5.493164E-3
26.9375	-2.502441E-2	-3.692627E-2	3.884888E-1	5.187988E-3
26.9531	-2.655029E-2	-3.753662E-2	4.104614E-1	5.798340E-3
26.9531	-2.532959E-2	-3.295898E-2	4.360962E-1	5.493164E-3
26.9687	-2.593994E-2	-3.417969E-2	4.486084E-1	5.798340E-3
26.9844	-2.716064E-2	-3.906250E-2	4.730225E-1	5.493164E-3
26.9844	-2.502441E-2	-4.150391E-2	4.922485E-1	4.882812E-3
27.0	-3.143311E-2	-4.394531E-2	5.087280E-1	4.882812E-3
27.0156	-2.685547E-2	-4.486084E-2	5.319214E-1	5.798340E-3
27.0156	-3.112793E-2	-3.662109E-2	5.554199E-1	5.493164E-3
27.0312	-3.387451E-2	-4.241943E-2	5.688477E-1	5.798340E-3
27.0469	-2.441406E-2	-4.699707E-2	5.938721E-1	5.187988E-3
27.0469	-2.746582E-2	-5.249023E-2	6.152344E-1	5.187988E-3
27.0625	-3.021240E-2	-5.065918E-2	6.286621E-1	5.187988E-3
27.0625	-2.563477E-2	-5.279541E-2	6.521606E-1	5.187988E-3
27.0781	-2.990723E-2	-5.554199E-2	6.716919E-1	5.187988E-3
27.0937	-2.929687E-2	-5.798340E-2	6.866455E-1	5.493164E-3
27.0937	-3.387451E-2	-6.439209E-2	7.095337E-1	5.187988E-3
27.1094	-3.204346E-2	-6.103516E-2	7.333374E-1	5.798340E-3
27.1094	-3.234863E-2	-5.767822E-2	7.476807E-1	5.493164E-3
27.125	-3.997803E-2	-6.347656E-2	7.711792E-1	5.798340E-3
27.1406	-3.234863E-2	-6.683350E-2	7.943726E-1	5.187988E-3
27.1406	-3.387451E-2	-6.988525E-2	8.068848E-1	5.493164E-3
27.1562	-3.936768E-2	-6.622314E-2	8.325195E-1	5.493164E-3
27.1719	-4.241943E-2	-7.354736E-2	8.554077E-1	5.798340E-3
27.1719	-3.173828E-2	-7.476807E-2	8.673096E-1	5.798340E-3
27.1875	-3.692627E-2	-7.843018E-2	8.905029E-1	5.493164E-3
27.2031	-3.936768E-2	-7.171631E-2	9.118652E-1	4.882812E-3
27.2031	-3.204346E-2	-8.453369E-2	9.268188E-1	5.493164E-3
27.2187	-3.662109E-2	-8.117676E-2	9.512329E-1	4.577637E-3
27.2344	-4.028320E-2	-7.965088E-2	9.738159E-1	5.798340E-3
27.2344	-3.662109E-2	-8.056641E-2	9.866333E-1	5.187988E-3
27.25	-3.570557E-2	-8.605957E-2	1.011353E+0	4.577637E-3
27.2656	-4.364014E-2	-8.239746E-2	1.033325E+0	5.187988E-3
27.2656	-5.004883E-2	-9.338379E-2	1.046448E+0	5.798340E-3
27.2812	-4.547119E-2	-9.552002E-2	1.067505E+0	5.798340E-3
27.2969	-3.936768E-2	-9.704590E-2	1.093750E+0	6.103516E-3
27.2969	-4.882812E-2	-9.796143E-2	1.106262E+0	5.493164E-3
27.3125	-4.699707E-2	-1.019287E-1	1.129761E+0	4.882812E-3
27.3125	-5.157471E-2	-1.022339E-1	1.153564E+0	5.187988E-3
27.3281	-4.211426E-2	-1.037598E-1	1.166687E+0	5.798340E-3
27.3437	-5.065918E-2	-1.007080E-1	1.187134E+0	5.187988E-3
27.3437	-4.394531E-2	-1.040649E-1	1.212769E+0	4.882812E-3
27.3594	-5.371094E-2	-1.074219E-1	1.225281E+0	4.577637E-3
27.375	-5.157471E-2	-1.110840E-1	1.251221E+0	4.882812E-3
27.375	-5.035400E-2	-1.101685E-1	1.273499E+0	5.187988E-3
27.3906	-4.974365E-2	-1.098633E-1	1.286011E+0	4.882812E-3
27.4062	-4.547119E-2	-1.132202E-1	1.309814E+0	5.493164E-3
27.4062	-5.798340E-2	-1.184082E-1	1.329041E+0	4.882812E-3
27.4219	-4.577637E-2	-1.217651E-1	1.345520E+0	5.798340E-3
27.4219	-4.669189E-2	-1.214600E-1	1.366272E+0	5.493164E-3
27.4375	-5.615234E-2	-1.196289E-1	1.391602E+0	5.187988E-3
27.4531	-5.676270E-2	-1.306152E-1	1.404419E+0	5.187988E-3
27.4531	-6.378174E-2	-1.281738E-1	1.430054E+0	5.798340E-3
27.4687	-5.432129E-2	-1.364136E-1	1.454468E+0	4.882812E-3
27.4687	-6.103516E-2	-1.309204E-1	1.464539E+0	5.798340E-3
27.4844	-5.432129E-2	-1.364136E-1	1.485596E+0	5.493164E-3
27.5	-5.889893E-2	-1.370239E-1	1.511536E+0	5.493164E-3
27.5	-6.225586E-2	-1.425171E-1	1.524658E+0	4.882812E-3
27.5156	-6.530762E-2	-1.437378E-1	1.547852E+0	5.187988E-3
27.5312	-6.896973E-2	-1.394653E-1	1.567993E+0	5.187988E-3
27.5312	-6.561279E-2	-1.406860E-1	1.583862E+0	5.187988E-3
27.5469	-6.500244E-2	-1.504517E-1	1.605530E+0	5.493164E-3
27.5625	-6.195068E-2	-1.483154E-1	1.631165E+0	6.103516E-3
27.5625	-6.591797E-2	-1.492310E-1	1.643372E+0	5.493164E-3
27.5781	-5.493164E-2	-1.586914E-1	1.668396E+0	5.493164E-3
27.5937	-6.622314E-2	-1.574707E-1	1.691284E+0	4.882812E-3
27.5937	-6.988525E-2	-1.641846E-1	1.704407E+0	5.187988E-3
27.6094	-7.263184E-2	-1.596069E-1	1.728210E+0	5.493164E-3
27.625	-6.469727E-2	-1.696777E-1	1.747131E+0	5.187988E-3
27.625	-6.652832E-2	-1.651001E-1	1.763306E+0	5.493164E-3
27.6406	-6.988525E-2	-1.675415E-1	1.784363E+0	5.798340E-3
27.6562	-6.866455E-2	-1.712036E-1	1.809387E+0	4.882812E-3
27.6562	-6.835937E-2	-1.779175E-1	1.822815E+0	5.493164E-3
27.6719	-7.385254E-2	-1.727295E-1	1.845093E+0	5.187988E-3
27.6719	-8.117676E-2	-1.788330E-1	1.870422E+0	5.493164E-3
27.6875	-7.202148E-2	-1.809692E-1	1.882019E+0	5.493164E-3
27.7031	-7.446289E-2	-1.852417E-1	1.903992E+0	5.493164E-3
27.7031	-7.904053E-2	-1.855469E-1	1.929626E+0	5.493164E-3
27.7187	-7.415771E-2	-1.895142E-1	1.941833E+0	5.187988E-3
27.7344	-7.263184E-2	-1.913452E-1	1.966553E+0	5.187988E-3
27.7344	-7.843018E-2	-1.947021E-1	1.986389E+0	5.187988E-3
27.75	-8.148193E-2	-1.940918E-1	2.002563E+0	5.187988E-3
27.7656	-7.507324E-2	-1.925659E-1	2.025452E+0	4.882812E-3
27.7656	-8.178711E-2	-2.032471E-1	2.049561E+0	5.493164E-3
27.7812	-8.575439E-2	-2.075195E-1	2.061462E+0	5.187988E-3
27.7969	-8.331299E-2	-2.041626E-1	2.086487E+0	5.493164E-3
27.7969	-8.270264E-2	-2.099609E-1	2.108765E+0	5.187988E-3
27.8125	-7.446289E-2	-2.075195E-1	2.121277E+0	5.187988E-3
27.8125	-8.270264E-2	-2.117920E-1	2.144775E+0	5.187988E-3
27.8281	-8.209229E-2	-2.157593E-1	2.165833E+0	4.882812E-3
27.8437	-9.338379E-2	-2.239990E-1	2.181091E+0	4.577637E-3
27.8437	-8.544922E-2	-2.221680E-1	2.202454E+0	4.882812E-3
27.8594	-8.300781E-2	-2.267456E-1	2.228088E+0	4.882812E-3
27.8594	-8.697510E-2	-2.264404E-1	2.240906E+0	5.493164E-3
27.875	-8.361816E-2	-2.264404E-1	2.262878E+0	4.882812E-3
27.8906	-8.758545E-2	-2.328491E-1	2.288208E+0	5.187988E-3
27.8906	-8.941650E-2	-2.395630E-1	2.300720E+0	5.187988E-3
27.9062	-9.338379E-2	-2.380371E-1	2.325745E+0	5.493164E-3
27.9219	-1.028442E-1	-2.459717E-1	2.348022E+0	6.103516E-3
27.9219	-9.429932E-2	-2.502441E-1	2.360229E+0	5.493164E-3
27.9375	-9.521484E-2	-2.450562E-1	2.384033E+0	5.493164E-3
27.9531	-9.429932E-2	-2.532959E-1	2.403870E+0	5.187988E-3
27.9531	-9.582520E-2	-2.539062E-1	2.420349E+0	5.493164E-3
27.9687	-9.979248E-2	-2.551270E-1	2.442017E+0	6.103516E-3
27.9844	-1.007080E-1	-2.597046E-1	2.467651E+0	4.882812E-3
27.9844	-1.013184E-1	-2.642822E-1	2.479553E+0	4.577637E-3
28.0	-1.022339E-1	-2.648926E-1	2.504272E+0	5.187988E-3
28.0156	-1.046753E-1	-2.731323E-1	2.527466E+0	5.798340E-3
28.0156	-1.013184E-1	-2.700806E-1	2.538757E+0	5.493164E-3
28.0312	-1.037598E-1	-2.749634E-1	2.560425E+0	5.493164E-3
28.0469	-1.083374E-1	-2.841187E-1	2.586670E+0	6.103516E-3
28.0469	-1.083374E-1	-2.850342E-1	2.599487E+0	5.187988E-3
28.0625	-1.062012E-1	-2.883911E-1	2.622681E+0	5.493164E-3
28.0625	-1.119995E-1	-2.871704E-1	2.646179E+0	5.493164E-3
28.0781	-1.098633E-1	-2.932739E-1	2.658997E+0	5.493164E-3
28.0937	-1.068115E-1	-2.981567E-1	2.680359E+0	5.493164E-3
28.0937	-1.092529E-1	-2.981567E-1	2.705688E+0	5.493164E-3
28.1094	-1.107788E-1	-3.021240E-1	2.718201E+0	5.493164E-3
28.125	-1.135254E-1	-3.094482E-1	2.743835E+0	5.187988E-3
28.125	-1.113892E-1	-3.445435E-1	2.766113E+0	5.493164E-3
28.1406	-1.126099E-1	-3.439331E-1	2.778015E+0	4.882812E-3
28.1562	-1.202393E-1	-3.091431E-1	2.801514E+0	5.798340E-3
28.1562	-1.110840E-1	-2.917480E-1	2.821960E+0	6.103516E-3
28.1719	-1.205444E-1	-2.709961E-1	2.838440E+0	5.187988E-3
28.1719	-1.214600E-1	-2.478027E-1	2.859497E+0	5.187988E-3
28.1875	-1.181030E-1	-2.218628E-1	2.884827E+0	5.798340E-3
28.2031	-1.119995E-1	-2.069092E-1	2.897949E+0	5.493164E-3
28.2031	-1.245117E-1	-1.806641E-1	2.922058E+0	5.187988E-3
28.2187	-1.303101E-1	-1.452637E-1	2.944946E+0	5.493164E-3
28.2187	-1.364136E-1	-1.397705E-1	2.957153E+0	5.798340E-3
28.2344	-1.342773E-1	-1.193237E-1	2.978821E+0	5.798340E-3
28.25	-1.333618E-1	-9.185791E-2	2.993774E+0	5.187988E-3
28.25	-1.626587E-1	-1.010132E-1	2.992859E+0	2.349854E-2
28.2656	-1.849365E-1	-9.216309E-2	2.991333E+0	4.455566E-2
28.2812	-2.142334E-1	-1.089478E-1	2.990417E+0	6.347656E-2
28.2812	-2.343750E-1	-1.046753E-1	2.989197E+0	8.361816E-2
28.2969	-2.651978E-1	-1.080322E-1	2.987976E+0	1.049805E-1
28.3125	-2.731323E-1	-1.034546E-1	2.986145E+0	1.248169E-1
28.3125	-2.984619E-1	-1.055908E-1	2.986145E+0	1.434326E-1
28.3281	-3.259277E-1	-1.071167E-1	2.984314E+0	1.647949E-1
28.3437	-3.546143E-1	-1.065063E-1	2.983398E+0	1.846313E-1
28.3437	-3.656006E-1	-1.119995E-1	2.983093E+0	2.035522E-1
28.3594	-3.982544E-1	-1.162720E-1	2.980652E+0	2.252197E-1
28.375	-4.229736E-1	-1.226807E-1	2.978210E+0	2.447510E-1
28.375	-4.476929E-1	-1.232910E-1	2.978821E+0	2.642822E-1
28.3906	-4.702759E-1	-1.251221E-1	2.977905E+0	2.850342E-1
28.4062	-4.846191E-1	-1.284790E-1	2.976685E+0	3.045654E-1
28.4062	-5.154419E-1	-1.275635E-1	2.976379E+0	3.240967E-1
28.4219	-5.389404E-1	-1.333618E-1	2.974854E+0	3.451538E-1
28.4219	-5.673218E-1	-1.321411E-1	2.973633E+0	3.656006E-1
28.4375	-5.841064E-1	-1.422119E-1	2.973022E+0	3.829956E-1
28.4531	-6.143188E-1	-1.391602E-1	2.971802E+0	4.037476E-1
28.4531	-6.369019E-1	-1.394653E-1	2.969971E+0	4.241943E-1
28.4687	-6.625366E-1	-1.449585E-1	2.969666E+0	4.418945E-1
28.4844	-6.884766E-1	-1.504517E-1	2.968445E+0	4.641724E-1
28.4844	-7.046509E-1	-1.556396E-1	2.967224E+0	4.833984E-1
28.5	-7.315063E-1	-1.550293E-1	2.966919E+0	5.032349E-1
28.5156	-7.675171E-1	-1.583862E-1	2.965698E+0	5.245972E-1
28.5156	-7.781982E-1	-1.635742E-1	2.964478E+0	5.438232E-1
28.5312	-8.105469E-1	-1.687622E-1	2.964172E+0	5.630493E-1
28.5469	-8.334351E-1	-1.705933E-1	2.962646E+0	5.834961E-1
28.5469	-8.529663E-1	-1.705933E-1	2.961121E+0	6.033325E-1
28.5625	-8.721924E-1	-1.736450E-1	2.960815E+0	6.225586E-1
28.5625	-9.094238E-1	-1.748657E-1	2.959290E+0	6.442261E-1
28.5781	-9.280396E-1	-1.870728E-1	2.957764E+0	6.634521E-1
28.5937	-9.588623E-1	-1.892090E-1	2.956543E+0	6.829834E-1
28.5937	-9.832764E-1	-1.873779E-1	2.955933E+0	7.040405E-1
28.6094	-1.005859E+0	-1.898193E-1	2.954712E+0	7.235718E-1
28.6094	-1.023254E+0	-1.907349E-1	2.953796E+0	7.434082E-1
28.625	-1.050110E+0	-1.950073E-1	2.952576E+0	7.638550E-1
28.6406	-1.075134E+0	-2.020264E-1	2.951355E+0	7.839966E-1
28.6406	-1.088257E+0	-2.020264E-1	2.951050E+0	8.023071E-1
28.6562	-1.121826E+0	-2.117920E-1	2.949829E+0	8.239746E-1
28.6719	-1.145630E+0	-2.093506E-1	2.947998E+0	8.438110E-1
28.6719	-1.176758E+0	-2.169800E-1	2.947693E+0	8.624268E-1
28.6875	-1.198425E+0	-2.197266E-1	2.947083E+0	8.840942E-1
28.7031	-1.215820E+0	-2.230835E-1	2.945251E+0	9.039307E-1
28.7031	-1.246643E+0	-2.337646E-1	2.944946E+0	9.234619E-1
28.7187	-1.267700E+0	-2.270508E-1	2.944336E+0	9.439087E-1
28.7344	-1.288757E+0	-2.410889E-1	2.943115E+0	9.640503E-1
28.7344	-1.315308E+0	-2.413940E-1	2.941589E+0	9.823608E-1
28.75	-1.347046E+0	-2.328491E-1	2.940063E+0	1.004333E+0
28.7656	-1.362610E+0	-2.465820E-1	2.939453E+0	1.023254E+0
28.7656	-1.391907E+0	-2.459717E-1	2.938843E+0	1.042175E+0
28.7812	-1.416016E+0	-2.517700E-1	2.937622E+0	1.064148E+0
28.7969	-1.450806E+0	-2.566528E-1	2.935791E+0	1.083679E+0
28.7969	-1.464539E+0	-2.624512E-1	2.935486E+0	1.101379E+0
28.8125	-1.500549E+0	-2.734375E-1	2.933960E+0	1.122437E+0
28.8125	-1.510620E+0	-2.673340E-1	2.932434E+0	1.142273E+0
28.8281	-1.556091E+0	-2.798462E-1	2.932434E+0	1.161804E+0
28.8437	-1.571350E+0	-2.789307E-1	2.930908E+0	1.182251E+0
28.8437	-1.620483E+0	-2.819824E-1	2.929993E+0	1.202698E+0
28.8594	-1.614685E+0	-2.954102E-1	2.929382E+0	1.221008E+0
28.875	-1.672058E+0	-2.978516E-1	2.927551E+0	1.243286E+0
28.875	-1.685791E+0	-2.954102E-1	2.926331E+0	1.262512E+0
28.8906	-1.719055E+0	-2.951050E-1	2.926331E+0	1.281738E+0
28.9062	-1.736450E+0	-3.042603E-1	2.924805E+0	1.303101E+0
28.9062	-1.774902E+0	-3.195190E-1	2.923584E+0	1.321411E+0
28.9219	-1.784363E+0	-3.091431E-1	2.922974E+0	1.342163E+0
28.9219	-1.823425E+0	-3.192139E-1	2.921753E+0	1.363220E+0
28.9375	-1.858215E+0	-3.182983E-1	2.920227E+0	1.382141E+0
28.9531	-1.874695E+0	-3.363037E-1	2.919922E+0	1.401367E+0
28.9531	-1.921387E+0	-3.393555E-1	2.918701E+0	1.422729E+0
28.9687	-1.934509E+0	-3.408813E-1	2.917480E+0	1.442261E+0
28.9687	-1.968384E+0	-3.387451E-1	2.916565E+0	1.461487E+0
28.9844	-1.978149E+0	-3.463745E-1	2.915955E+0	1.481934E+0
29.0	-2.034302E+0	-3.536987E-1	2.913513E+0	1.502380E+0
29.0	-2.039185E+0	-3.601074E-1	2.913208E+0	1.520996E+0
29.0156	-2.084656E+0	-3.558350E-1	2.912292E+0	1.543579E+0
29.0312	-2.096558E+0	-3.604126E-1	2.910461E+0	1.562195E+0
29.0312	-2.147827E+0	-3.735352E-1	2.909851E+0	1.581726E+0
29.0469	-2.159729E+0	-3.765869E-1	2.908936E+0	1.602173E+0
29.0625	-2.192383E+0	-3.784180E-1	2.908020E+0	1.622009E+0
29.0625	-2.212830E+0	-3.787231E-1	2.907104E+0	1.640625E+0
29.0781	-2.257690E+0	-3.906250E-1	2.905579E+0	1.663513E+0
29.0937	-2.284851E+0	-3.970337E-1	2.904968E+0	1.682129E+0
29.0937	-2.314453E+0	-4.006958E-1	2.904053E+0	1.701050E+0
29.1094	-2.345581E+0	-4.092407E-1	2.902527E+0	1.722717E+0
29.125	-2.364502E+0	-4.101562E-1	2.902222E+0	1.741028E+0
29.125	-2.399292E+0	-4.180908E-1	2.901001E+0	1.761475E+0
29.1406	-2.416687E+0	-4.232788E-1	2.900085E+0	1.782532E+0
29.1562	-2.461853E+0	-4.232788E-1	2.898254E+0	1.802063E+0
29.1562	-2.481995E+0	-4.266357E-1	2.897949E+0	1.821899E+0
29.1719	-2.517395E+0	-4.348755E-1	2.897339E+0	1.841125E+0
29.1719	-2.543030E+0	-4.428101E-1	2.895508E+0	1.860657E+0
29.1875	-2.570801E+0	-4.492187E-1	2.895203E+0	1.879883E+0
29.2031	-2.588501E+0	-4.550171E-1	2.893982E+0	1.901855E+0
29.2031	-2.621155E+0	-4.556274E-1	2.891846E+0	1.921082E+0
29.2187	-2.642822E+0	-4.611206E-1	2.891235E+0	1.938477E+0
29.2344	-2.685852E+0	-4.650879E-1	2.890015E+0	1.961060E+0
29.2344	-2.688293E+0	-4.708862E-1	2.888489E+0	1.980591E+0
29.25	-2.727051E+0	-4.776001E-1	2.887573E+0	2.000122E+0
29.2656	-2.736816E+0	-4.748535E-1	2.886963E+0	2.021484E+0
29.2656	-2.758484E+0	-4.791260E-1	2.885437E+0	2.041321E+0
29.2812	-2.736206E+0	-4.708862E-1	2.885437E+0	2.059937E+0
29.2969	-2.487793E+0	-4.489136E-1	2.883606E+0	2.081604E+0
29.2969	-2.357483E+0	-4.302979E-1	2.882385E+0	2.100525E+0
29.3125	-2.250366E+0	-4.205322E-1	2.882690E+0	2.119446E+0
29.3125	-2.081299E+0	-4.089355E-1	2.881165E+0	2.141113E+0
29.3281	-1.970825E+0	-3.921509E-1	2.879944E+0	2.160034E+0
29.3437	-1.935120E+0	-3.973389E-1	2.878723E+0	2.180786E+0
29.3437	-1.854858E+0	-3.839111E-1	2.878113E+0	2.200928E+0
29.3594	-1.825256E+0	-3.839111E-1	2.876892E+0	2.220764E+0
29.3594	-1.786194E+0	-3.768921E-1	2.876587E+0	2.239990E+0
29.375	-1.760559E+0	-3.787231E-1	2.875061E+0	2.261658E+0
29.3906	-1.735229E+0	-3.790283E-1	2.873840E+0	2.279663E+0
29.3906	-1.741638E+0	-3.723145E-1	2.873535E+0	2.299500E+0
29.4062	-1.718750E+0	-3.781128E-1	2.872009E+0	2.320862E+0
29.4375	-1.739197E+0	-3.833008E-1	2.868347E+0	2.390137E+0
29.4531	-1.723633E+0	-3.884888E-1	2.867432E+0	2.400208E+0
29.4531	-1.722107E+0	-3.884888E-1	2.866516E+0	2.419739E+0
29.4687	-1.720581E+0	-3.842163E-1	2.865601E+0	2.440491E+0
29.4844	-1.719971E+0	-3.872681E-1	2.863464E+0	2.460327E+0
29.4844	-1.720276E+0	-3.887939E-1	2.863464E+0	2.480164E+0
29.5	-1.721191E+0	-3.839111E-1	2.861938E+0	2.500916E+0
29.5156	-1.707458E+0	-3.863525E-1	2.861023E+0	2.520142E+0
29.5156	-1.723328E+0	-3.887939E-1	2.860718E+0	2.539062E+0
29.5312	-1.720276E+0	-3.900146E-1	2.859192E+0	2.559509E+0
29.5469	-1.714172E+0	-3.976440E-1	2.858276E+0	2.579041E+0
29.5469	-1.712952E+0	-3.985596E-1	2.857971E+0	2.599182E+0
29.5625	-1.712036E+0	-3.982544E-1	2.856140E+0	2.619324E+0
29.5625	-1.718750E+0	-3.982544E-1	2.854309E+0	2.638550E+0
29.5781	-1.724854E+0	-4.016113E-1	2.854004E+0	2.658386E+0
29.5937	-1.720581E+0	-4.055786E-1	2.853699E+0	2.679443E+0
29.5937	-1.720886E+0	-4.031372E-1	2.851868E+0	2.698975E+0
29.6094	-1.729736E+0	-4.037476E-1	2.850647E+0	2.718506E+0
29.625	-1.722412E+0	-4.080200E-1	2.850342E+0	2.739563E+0
29.625	-1.734314E+0	-4.037476E-1	2.848816E+0	2.758789E+0
29.6406	-1.723938E+0	-4.119873E-1	2.847900E+0	2.778015E+0
29.6562	-1.738586E+0	-4.116821E-1	2.846069E+0	2.800293E+0
29.6562	-1.726379E+0	-4.132080E-1	2.845459E+0	2.818604E+0
29.6719	-1.738892E+0	-4.147339E-1	2.844238E+0	2.839050E+0
29.6719	-1.716309E+0	-4.129028E-1	2.843628E+0	2.859802E+0
29.6875	-1.717224E+0	-4.138184E-1	2.841797E+0	2.878723E+0
29.7031	-1.711426E+0	-4.187012E-1	2.842102E+0	2.897949E+0
29.7031	-1.702576E+0	-4.122925E-1	2.839661E+0	2.919312E+0
29.7187	-1.694336E+0	-4.183960E-1	2.838745E+0	2.938843E+0
29.7187	-1.697083E+0	-4.190063E-1	2.838135E+0	2.958069E+0
29.7344	-1.679077E+0	-4.159546E-1	2.836914E+0	2.979431E+0
29.75	-1.688232E+0	-4.205322E-1	2.835693E+0	2.998657E+0
29.75	-1.694336E+0	-4.244995E-1	2.835693E+0	3.016663E+0
29.7656	-1.692200E+0	-4.260254E-1	2.834778E+0	3.038940E+0
29.7812	-1.697388E+0	-4.174805E-1	2.832947E+0	3.058777E+0
29.7812	-1.698914E+0	-4.260254E-1	2.832642E+0	3.077698E+0
29.7969	-1.698303E+0	-4.272461E-1	2.831726E+0	3.099060E+0
29.8125	-1.701050E+0	-4.269409E-1	2.830200E+0	3.119507E+0
29.8125	-1.708679E+0	-4.333496E-1	2.829895E+0	3.137512E+0
29.8281	-1.708679E+0	-4.364014E-1	2.828369E+0	3.159485E+0
29.8437	-1.712646E+0	-4.306030E-1	2.826843E+0	3.178406E+0
29.8437	-1.715393E+0	-4.364014E-1	2.825928E+0	3.197021E+0
29.8594	-1.720276E+0	-4.443359E-1	2.824707E+0	3.218994E+0
29.875	-1.727905E+0	-4.333496E-1	2.822876E+0	3.238220E+0
29.875	-1.734619E+0	-4.385376E-1	2.822876E+0	3.257751E+0
29.8906	-1.729736E+0	-4.431152E-1	2.821655E+0	3.278809E+0
29.9062	-1.728210E+0	-4.364014E-1	2.819824E+0	3.297119E+0
29.9062	-1.725159E+0	-4.437256E-1	2.819519E+0	3.316345E+0
29.9219	-1.716003E+0	-4.394531E-1	2.818298E+0	3.337402E+0
29.9219	-1.714172E+0	-4.455566E-1	2.817383E+0	3.357544E+0
29.9375	-1.722412E+0	-4.476929E-1	2.816162E+0	3.375854E+0
29.9531	-1.723938E+0	-4.461670E-1	2.815552E+0	3.398132E+0
29.9531	-1.712646E+0	-4.479980E-1	2.814026E+0	3.417358E+0
29.9687	-1.736145E+0	-4.528809E-1	2.813721E+0	3.436279E+0
29.9844	-1.716003E+0	-4.495239E-1	2.812500E+0	3.457642E+0
29.9844	-1.736450E+0	-4.452515E-1	2.811279E+0	3.477173E+0
30.0	-1.717224E+0	-4.492187E-1	2.810364E+0	3.496704E+0
30.0156	-1.723022E+0	-4.541016E-1	2.809143E+0	3.517151E+0
30.0156	-1.714783E+0	-4.510498E-1	2.807922E+0	3.536987E+0
30.0312	-1.722717E+0	-4.565430E-1	2.807617E+0	3.555603E+0
30.0469	-1.717834E+0	-4.513550E-1	2.806702E+0	3.577576E+0
30.0469	-1.731873E+0	-4.574585E-1	2.805176E+0	3.596497E+0
30.0625	-1.731567E+0	-4.553223E-1	2.804260E+0	3.616028E+0
30.0625	-1.757202E+0	-4.650879E-1	2.802734E+0	3.637085E+0
30.0781	-1.778564E+0	-4.635620E-1	2.801208E+0	3.656311E+0
30.0937	-1.786804E+0	-4.721069E-1	2.800598E+0	3.675842E+0
30.0937	-1.788940E+0	-4.678345E-1	2.799072E+0	3.697510E+0
30.1094	-1.792297E+0	-4.742432E-1	2.798767E+0	3.715820E+0
30.1094	-1.821289E+0	-4.690552E-1	2.797241E+0	3.735657E+0
30.125	-1.799622E+0	-4.748535E-1	2.796326E+0	3.757019E+0
30.1406	-1.817017E+0	-4.776001E-1	2.795410E+0	3.776855E+0
30.1406	-1.805420E+0	-4.739380E-1	2.794800E+0	3.794556E+0
30.1562	-1.826782E+0	-4.776001E-1	2.793274E+0	3.817444E+0
30.1719	-1.815186E+0	-4.846191E-1	2.792358E+0	3.836670E+0
30.1719	-1.828003E+0	-4.809570E-1	2.792053E+0	3.855591E+0
30.1875	-1.813354E+0	-4.742432E-1	2.790833E+0	3.877258E+0
30.2031	-1.796570E+0	-4.852295E-1	2.789307E+0	3.896484E+0
30.2031	-1.783447E+0	-4.833984E-1	2.788696E+0	3.916016E+0
30.2187	-1.758118E+0	-4.812622E-1	2.787476E+0	3.937073E+0
30.2344	-1.737061E+0	-4.797363E-1	2.786255E+0	3.956299E+0
30.2344	-1.712952E+0	-4.754639E-1	2.785645E+0	3.974915E+0
30.25	-1.684570E+0	-4.708862E-1	2.784729E+0	3.996582E+0
30.2656	-1.654358E+0	-4.730225E-1	2.783813E+0	4.014893E+0
30.2656	-1.654968E+0	-4.721069E-1	2.783508E+0	4.033813E+0
30.2812	-1.639404E+0	-4.718018E-1	2.781067E+0	4.055176E+0
30.2969	-1.664124E+0	-4.730225E-1	2.779236E+0	4.076843E+0
30.2969	-1.660461E+0	-4.638672E-1	2.778931E+0	4.093933E+0
30.3125	-1.635437E+0	-4.519653E-1	2.777405E+0	4.115601E+0
30.3125	-1.379395E-1	-3.662109E-1	2.776184E+0	4.134216E+0
30.3281	-1.434326E-1	-3.631592E-1	2.775879E+0	4.154053E+0
30.3437	-1.397705E-1	-3.628540E-1	2.774658E+0	4.175415E+0
30.3437	-1.425171E-1	-3.665161E-1	2.772827E+0	4.194641E+0
30.3594	-1.333618E-1	-3.634644E-1	2.772827E+0	4.212646E+0
30.375	-1.394653E-1	-3.659058E-1	2.771301E+0	4.234924E+0
30.375	-1.431274E-1	-3.671265E-1	2.770386E+0	4.254456E+0
30.3906	-1.400757E-1	-3.659058E-1	2.769470E+0	4.273071E+0
30.4062	-1.367187E-1	-3.625488E-1	2.768860E+0	4.294739E+0
30.4062	-1.351929E-1	-3.692627E-1	2.767944E+0	4.313965E+0
30.4219	-1.339722E-1	-3.695679E-1	2.766724E+0	4.333496E+0
30.4219	-1.370239E-1	-3.659058E-1	2.765808E+0	4.353943E+0
30.4375	-1.370239E-1	-3.656006E-1	2.764282E+0	4.374390E+0
30.4531	-1.367187E-1	-3.643799E-1	2.764282E+0	4.393616E+0
30.4531	-1.330566E-1	-3.628540E-1	2.762451E+0	4.414062E+0
30.4687	-1.406860E-1	-3.613281E-1	2.762146E+0	4.432983E+0
30.4687	-1.364136E-1	-3.640747E-1	2.760925E+0	4.452209E+0
30.4844	-1.358032E-1	-3.652954E-1	2.759094E+0	4.474487E+0
30.5	-1.364136E-1	-3.625488E-1	2.756958E+0	4.493408E+0
30.5	-1.324463E-1	-3.701782E-1	2.756958E+0	4.511108E+0
30.5156	-1.336670E-1	-3.683472E-1	2.755127E+0	4.533997E+0
30.5312	-1.425171E-1	-3.619385E-1	2.755432E+0	4.553223E+0
30.5312	-1.348877E-1	-3.677368E-1	2.753906E+0	4.572144E+0
30.5469	-1.382446E-1	-3.643799E-1	2.752380E+0	4.593811E+0
30.5625	-1.370239E-1	-3.674316E-1	2.751160E+0	4.613037E+0
30.5625	-1.406860E-1	-3.613281E-1	2.750549E+0	4.630737E+0
30.5781	-1.376343E-1	-3.680420E-1	2.749939E+0	4.653320E+0
30.5937	-1.388550E-1	-3.631592E-1	2.749023E+0	4.672241E+0
30.5937	-1.376343E-1	-3.680420E-1	2.747803E+0	4.690857E+0
30.6094	-1.373291E-1	-3.640747E-1	2.747192E+0	4.713135E+0
30.625	-1.403809E-1	-3.634644E-1	2.745667E+0	4.731750E+0
30.625	-1.376343E-1	-3.656006E-1	2.744446E+0	4.750366E+0
30.6406	-1.342773E-1	-3.625488E-1	2.743835E+0	4.771423E+0
30.6562	-1.364136E-1	-3.616333E-1	2.742920E+0	4.791260E+0
30.6562	-1.437378E-1	-3.628540E-1	2.742310E+0	4.810181E+0
30.6719	-1.327515E-1	-3.582764E-1	2.740479E+0	4.831238E+0
30.6719	-1.327515E-1	-3.607178E-1	2.739563E+0	4.850464E+0
30.6875	-1.358032E-1	-3.643799E-1	2.738953E+0	4.869080E+0
30.7031	-1.367187E-1	-3.677368E-1	2.738037E+0	4.891052E+0
30.7031	-1.361084E-1	-3.643799E-1	2.736511E+0	4.910889E+0
30.7187	-1.397705E-1	-3.698730E-1	2.735596E+0	4.928284E+0
30.7344	-1.364136E-1	-3.662109E-1	2.733765E+0	4.951172E+0
30.7344	-1.385498E-1	-3.668213E-1	2.732544E+0	4.969788E+0
30.75	-1.348877E-1	-3.646851E-1	2.732239E+0	4.989624E+0
30.7656	-1.300049E-1	-3.616333E-1	2.731018E+0	5.010071E+0
30.7656	-1.412964E-1	-3.640747E-1	2.729492E+0	5.029907E+0
30.7812	-1.394653E-1	-3.698730E-1	2.728882E+0	5.048828E+0
30.7969	-1.397705E-1	-3.640747E-1	2.727661E+0	5.070190E+0
30.7969	-1.364136E-1	-3.656006E-1	2.726440E+0	5.089111E+0
30.8125	-1.403809E-1	-3.616333E-1	2.725525E+0	5.107727E+0
30.8125	-1.361084E-1	-3.680420E-1	2.724609E+0	5.129700E+0
30.8281	-1.336670E-1	-3.622437E-1	2.723999E+0	5.148926E+0
30.8437	-1.425171E-1	-3.695679E-1	2.723389E+0	5.168457E+0
30.8437	-1.373291E-1	-3.692627E-1	2.721252E+0	5.189209E+0
30.8594	-1.367187E-1	-3.683472E-1	2.720642E+0	5.208435E+0
30.8594	-1.333618E-1	-3.622437E-1	2.720032E+0	5.227966E+0
30.875	-1.406860E-1	-3.616333E-1	2.718506E+0	5.249023E+0
30.8906	-1.428223E-1	-3.616333E-1	2.717590E+0	5.268860E+0
30.8906	-1.452637E-1	-3.713989E-1	2.717285E+0	5.287170E+0
30.9062	-1.409912E-1	-3.665161E-1	2.716064E+0	5.308228E+0
30.9219	-1.315308E-1	-3.640747E-1	2.714233E+0	5.328369E+0
30.9219	-1.321411E-1	-3.665161E-1	2.713013E+0	5.346985E+0
30.9375	-1.358032E-1	-3.631592E-1	2.711182E+0	5.368652E+0
30.9531	-1.403809E-1	-3.610229E-1	2.710571E+0	5.387878E+0
30.9531	-1.333618E-1	-3.732300E-1	2.710571E+0	5.406799E+0
30.9687	-1.324463E-1	-3.631592E-1	2.709045E+0	5.428467E+0
30.9844	-1.388550E-1	-3.674316E-1	2.707520E+0	5.447083E+0
30.9844	-1.394653E-1	-3.646851E-1	2.706909E+0	5.465393E+0
31.0	-1.354980E-1	-3.598022E-1	2.705688E+0	5.486755E+0
31.0156	-1.354980E-1	-3.668213E-1	2.704468E+0	5.505676E+0
31.0156	-1.361084E-1	-3.671265E-1	2.704163E+0	5.523987E+0
31.0312	-1.339722E-1	-3.637695E-1	2.703247E+0	5.546570E+0
31.0469	-1.385498E-1	-3.677368E-1	2.701416E+0	5.564880E+0
31.0469	-1.333618E-1	-3.640747E-1	2.700806E+0	5.584106E+0
31.0625	-1.385498E-1	-3.607178E-1	2.699585E+0	5.605774E+0
31.0625	-1.351929E-1	-3.649902E-1	2.698975E+0	5.625000E+0
31.0781	-1.412964E-1	-3.637695E-1	2.697754E+0	5.643921E+0
31.0937	-1.330566E-1	-3.646851E-1	2.697144E+0	5.664978E+0
31.0937	-1.382446E-1	-3.631592E-1	2.695923E+0	5.684814E+0
31.1094	-1.385498E-1	-3.662109E-1	2.695312E+0	5.702820E+0
31.125	-1.455688E-1	-3.695679E-1	2.694092E+0	5.725098E+0
31.125	-1.306152E-1	-3.713989E-1	2.691956E+0	5.744324E+0
31.1406	-1.342773E-1	-3.686523E-1	2.691345E+0	5.763550E+0
31.1562	-1.391602E-1	-3.656006E-1	2.689819E+0	5.784607E+0
31.1562	-1.342773E-1	-3.622437E-1	2.689514E+0	5.803528E+0
31.1719	-1.370239E-1	-3.643799E-1	2.688293E+0	5.822754E+0
31.1719	-1.443481E-1	-3.671265E-1	2.687073E+0	5.844421E+0
31.1875	-1.400757E-1	-3.677368E-1	2.685547E+0	5.862732E+0
31.2031	-1.358032E-1	-3.613281E-1	2.684937E+0	5.882263E+0
31.2031	-1.379395E-1	-3.646851E-1	2.684326E+0	5.903931E+0
31.2187	-1.364136E-1	-3.671265E-1	2.682800E+0	5.923157E+0
31.2187	-1.419067E-1	-3.659058E-1	2.681885E+0	5.941162E+0
31.2344	-1.400757E-1	-3.643799E-1	2.681580E+0	5.962830E+0
31.25	-1.324463E-1	-3.695679E-1	2.679749E+0	5.982666E+0
31.25	-1.416016E-1	-3.631592E-1	2.679138E+0	6.001587E+0
31.2656	-1.473999E-1	-3.686523E-1	2.677002E+0	6.022644E+0
31.2812	-1.327515E-1	-3.625488E-1	2.677002E+0	6.041870E+0
31.2812	-1.370239E-1	-3.625488E-1	2.675781E+0	6.061401E+0
31.2969	-1.361084E-1	-3.652954E-1	2.675171E+0	6.082153E+0
31.3125	-1.397705E-1	-3.616333E-1	2.674255E+0	6.101379E+0
31.3125	-1.391602E-1	-3.720093E-1	2.673340E+0	6.120300E+0
31.3281	-1.385498E-1	-3.683472E-1	2.671814E+0	6.142883E+0
31.3437	-1.351929E-1	-3.616333E-1	2.670593E+0	6.161499E+0
31.3437	-1.342773E-1	-3.656006E-1	2.670288E+0	6.179504E+0
31.3594	-1.394653E-1	-3.628540E-1	2.668457E+0	6.200562E+0
31.375	-1.382446E-1	-3.665161E-1	2.666626E+0	6.219177E+0
31.375	-1.361084E-1	-3.686523E-1	2.666626E+0	6.239014E+0
31.3906	-1.434326E-1	-3.604126E-1	2.665100E+0	6.260376E+0
31.4062	-1.345825E-1	-3.625488E-1	2.664185E+0	6.278687E+0
31.4062	-1.330566E-1	-3.643799E-1	2.663269E+0	6.298828E+0
31.4219	-1.440430E-1	-3.656006E-1	2.662659E+0	6.319275E+0
31.4219	-1.300049E-1	-3.683472E-1	2.661438E+0	6.338806E+0
31.4375	-1.336670E-1	-3.649902E-1	2.660522E+0	6.356201E+0
31.4531	-1.422119E-1	-3.634644E-1	2.658997E+0	6.380005E+0
31.4531	-1.385498E-1	-3.640747E-1	2.657776E+0	6.398621E+0
31.4687	-1.361084E-1	-3.637695E-1	2.657166E+0	6.417236E+0
31.4844	-1.382446E-1	-3.640747E-1	2.656250E+0	6.437988E+0
31.4844	-1.327515E-1	-3.680420E-1	2.654724E+0	6.457520E+0
31.5	-1.373291E-1	-3.637695E-1	2.654724E+0	6.477051E+0
31.5156	-1.358032E-1	-3.665161E-1	2.653503E+0	6.498413E+0
31.5156	-1.318359E-1	-3.680420E-1	2.652283E+0	6.517334E+0
31.5312	-1.373291E-1	-3.637695E-1	2.651062E+0	6.536255E+0
31.5469	-1.379395E-1	-3.564453E-1	2.650146E+0	6.557312E+0
31.5469	-1.354980E-1	-3.662109E-1	2.649536E+0	6.575928E+0
31.5625	-1.333618E-1	-3.686523E-1	2.648315E+0	6.594849E+0
31.5625	-1.364136E-1	-3.585815E-1	2.646179E+0	6.616821E+0
31.5781	-1.345825E-1	-3.652954E-1	2.645569E+0	6.636047E+0
31.5937	-1.361084E-1	-3.659058E-1	2.644653E+0	6.655273E+0
31.5937	-1.394653E-1	-3.622437E-1	2.643127E+0	6.676025E+0
31.6094	-1.376343E-1	-3.622437E-1	2.641907E+0	6.695251E+0
31.6094	-1.403809E-1	-3.668213E-1	2.641296E+0	6.714783E+0
31.625	-1.318359E-1	-3.607178E-1	2.640076E+0	6.736450E+0
31.6406	-1.348877E-1	-3.665161E-1	2.639771E+0	6.754150E+0
31.6406	-1.391602E-1	-3.643799E-1	2.638550E+0	6.773987E+0
31.6562	-1.406860E-1	-3.637695E-1	2.637024E+0	6.795349E+0
31.6719	-1.300049E-1	-3.656006E-1	2.636108E+0	6.814270E+0
31.6719	-1.333618E-1	-3.604126E-1	2.634888E+0	6.832886E+0
31.6875	-1.336670E-1	-3.668213E-1	2.634888E+0	6.855469E+0
31.7031	-1.315308E-1	-3.649902E-1	2.633667E+0	6.873779E+0
31.7031	-1.388550E-1	-3.683472E-1	2.632751E+0	6.892700E+0
31.7187	-1.348877E-1	-3.591919E-1	2.631836E+0	6.912537E+0
31.7344	-1.306152E-1	-3.579712E-1	2.630310E+0	6.932678E+0
31.7344	-1.348877E-1	-3.631592E-1	2.629395E+0	6.950684E+0
31.75	-1.394653E-1	-3.683472E-1	2.628174E+0	6.972351E+0
31.7656	-1.345825E-1	-3.619385E-1	2.627258E+0	6.991272E+0
31.7656	-1.330566E-1	-3.680420E-1	2.626953E+0	7.009583E+0
31.7812	-1.364136E-1	-3.622437E-1	2.625427E+0	7.032166E+0
31.7969	-1.361084E-1	-3.713989E-1	2.622986E+0	7.051392E+0
31.7969	-1.345825E-1	-3.598022E-1	2.622070E+0	7.068787E+0
31.8125	-1.419067E-1	-3.607178E-1	2.621765E+0	7.091370E+0
31.8125	-1.379395E-1	-3.631592E-1	2.620544E+0	7.109985E+0
31.8281	-1.361084E-1	-3.659058E-1	2.619019E+0	7.129517E+0
31.8437	-1.361084E-1	-3.643799E-1	2.618408E+0	7.150574E+0
31.8437	-1.364136E-1	-3.616333E-1	2.617493E+0	7.168884E+0
31.8594	-1.376343E-1	-3.622437E-1	2.616577E+0	7.188721E+0
31.875	-1.388550E-1	-3.598022E-1	2.614746E+0	7.209778E+0
31.875	-1.354980E-1	-3.625488E-1	2.614136E+0	7.228699E+0
31.8906	-1.431274E-1	-3.628540E-1	2.613525E+0	7.247925E+0
31.9062	-1.385498E-1	-3.625488E-1	2.612000E+0	7.269897E+0
31.9062	-1.403809E-1	-3.576660E-1	2.610779E+0	7.288513E+0
31.9219	-1.379395E-1	-3.613281E-1	2.610168E+0	7.307739E+0
31.9219	-1.364136E-1	-3.631592E-1	2.609253E+0	7.328186E+0
31.9375	-1.391602E-1	-3.643799E-1	2.607727E+0	7.347717E+0
31.9531	-1.303101E-1	-3.604126E-1	2.607422E+0	7.366943E+0
31.9531	-1.330566E-1	-3.604126E-1	2.606201E+0	7.388611E+0
31.9687	-1.361084E-1	-3.616333E-1	2.605286E+0	7.407837E+0
31.9687	-1.406860E-1	-3.637695E-1	2.604370E+0	7.425537E+0
31.9844	-1.333618E-1	-3.598022E-1	2.603455E+0	7.447205E+0
32.0	-1.382446E-1	-3.610229E-1	2.601013E+0	7.467041E+0
32.0	-1.354980E-1	-3.598022E-1	2.601013E+0	7.485352E+0
32.0156	-1.364136E-1	-3.598022E-1	2.598877E+0	7.507019E+0
32.0312	-1.397705E-1	-3.594971E-1	2.597961E+0	7.525635E+0
32.0312	-1.376343E-1	-3.643799E-1	2.597656E+0	7.545166E+0
32.0469	-1.364136E-1	-3.585815E-1	2.596436E+0	7.565613E+0
32.0625	-1.376343E-1	-3.570557E-1	2.594910E+0	7.585144E+0
32.0625	-1.382446E-1	-3.555298E-1	2.594604E+0	7.603149E+0
32.0781	-1.379395E-1	-3.604126E-1	2.593689E+0	7.626038E+0
32.0937	-1.416016E-1	-3.579712E-1	2.592468E+0	7.643738E+0
32.0937	-1.358032E-1	-3.546143E-1	2.591858E+0	7.662354E+0
32.1094	-1.351929E-1	-3.576660E-1	2.590332E+0	7.684021E+0
32.125	-1.443481E-1	-3.604126E-1	2.589417E+0	7.702637E+0
32.125	-1.373291E-1	-3.591919E-1	2.588501E+0	7.721863E+0
32.1406	-1.303101E-1	-3.649902E-1	2.587280E+0	7.743530E+0
32.1562	-1.293945E-1	-3.607178E-1	2.586060E+0	7.761536E+0
32.1562	-1.345825E-1	-3.576660E-1	2.585449E+0	7.781067E+0
32.1719	-1.348877E-1	-3.561401E-1	2.584839E+0	7.802124E+0
32.1719	-1.394653E-1	-3.579712E-1	2.583923E+0	7.822266E+0
32.1875	-1.354980E-1	-3.573608E-1	2.582397E+0	7.839966E+0
32.2031	-1.342773E-1	-3.543091E-1	2.581482E+0	7.862244E+0
32.2031	-1.345825E-1	-3.594971E-1	2.579041E+0	7.880859E+0
32.2187	-1.385498E-1	-3.573608E-1	2.579041E+0	7.898560E+0
32.2344	-1.278687E-1	-3.582764E-1	2.577515E+0	7.920837E+0
32.2344	-1.412964E-1	-3.555298E-1	2.576599E+0	7.939758E+0
32.25	-1.379395E-1	-3.585815E-1	2.563477E+0	7.959595E+0
32.2656	-1.345825E-1	-3.329468E-1	2.435608E+0	7.960205E+0
32.2656	-1.223755E-1	-3.036499E-1	2.316589E+0	7.960205E+0
32.2812	-1.119995E-1	-2.963257E-1	2.253418E+0	7.960205E+0
32.2969	-1.101685E-1	-2.801514E-1	2.121887E+0	7.960510E+0
32.2969	-9.948730E-2	-2.542114E-1	2.001648E+0	7.959900E+0
32.3125	-1.019287E-1	-2.496338E-1	1.944275E+0	7.959900E+0
32.3125	-8.819580E-2	-2.264404E-1	1.817627E+0	7.959595E+0
32.3281	-9.155273E-2	-2.200317E-1	1.712036E+0	7.959290E+0
32.3437	-8.514404E-2	-2.102661E-1	1.635742E+0	7.958984E+0
32.3437	-7.751465E-2	-1.962280E-1	1.510315E+0	7.959290E+0
32.3594	-6.683350E-2	-1.757812E-1	1.388550E+0	7.958984E+0
32.3594	-6.744385E-2	-1.727295E-1	1.326294E+0	7.959290E+0
32.375	-6.317139E-2	-1.583862E-1	1.217041E+0	7.959290E+0
32.3906	-6.134033E-2	-1.455688E-1	1.080017E+0	7.958984E+0
32.3906	-6.256104E-2	-1.400757E-1	1.018677E+0	7.959595E+0
32.4062	-4.791260E-2	-1.251221E-1	8.865356E-1	7.958984E+0
32.4219	-5.767822E-2	-1.092529E-1	7.733154E-1	7.958984E+0
32.4219	-5.065918E-2	-1.043701E-1	7.104492E-1	7.958984E+0
32.4375	-4.943848E-2	-8.880615E-2	5.871582E-1	7.958679E+0
32.4531	-4.669189E-2	-7.781982E-2	4.849243E-1	7.959290E+0
32.4531	-3.936768E-2	-7.171631E-2	4.043579E-1	7.958984E+0
32.4687	-3.173828E-2	-5.737305E-2	3.009033E-1	7.959595E+0
32.4844	-3.112793E-2	-5.126953E-2	1.782227E-1	7.959900E+0
32.4844	-2.410889E-2	-4.730225E-2	1.034546E-1	7.958984E+0
32.5	-2.258301E-2	-3.326416E-2	8.239746E-3	7.958679E+0
32.5156	-2.746582E-2	-2.685547E-2	3.051758E-3	7.867737E+0
32.5156	-2.410889E-2	-3.173828E-2	3.356934E-3	7.775269E+0
32.5312	-1.373291E-2	-3.234863E-2	5.187988E-3	7.662354E+0
32.5469	-2.441406E-2	-3.540039E-2	5.798340E-3	7.564087E+0
32.5469	-2.868652E-2	-3.631592E-2	6.103516E-3	7.472534E+0
32.5625	-2.349854E-2	-3.387451E-2	5.798340E-3	7.360535E+0
32.5625	-2.685547E-2	-3.387451E-2	6.713867E-3	7.263184E+0
32.5781	-3.112793E-2	-3.906250E-2	6.408691E-3	7.164001E+0
32.5937	-2.441406E-2	-3.662109E-2	6.408691E-3	7.059937E+0
32.5937	-2.655029E-2	-3.265381E-2	6.713867E-3	6.960144E+0
32.6094	-2.502441E-2	-3.570557E-2	6.408691E-3	6.865540E+0
32.625	-2.624512E-2	-3.631592E-2	7.019043E-3	6.757507E+0
32.625	-2.288818E-2	-3.479004E-2	6.408691E-3	6.658936E+0
32.6406	-2.655029E-2	-3.509521E-2	7.324219E-3	6.563416E+0
32.6562	-3.479004E-2	-3.936768E-2	6.713867E-3	6.455688E+0
32.6562	-2.075195E-2	-3.295898E-2	6.713867E-3	6.358032E+0
32.6719	-3.051758E-2	-3.997803E-2	6.408691E-3	6.259155E+0
32.6719	-2.258301E-2	-3.631592E-2	6.713867E-3	6.155396E+0
32.6875	-2.258301E-2	-3.448486E-2	7.019043E-3	6.055603E+0
32.7031	-2.441406E-2	-3.204346E-2	6.713867E-3	5.956726E+0
32.7031	-1.892090E-2	-3.692627E-2	7.019043E-3	5.852356E+0
32.7187	-3.082275E-2	-2.899170E-2	6.103516E-3	5.753174E+0
32.7187	-2.471924E-2	-3.906250E-2	7.019043E-3	5.657349E+0
32.7344	-2.014160E-2	-3.326416E-2	7.019043E-3	5.551147E+0
32.75	-2.685547E-2	-3.631592E-2	7.324219E-3	5.451355E+0
32.75	-2.532959E-2	-3.356934E-2	7.324219E-3	5.355835E+0
32.7656	-2.624512E-2	-3.509521E-2	7.019043E-3	5.248108E+0
32.7812	-2.532959E-2	-3.143311E-2	7.324219E-3	5.149841E+0
32.7812	-2.349854E-2	-3.173828E-2	5.798340E-3	5.050049E+0
32.7969	-2.502441E-2	-3.662109E-2	7.019043E-3	4.946289E+0
32.8125	-2.532959E-2	-3.204346E-2	6.408691E-3	4.847107E+0
32.8125	-2.593994E-2	-3.448486E-2	7.019043E-3	4.751587E+0
32.8281	-2.502441E-2	-2.868652E-2	7.629395E-3	4.643860E+0
32.8437	-2.624512E-2	-3.540039E-2	7.324219E-3	4.545288E+0
32.8437	-2.136230E-2	-3.173828E-2	6.713867E-3	4.449158E+0
32.8594	-3.173828E-2	-2.777100E-2	7.324219E-3	4.341431E+0
32.875	-2.014160E-2	-2.471924E-2	7.324219E-3	4.242859E+0
32.875	-2.014160E-2	-2.960205E-2	6.713867E-3	4.142456E+0
32.8906	-2.380371E-2	-3.112793E-2	6.713867E-3	4.039307E+0
32.9062	-2.105713E-2	-2.746582E-2	7.324219E-3	3.938904E+0
32.9062	-2.166748E-2	-2.807617E-2	6.713867E-3	3.841248E+0
32.9219	-3.051758E-2	-2.929687E-2	6.713867E-3	3.737488E+0
32.9219	-2.136230E-2	-3.021240E-2	7.324219E-3	3.636475E+0
32.9375	-1.922607E-2	-2.777100E-2	7.019043E-3	3.540955E+0
32.9531	-2.563477E-2	-2.319336E-2	6.408691E-3	3.432617E+0
32.9531	-2.502441E-2	-2.868652E-2	7.629395E-3	3.333435E+0
32.9687	-2.197266E-2	-2.166748E-2	7.019043E-3	3.237000E+0
32.9844	-2.410889E-2	-2.349854E-2	7.324219E-3	3.130188E+0
32.9844	-2.014160E-2	-2.593994E-2	7.324219E-3	3.031311E+0
33.0	-2.471924E-2	-2.441406E-2	6.408691E-3	2.931213E+0
33.0156	-1.831055E-2	-2.532959E-2	7.324219E-3	2.827454E+0
33.0156	-2.563477E-2	-2.075195E-2	6.408691E-3	2.727051E+0
33.0312	-2.441406E-2	-2.288818E-2	6.713867E-3	2.626648E+0
33.0469	-1.647949E-2	-1.861572E-2	7.324219E-3	2.523804E+0
33.0469	-2.563477E-2	-2.655029E-2	6.713867E-3	2.424011E+0
33.0625	-2.563477E-2	-2.319336E-2	6.713867E-3	2.326660E+0
33.0625	-2.319336E-2	-2.258301E-2	6.713867E-3	2.220459E+0
33.0781	-1.953125E-2	-1.800537E-2	6.408691E-3	2.121277E+0
33.0937	-1.617432E-2	-1.342773E-2	5.798340E-3	2.021484E+0
33.0937	-1.708984E-2	-1.373291E-2	7.019043E-3	1.917725E+0
33.1094	-1.342773E-2	-1.983643E-2	6.408691E-3	1.817322E+0
33.1094	-2.319336E-2	-1.800537E-2	6.713867E-3	1.718140E+0
33.125	-1.922607E-2	-1.464844E-2	7.019043E-3	1.614685E+0
33.1406	-1.861572E-2	-1.007080E-2	6.713867E-3	1.513977E+0
33.1406	-1.983643E-2	-1.342773E-2	7.019043E-3	1.416931E+0
33.1562	-1.434326E-2	-1.525879E-2	7.934570E-3	1.311340E+0
33.1719	-2.197266E-2	-9.155273E-3	7.324219E-3	1.211853E+0
33.1719	-1.647949E-2	-1.220703E-2	7.324219E-3	1.113586E+0
33.1875	-1.007080E-2	-6.408691E-3	7.629395E-3	1.007385E+0
33.2031	-2.075195E-2	-8.544922E-3	6.713867E-3	9.085083E-1
33.2031	-1.739502E-2	-4.272461E-3	7.324219E-3	8.078003E-1
33.2187	-1.220703E-2	-6.103516E-3	7.629395E-3	7.046509E-1
33.2344	-1.190186E-2	-1.831055E-3	7.934570E-3	6.048584E-1
33.2344	-9.155273E-3	-3.356934E-3	7.324219E-3	5.047607E-1
33.25	-2.075195E-2	-1.220703E-3	7.324219E-3	4.022217E-1
33.2656	-1.739502E-2	-9.155273E-3	8.239746E-3	3.009033E-1
33.2656	-1.739502E-2	-2.441406E-3	7.324219E-3	2.038574E-1
33.2812	-3.967285E-3	-2.441406E-3	7.934570E-3	9.765625E-2
33.2969	-1.708984E-2	6.103516E-4	7.324219E-3	-1.220703E-3
33.2969	-4.882812E-3	-9.155273E-4	7.934570E-3	0.000000E+0
33.3125	-1.434326E-2	-1.831055E-3	8.239746E-3	2.746582E-3
33.3125	-1.342773E-2	0.000000E+0	8.239746E-3	3.356934E-3
33.3281	-1.739502E-2	0.000000E+0	8.544922E-3	3.967285E-3
33.3437	-1.800537E-2	-1.220703E-3	8.544922E-3	3.967285E-3
33.3437	-1.129150E-2	1.525879E-3	7.934570E-3	4.272461E-3
33.3594	-1.220703E-2	-2.746582E-3	7.934570E-3	4.577637E-3
33.375	-1.831055E-2	2.441406E-3	7.934570E-3	4.882812E-3
33.375	-1.617432E-2	1.525879E-3	8.544922E-3	4.577637E-3
33.3906	-7.019043E-3	-1.220703E-3	8.544922E-3	4.882812E-3
33.3906	-7.629395E-3	-3.356934E-3	8.239746E-3	4.882812E-3
33.4062	-1.922607E-2	0.000000E+0	7.934570E-3	4.577637E-3
33.4219	-1.281738E-2	3.356934E-3	7.934570E-3	4.577637E-3
33.4219	-1.251221E-2	-1.220703E-3	7.629395E-3	5.187988E-3
33.4375	-1.678467E-2	3.356934E-3	8.239746E-3	4.882812E-3
33.4531	-1.037598E-2	-3.356934E-3	7.934570E-3	5.493164E-3
33.4531	-1.220703E-2	-2.136230E-3	7.629395E-3	5.187988E-3
33.4687	-1.770020E-2	1.220703E-3	8.239746E-3	4.882812E-3
33.4844	-1.708984E-2	-3.051758E-4	8.239746E-3	4.882812E-3
33.4844	-9.765625E-3	0.000000E+0	7.934570E-3	4.272461E-3
33.5	-1.617432E-2	-1.831055E-3	7.629395E-3	5.187988E-3
33.5156	-2.166748E-2	-9.155273E-4	8.239746E-3	4.577637E-3
33.5156	-1.525879E-2	3.051758E-3	7.629395E-3	5.187988E-3
33.5312	-1.159668E-2	-2.136230E-3	8.239746E-3	5.187988E-3
33.5469	-1.617432E-2	-3.967285E-3	7.934570E-3	5.493164E-3
33.5469	-1.159668E-2	3.662109E-3	8.239746E-3	5.493164E-3
33.5625	-1.525879E-2	2.441406E-3	8.544922E-3	5.798340E-3
33.5625	-1.647949E-2	-4.577637E-3	8.239746E-3	5.493164E-3
33.5781	-1.983643E-2	3.356934E-3	8.239746E-3	4.882812E-3
33.5937	-1.739502E-2	-6.408691E-3	8.239746E-3	5.493164E-3
33.5937	-1.037598E-2	2.746582E-3	8.544922E-3	5.187988E-3
33.6094	-1.800537E-2	9.155273E-4	8.544922E-3	4.882812E-3
33.6094	-1.586914E-2	3.051758E-4	7.934570E-3	5.187988E-3
33.625	-9.460449E-3	-1.525879E-3	8.239746E-3	4.882812E-3
33.6406	-8.850098E-3	-3.051758E-3	8.544922E-3	5.187988E-3
33.6406	-1.403809E-2	2.441406E-3	8.239746E-3	5.187988E-3
33.6562	-1.922607E-2	-7.019043E-3	8.850098E-3	5.187988E-3
33.6719	-1.312256E-2	1.831055E-3	8.239746E-3	4.882812E-3
33.6719	-1.464844E-2	2.746582E-3	7.629395E-3	4.882812E-3
33.6875	-1.586914E-2	6.103516E-4	7.934570E-3	5.187988E-3
33.7031	-1.190186E-2	1.220703E-3	8.544922E-3	5.187988E-3
33.7031	-1.373291E-2	-1.220703E-3	7.629395E-3	5.493164E-3
33.7187	-2.075195E-2	0.000000E+0	8.239746E-3	4.882812E-3
33.7344	-1.373291E-2	-1.525879E-3	7.629395E-3	5.187988E-3
33.7344	-1.403809E-2	6.103516E-4	7.934570E-3	5.187988E-3
33.75	-1.342773E-2	-1.525879E-3	8.544922E-3	5.493164E-3
33.7656	-1.586914E-2	-1.220703E-3	7.934570E-3	4.882812E-3
33.7656	-1.190186E-2	-3.051758E-3	8.544922E-3	5.187988E-3
33.7812	-1.708984E-2	-6.103516E-4	8.239746E-3	4.882812E-3
33.7969	-1.708984E-2	2.746582E-3	8.239746E-3	4.882812E-3
33.7969	-1.251221E-2	2.441406E-3	8.544922E-3	5.187988E-3
33.8125	-1.586914E-2	2.136230E-3	8.239746E-3	5.798340E-3
33.8125	-1.647949E-2	3.662109E-3	7.934570E-3	5.493164E-3
33.8281	-1.342773E-2	-3.051758E-4	7.934570E-3	5.187988E-3
33.8437	-1.403809E-2	4.882812E-3	8.850098E-3	4.882812E-3
33.8437	-1.190186E-2	-5.187988E-3	8.239746E-3	5.493164E-3
33.8594	-1.464844E-2	-3.356934E-3	7.934570E-3	5.187988E-3
33.875	-1.373291E-2	-6.103516E-4	8.544922E-3	4.882812E-3
33.875	-9.460449E-3	1.525879E-3	8.239746E-3	5.493164E-3
33.8906	-1.434326E-2	-1.525879E-3	8.544922E-3	5.493164E-3
33.9062	-1.281738E-2	1.831055E-3	8.239746E-3	5.493164E-3
33.9062	-1.617432E-2	1.525879E-3	8.544922E-3	5.187988E-3
33.9219	-1.953125E-2	-1.220703E-3	8.239746E-3	5.187988E-3
33.9219	-1.434326E-2	3.051758E-3	7.934570E-3	5.798340E-3
33.9375	-1.373291E-2	1.525879E-3	8.544922E-3	5.187988E-3
33.9531	-1.647949E-2	-3.662109E-3	8.239746E-3	5.187988E-3
33.9531	-1.281738E-2	-1.220703E-3	7.934570E-3	5.187988E-3
33.9687	-1.770020E-2	-4.577637E-3	8.544922E-3	5.187988E-3
33.9687	-1.861572E-2	-3.051758E-4	9.155273E-3	5.493164E-3
33.9844	-1.037598E-2	-8.239746E-3	8.239746E-3	6.103516E-3
34.0	-1.800537E-2	2.441406E-3	7.934570E-3	5.187988E-3
34.0	-1.098633E-2	0.000000E+0	8.544922E-3	5.187988E-3
34.0156	-1.861572E-2	2.136230E-3	7.934570E-3	5.493164E-3
34.0312	-1.403809E-2	2.136230E-3	8.850098E-3	5.187988E-3
34.0312	-1.647949E-2	-6.103516E-4	7.934570E-3	5.493164E-3
34.0469	-3.967285E-3	-1.220703E-3	8.239746E-3	4.882812E-3
34.0625	-1.922607E-2	-3.967285E-3	7.629395E-3	4.882812E-3
34.0625	-1.373291E-2	-5.798340E-3	8.544922E-3	5.187988E-3
34.0781	-1.373291E-2	-9.155273E-4	8.544922E-3	4.882812E-3
34.0937	-1.190186E-2	-3.356934E-3	7.934570E-3	5.187988E-3
34.0937	-7.629395E-3	-4.882812E-3	8.239746E-3	5.493164E-3
34.1094	-1.190186E-2	-1.220703E-3	8.239746E-3	5.187988E-3
34.125	-1.037598E-2	6.103516E-4	7.934570E-3	5.187988E-3
34.125	-1.983643E-2	-3.662109E-3	8.239746E-3	5.493164E-3
34.1406	-1.708984E-2	1.525879E-3	8.850098E-3	5.493164E-3
34.1562	-1.220703E-2	-1.220703E-3	7.934570E-3	5.798340E-3
34.1562	-1.007080E-2	-3.051758E-3	8.239746E-3	4.882812E-3
34.1719	-1.434326E-2	3.662109E-3	7.934570E-3	5.187988E-3
34.1719	-1.068115E-2	2.746582E-3	7.934570E-3	5.187988E-3
34.1875	-1.251221E-2	3.051758E-3	8.239746E-3	5.798340E-3
34.2031	-1.525879E-2	-2.136230E-3	7.934570E-3	5.187988E-3
34.2031	-1.434326E-2	2.441406E-3	8.544922E-3	5.493164E-3
34.2187	-1.159668E-2	-3.967285E-3	8.239746E-3	5.493164E-3
34.2344	-1.220703E-2	-2.136230E-3	7.934570E-3	4.882812E-3
34.2344	-1.129150E-2	9.155273E-4	8.239746E-3	5.187988E-3
34.25	-1.373291E-2	-9.155273E-4	8.239746E-3	5.187988E-3
34.2656	-1.525879E-2	-9.155273E-4	7.934570E-3	5.493164E-3
34.2656	-1.098633E-2	3.051758E-4	8.544922E-3	4.882812E-3
34.2812	-1.770020E-2	-3.662109E-3	7.629395E-3	5.493164E-3
34.2969	-1.586914E-2	-3.051758E-3	7.934570E-3	4.577637E-3
34.2969	-1.220703E-2	-1.525879E-3	7.629395E-3	5.493164E-3
34.3125	-1.586914E-2	2.441406E-3	8.239746E-3	5.493164E-3
34.3125	-1.251221E-2	-9.155273E-4	7.934570E-3	5.798340E-3
