December 03, 2009 16:18
629a03
H:\026-20091203-sws12-ls\traj\LS_p33_d80_vp20_vd20.traj
lateral amplification = 100
normal amp = 100
pitch angle = -3
roll angle = 200
cantilever = 629a03
sample = sws12
<data>
time	voltageForceLateral	voltageForceNormal	voltagePositionX	voltagePositionY
120.1407	-1.251221E-2	-3.051758E-4	7.934570E-3	5.187988E-3
120.1563	-1.159668E-2	7.324219E-3	8.239746E-3	5.187988E-3
120.1719	-1.434326E-2	6.408691E-3	8.544922E-3	4.882812E-3
120.1719	-1.068115E-2	6.103516E-3	7.629395E-3	5.798340E-3
120.1875	-8.544922E-3	1.129150E-2	8.239746E-3	5.493164E-3
120.2032	-7.019043E-3	2.136230E-3	7.629395E-3	4.882812E-3
120.2032	-8.850098E-3	9.460449E-3	8.850098E-3	5.187988E-3
120.2188	-1.312256E-2	-1.525879E-3	8.544922E-3	5.187988E-3
120.2344	-1.068115E-2	3.967285E-3	7.629395E-3	4.577637E-3
120.2344	-6.713867E-3	-6.103516E-4	7.934570E-3	5.798340E-3
120.25	2.746582E-3	2.441406E-3	8.239746E-3	5.798340E-3
120.25	-9.460449E-3	-2.746582E-3	8.239746E-3	4.882812E-3
120.2657	-3.967285E-3	9.765625E-3	7.629395E-3	5.187988E-3
120.2813	-1.373291E-2	5.493164E-3	7.934570E-3	5.187988E-3
120.2969	-1.037598E-2	6.103516E-4	8.239746E-3	5.187988E-3
120.2969	-2.441406E-3	4.577637E-3	7.934570E-3	5.493164E-3
120.3125	-8.239746E-3	5.493164E-3	8.850098E-3	5.493164E-3
120.3125	-1.037598E-2	3.967285E-3	8.544922E-3	5.493164E-3
120.3282	-8.850098E-3	1.525879E-3	8.239746E-3	4.882812E-3
120.3282	-9.155273E-3	1.220703E-3	8.239746E-3	4.882812E-3
120.3438	-1.159668E-2	3.662109E-3	8.544922E-3	4.882812E-3
120.3594	-4.272461E-3	6.408691E-3	8.239746E-3	5.187988E-3
120.3594	-1.098633E-2	4.272461E-3	8.239746E-3	5.187988E-3
120.375	-9.460449E-3	7.019043E-3	7.934570E-3	5.187988E-3
120.3907	-5.493164E-3	9.460449E-3	7.934570E-3	5.798340E-3
120.3907	-1.037598E-2	9.155273E-4	8.239746E-3	4.882812E-3
120.4063	-1.983643E-2	5.187988E-3	8.239746E-3	5.798340E-3
120.4219	-7.324219E-3	4.577637E-3	7.629395E-3	4.882812E-3
120.4219	-1.525879E-2	1.007080E-2	7.934570E-3	4.882812E-3
120.4375	-3.051758E-4	4.577637E-3	8.239746E-3	4.882812E-3
120.4532	-7.019043E-3	3.967285E-3	7.934570E-3	4.882812E-3
120.4532	-1.159668E-2	-1.525879E-3	7.629395E-3	5.493164E-3
120.4688	-8.544922E-3	8.239746E-3	7.629395E-3	5.493164E-3
120.4844	-5.798340E-3	2.136230E-3	8.239746E-3	4.882812E-3
120.4844	-3.356934E-3	1.037598E-2	7.934570E-3	4.882812E-3
120.5	-1.495361E-2	1.007080E-2	8.239746E-3	4.882812E-3
120.5	-4.577637E-3	9.765625E-3	7.934570E-3	4.882812E-3
120.5157	-1.251221E-2	6.103516E-3	8.544922E-3	5.493164E-3
120.5313	-4.272461E-3	5.798340E-3	7.629395E-3	4.882812E-3
120.5469	-4.882812E-3	9.155273E-3	7.934570E-3	4.882812E-3
120.5469	-8.544922E-3	5.798340E-3	7.934570E-3	5.187988E-3
120.5625	-1.190186E-2	4.272461E-3	8.239746E-3	4.882812E-3
120.5625	-9.155273E-3	6.713867E-3	7.324219E-3	4.882812E-3
120.5782	-7.934570E-3	8.850098E-3	7.934570E-3	4.577637E-3
120.5938	-4.882812E-3	7.324219E-3	7.934570E-3	5.493164E-3
120.5938	-1.251221E-2	7.019043E-3	7.934570E-3	4.882812E-3
120.6094	-9.155273E-3	8.544922E-3	7.934570E-3	4.882812E-3
120.6094	-1.373291E-2	7.324219E-3	7.934570E-3	4.577637E-3
120.625	-8.850098E-3	3.967285E-3	8.544922E-3	4.577637E-3
120.6407	-3.051758E-4	6.408691E-3	7.629395E-3	5.493164E-3
120.6407	-1.159668E-2	4.577637E-3	7.934570E-3	5.187988E-3
120.6563	-1.342773E-2	1.220703E-2	7.934570E-3	5.493164E-3
120.6719	-7.324219E-3	9.765625E-3	8.239746E-3	5.187988E-3
120.6719	-1.220703E-3	3.356934E-3	7.934570E-3	4.882812E-3
120.6875	-1.159668E-2	7.019043E-3	7.629395E-3	5.187988E-3
120.6875	-9.765625E-3	4.882812E-3	7.934570E-3	5.187988E-3
120.7032	-7.934570E-3	5.187988E-3	7.629395E-3	5.493164E-3
120.7188	-1.495361E-2	2.746582E-3	7.629395E-3	4.882812E-3
120.7188	-9.765625E-3	2.746582E-3	8.239746E-3	5.187988E-3
120.7344	-7.934570E-3	1.525879E-3	7.934570E-3	5.493164E-3
120.75	-1.464844E-2	4.577637E-3	7.629395E-3	5.493164E-3
120.75	-1.220703E-2	6.713867E-3	8.850098E-3	5.187988E-3
120.7657	-7.019043E-3	1.525879E-3	8.239746E-3	4.577637E-3
120.7813	-1.190186E-2	1.159668E-2	8.239746E-3	5.187988E-3
120.7813	-1.068115E-2	2.441406E-3	8.544922E-3	4.882812E-3
120.7969	-9.765625E-3	4.882812E-3	7.934570E-3	5.798340E-3
120.8125	-8.850098E-3	5.493164E-3	7.934570E-3	5.187988E-3
120.8125	-8.544922E-3	3.051758E-3	7.934570E-3	4.882812E-3
120.8282	-6.103516E-3	1.068115E-2	7.934570E-3	5.187988E-3
120.8438	-1.159668E-2	7.934570E-3	8.239746E-3	5.187988E-3
120.8438	-6.408691E-3	1.831055E-3	8.239746E-3	5.798340E-3
120.8594	-1.220703E-2	7.324219E-3	7.629395E-3	5.187988E-3
120.875	-2.441406E-3	5.493164E-3	7.934570E-3	5.187988E-3
120.875	-9.155273E-3	7.324219E-3	8.239746E-3	5.187988E-3
120.8907	-1.159668E-2	6.408691E-3	7.629395E-3	5.187988E-3
120.8907	-9.155273E-3	5.187988E-3	8.239746E-3	4.882812E-3
120.9063	-1.861572E-2	1.831055E-3	7.934570E-3	5.798340E-3
120.9219	-1.251221E-2	7.629395E-3	7.934570E-3	5.187988E-3
120.9219	-1.220703E-2	5.493164E-3	8.239746E-3	4.577637E-3
120.9375	-1.159668E-2	7.324219E-3	8.239746E-3	5.187988E-3
120.9532	-7.324219E-3	9.155273E-3	7.324219E-3	5.493164E-3
120.9532	-7.629395E-3	1.037598E-2	7.934570E-3	4.882812E-3
120.9688	-1.739502E-2	5.798340E-3	8.239746E-3	4.577637E-3
120.9844	-1.129150E-2	6.408691E-3	7.934570E-3	4.882812E-3
120.9844	-6.103516E-3	4.577637E-3	7.934570E-3	4.882812E-3
121.0	-5.798340E-3	1.525879E-3	7.934570E-3	5.493164E-3
121.0	-7.629395E-3	2.441406E-3	8.239746E-3	5.493164E-3
121.0157	-6.713867E-3	6.103516E-3	7.629395E-3	5.187988E-3
121.0313	-1.403809E-2	1.037598E-2	8.239746E-3	4.882812E-3
121.0313	-7.629395E-3	6.103516E-4	9.765625E-3	4.577637E-3
121.0469	-1.220703E-2	6.713867E-3	3.173828E-2	4.577637E-3
121.0469	-9.460449E-3	6.408691E-3	4.852295E-2	4.882812E-3
121.0625	-1.251221E-2	1.525879E-3	7.324219E-2	4.882812E-3
121.0782	-9.155273E-3	-2.136230E-3	9.613037E-2	4.577637E-3
121.0782	-1.007080E-2	-1.007080E-2	1.089478E-1	5.493164E-3
121.0938	-1.800537E-2	-3.967285E-3	1.342773E-1	4.577637E-3
121.1094	-1.434326E-2	-1.098633E-2	1.541138E-1	5.187988E-3
121.1094	-1.403809E-2	-9.155273E-3	1.687622E-1	4.577637E-3
121.125	-1.403809E-2	-1.098633E-2	1.943970E-1	4.577637E-3
121.1407	-7.629395E-3	-8.239746E-3	2.166748E-1	5.187988E-3
121.1407	-1.129150E-2	-8.239746E-3	2.291870E-1	5.493164E-3
121.1563	-1.495361E-2	-1.678467E-2	2.536011E-1	5.187988E-3
121.1719	-1.556396E-2	-2.014160E-2	2.758789E-1	5.187988E-3
121.1719	-1.068115E-2	-1.739502E-2	2.896118E-1	4.882812E-3
121.1875	-2.349854E-2	-2.380371E-2	3.112793E-1	5.187988E-3
121.2032	-2.014160E-2	-1.861572E-2	3.359985E-1	4.882812E-3
121.2032	-9.155273E-3	-2.716064E-2	3.488159E-1	4.882812E-3
121.2188	-1.556396E-2	-2.624512E-2	3.732300E-1	5.187988E-3
121.2344	-1.800537E-2	-1.922607E-2	3.936768E-1	4.272461E-3
121.2344	-1.922607E-2	-2.929687E-2	4.086304E-1	5.187988E-3
121.25	-1.892090E-2	-3.265381E-2	4.327393E-1	5.187988E-3
121.25	-2.441406E-2	-3.448486E-2	4.559326E-1	5.187988E-3
121.2657	-2.136230E-2	-3.753662E-2	4.687500E-1	5.798340E-3
121.2813	-2.471924E-2	-2.868652E-2	4.937744E-1	5.187988E-3
121.2969	-2.838135E-2	-4.058838E-2	5.139160E-1	5.187988E-3
121.2969	-2.532959E-2	-3.875732E-2	5.325317E-1	4.882812E-3
121.3125	-2.929687E-2	-3.784180E-2	5.484009E-1	5.187988E-3
121.3125	-2.075195E-2	-4.150391E-2	5.728149E-1	5.493164E-3
121.3282	-2.746582E-2	-4.425049E-2	5.953979E-1	5.187988E-3
121.3282	-2.471924E-2	-4.089355E-2	6.082153E-1	4.882812E-3
121.3438	-2.502441E-2	-5.218506E-2	6.326294E-1	5.493164E-3
121.3594	-3.173828E-2	-5.157471E-2	6.524658E-1	5.798340E-3
121.3594	-2.960205E-2	-4.852295E-2	6.683350E-1	5.493164E-3
121.375	-2.105713E-2	-4.669189E-2	6.915283E-1	5.187988E-3
121.3907	-2.716064E-2	-5.096436E-2	7.147217E-1	5.493164E-3
121.3907	-2.441406E-2	-5.462646E-2	7.278442E-1	5.493164E-3
121.4063	-3.051758E-2	-5.706787E-2	7.516479E-1	5.187988E-3
121.4219	-3.082275E-2	-6.256104E-2	7.748413E-1	5.187988E-3
121.4219	-2.532959E-2	-6.225586E-2	7.873535E-1	5.493164E-3
121.4375	-3.204346E-2	-6.378174E-2	8.099365E-1	5.187988E-3
121.4532	-3.875732E-2	-6.683350E-2	8.337402E-1	4.577637E-3
121.4532	-3.204346E-2	-6.561279E-2	8.471680E-1	5.493164E-3
121.4688	-2.655029E-2	-6.683350E-2	8.712769E-1	4.882812E-3
121.4844	-2.990723E-2	-7.354736E-2	8.911133E-1	5.493164E-3
121.4844	-4.089355E-2	-7.537842E-2	9.072876E-1	5.493164E-3
121.5	-3.112793E-2	-7.080078E-2	9.317017E-1	5.493164E-3
121.5	-4.241943E-2	-8.239746E-2	9.542847E-1	5.493164E-3
121.5157	-3.295898E-2	-7.690430E-2	9.671021E-1	5.187988E-3
121.5313	-3.967285E-2	-8.422852E-2	9.918213E-1	5.187988E-3
121.5469	-4.486084E-2	-8.270264E-2	1.004944E+0	5.187988E-3
121.5469	-3.295898E-2	-8.056641E-2	1.024170E+0	5.187988E-3
121.5625	-3.814697E-2	-8.422852E-2	1.048279E+0	4.882812E-3
121.5625	-4.211426E-2	-8.331299E-2	1.070251E+0	5.187988E-3
121.5782	-3.479004E-2	-9.033203E-2	1.086121E+0	5.493164E-3
121.5938	-4.333496E-2	-9.155273E-2	1.109619E+0	4.882812E-3
121.5938	-4.455566E-2	-8.850098E-2	1.132812E+0	5.493164E-3
121.6094	-3.997803E-2	-9.613037E-2	1.146240E+0	5.493164E-3
121.6094	-4.119873E-2	-1.025391E-1	1.167603E+0	5.187988E-3
121.625	-4.272461E-2	-9.368896E-2	1.192932E+0	5.187988E-3
121.6407	-4.791260E-2	-1.031494E-1	1.205444E+0	5.187988E-3
121.6407	-4.516602E-2	-9.521484E-2	1.227112E+0	5.493164E-3
121.6563	-4.913330E-2	-1.037598E-1	1.252747E+0	5.187988E-3
121.6719	-5.004883E-2	-1.068115E-1	1.264954E+0	5.798340E-3
121.6719	-4.272461E-2	-1.052856E-1	1.289368E+0	5.187988E-3
121.6875	-5.096436E-2	-1.107788E-1	1.309204E+0	5.187988E-3
121.6875	-4.821777E-2	-1.126099E-1	1.325073E+0	5.187988E-3
121.7032	-4.791260E-2	-1.193237E-1	1.349487E+0	5.187988E-3
121.7188	-4.943848E-2	-1.190186E-1	1.371460E+0	5.493164E-3
121.7188	-5.523682E-2	-1.162720E-1	1.384888E+0	4.882812E-3
121.7344	-6.042480E-2	-1.217651E-1	1.409912E+0	4.577637E-3
121.75	-4.638672E-2	-1.242065E-1	1.432190E+0	5.493164E-3
121.75	-5.401611E-2	-1.281738E-1	1.444702E+0	5.493164E-3
121.7657	-5.096436E-2	-1.312256E-1	1.469421E+0	5.493164E-3
121.7813	-5.798340E-2	-1.327515E-1	1.489563E+0	6.103516E-3
121.7813	-5.432129E-2	-1.296997E-1	1.503601E+0	5.187988E-3
121.7969	-5.340576E-2	-1.388550E-1	1.528625E+0	4.882812E-3
121.8125	-5.706787E-2	-1.327515E-1	1.552124E+0	5.493164E-3
121.8125	-6.256104E-2	-1.431274E-1	1.564636E+0	4.577637E-3
121.8282	-6.011963E-2	-1.437378E-1	1.585999E+0	5.798340E-3
121.8438	-6.927490E-2	-1.428223E-1	1.611023E+0	5.493164E-3
121.8438	-6.286621E-2	-1.513672E-1	1.623230E+0	5.493164E-3
121.8594	-5.371094E-2	-1.501465E-1	1.648865E+0	5.493164E-3
121.875	-6.134033E-2	-1.565552E-1	1.670532E+0	5.493164E-3
121.875	-5.920410E-2	-1.535034E-1	1.683350E+0	5.493164E-3
121.8907	-6.103516E-2	-1.574707E-1	1.707764E+0	4.882812E-3
121.8907	-6.134033E-2	-1.617432E-1	1.727905E+0	4.882812E-3
121.9063	-5.737305E-2	-1.602173E-1	1.743164E+0	4.882812E-3
121.9219	-6.500244E-2	-1.602173E-1	1.764526E+0	5.798340E-3
121.9219	-6.500244E-2	-1.620483E-1	1.790771E+0	5.187988E-3
121.9375	-6.347656E-2	-1.635742E-1	1.803284E+0	4.882812E-3
121.9532	-6.530762E-2	-1.693726E-1	1.827698E+0	5.187988E-3
121.9532	-6.866455E-2	-1.705933E-1	1.850281E+0	4.577637E-3
121.9688	-7.507324E-2	-1.724243E-1	1.862488E+0	5.493164E-3
121.9844	-6.744385E-2	-1.788330E-1	1.883850E+0	5.798340E-3
121.9844	-7.293701E-2	-1.788330E-1	1.909790E+0	5.493164E-3
122.0	-7.049561E-2	-1.815796E-1	1.921997E+0	5.187988E-3
122.0	-7.781982E-2	-1.831055E-1	1.946106E+0	4.882812E-3
122.0157	-7.659912E-2	-1.861572E-1	1.969299E+0	5.493164E-3
122.0313	-7.690430E-2	-1.898193E-1	1.981812E+0	4.882812E-3
122.0313	-6.927490E-2	-1.965332E-1	2.002563E+0	6.103516E-3
122.0469	-7.507324E-2	-1.995850E-1	2.026367E+0	5.187988E-3
122.0469	-7.171631E-2	-1.895142E-1	2.042236E+0	4.882812E-3
122.0625	-7.476807E-2	-2.008057E-1	2.065430E+0	4.882812E-3
122.0782	-7.720947E-2	-1.992798E-1	2.088928E+0	5.187988E-3
122.0782	-8.300781E-2	-2.075195E-1	2.101135E+0	4.882812E-3
122.0938	-8.636475E-2	-2.078247E-1	2.125244E+0	5.187988E-3
122.1094	-8.239746E-2	-2.114868E-1	2.145996E+0	5.187988E-3
122.1094	-8.758545E-2	-2.114868E-1	2.161865E+0	5.493164E-3
122.125	-8.117676E-2	-2.160645E-1	2.185364E+0	5.187988E-3
122.1407	-8.850098E-2	-2.224731E-1	2.208862E+0	4.577637E-3
122.1407	-9.002686E-2	-2.218628E-1	2.221069E+0	4.882812E-3
122.1563	-8.453369E-2	-2.273560E-1	2.245483E+0	5.798340E-3
122.1719	-8.911133E-2	-2.258301E-1	2.267761E+0	4.882812E-3
122.1719	-8.850098E-2	-2.264404E-1	2.281189E+0	5.187988E-3
122.1875	-9.185791E-2	-2.349854E-1	2.301941E+0	5.187988E-3
122.2032	-9.033203E-2	-2.371216E-1	2.327576E+0	5.493164E-3
122.2032	-9.033203E-2	-2.349854E-1	2.340698E+0	5.798340E-3
122.2188	-9.246826E-2	-2.362061E-1	2.363586E+0	4.882812E-3
122.2344	-9.429932E-2	-2.432251E-1	2.384644E+0	4.882812E-3
122.2344	-9.155273E-2	-2.468872E-1	2.398682E+0	5.798340E-3
122.25	-9.460449E-2	-2.484131E-1	2.424316E+0	6.103516E-3
122.25	-9.429932E-2	-2.508545E-1	2.447510E+0	4.882812E-3
122.2657	-9.552002E-2	-2.572632E-1	2.460022E+0	5.798340E-3
122.2813	-9.307861E-2	-2.563477E-1	2.484436E+0	4.577637E-3
122.2969	-1.022339E-1	-2.642822E-1	2.505188E+0	5.493164E-3
122.2969	-1.016235E-1	-2.697754E-1	2.527161E+0	5.798340E-3
122.3125	-9.765625E-2	-2.697754E-1	2.539673E+0	5.187988E-3
122.3125	-9.613037E-2	-2.722168E-1	2.563782E+0	5.493164E-3
122.3282	-1.077271E-1	-2.835083E-1	2.583618E+0	5.493164E-3
122.3282	-1.101685E-1	-2.816772E-1	2.599182E+0	5.493164E-3
122.3438	-1.074219E-1	-2.853394E-1	2.622986E+0	5.187988E-3
122.3594	-1.086426E-1	-2.819824E-1	2.643433E+0	5.187988E-3
122.3594	-1.101685E-1	-2.874756E-1	2.658081E+0	5.187988E-3
122.375	-1.068115E-1	-2.926636E-1	2.682495E+0	5.187988E-3
122.3907	-1.080322E-1	-2.944946E-1	2.707520E+0	5.187988E-3
122.3907	-1.074219E-1	-2.978516E-1	2.718811E+0	5.187988E-3
122.4063	-1.089478E-1	-3.021240E-1	2.742615E+0	4.882812E-3
122.4219	-1.147461E-1	-3.475952E-1	2.765198E+0	5.187988E-3
122.4219	-9.552002E-2	-3.320312E-1	2.778931E+0	4.882812E-3
122.4375	-1.196289E-1	-3.082275E-1	2.799683E+0	5.798340E-3
122.4532	-1.049805E-1	-2.850342E-1	2.817383E+0	5.187988E-3
122.4532	-1.193237E-1	-2.633667E-1	2.836304E+0	5.493164E-3
122.4688	-1.095581E-1	-2.416992E-1	2.862244E+0	5.187988E-3
122.4844	-1.187134E-1	-2.111816E-1	2.882385E+0	5.187988E-3
122.4844	-1.055908E-1	-1.937866E-1	2.896729E+0	4.882812E-3
122.5	-1.147461E-1	-1.669312E-1	2.921448E+0	4.882812E-3
122.5	-1.138306E-1	-1.416016E-1	2.945251E+0	5.187988E-3
122.5157	-1.263428E-1	-1.272583E-1	2.957458E+0	5.187988E-3
122.5313	-1.266479E-1	-1.016235E-1	2.982483E+0	5.798340E-3
122.5313	-1.150513E-1	-8.880615E-2	2.994080E+0	5.493164E-3
122.5469	-1.254272E-1	-6.195068E-2	3.015137E+0	5.187988E-3
122.5625	-1.156616E-1	-3.479004E-2	3.038940E+0	5.493164E-3
122.5625	-1.351929E-1	-2.136230E-3	3.061523E+0	4.577637E-3
122.5782	-1.242065E-1	2.136230E-3	3.076782E+0	4.882812E-3
122.5938	-1.425171E-1	4.150391E-2	3.100891E+0	5.187988E-3
122.5938	-1.358032E-1	5.706787E-2	3.123169E+0	5.187988E-3
122.6094	-1.489258E-1	7.659912E-2	3.135681E+0	5.493164E-3
122.6094	-1.306152E-1	9.582520E-2	3.158264E+0	5.493164E-3
122.625	-1.568604E-1	1.342773E-1	3.183594E+0	5.187988E-3
122.6407	-1.266479E-1	1.483154E-1	3.196106E+0	5.187988E-3
122.6407	-1.504517E-1	1.751709E-1	3.217163E+0	5.493164E-3
122.6563	-1.379395E-1	2.120972E-1	3.242798E+0	4.882812E-3
122.6719	-1.580811E-1	2.206421E-1	3.255310E+0	4.882812E-3
122.6719	-1.522827E-1	2.511597E-1	3.280640E+0	5.493164E-3
122.6875	-1.638794E-1	2.532959E-1	3.289490E+0	5.493164E-3
122.6875	-1.666260E-1	2.478027E-1	3.280334E+0	2.044678E-2
122.7032	-1.937866E-1	2.365112E-1	3.267517E+0	3.814697E-2
122.7188	-2.200317E-1	2.163696E-1	3.255615E+0	5.523682E-2
122.7188	-2.374268E-1	2.035522E-1	3.248291E+0	7.080078E-2
122.7344	-2.600098E-1	1.882935E-1	3.233948E+0	8.819580E-2
122.75	-2.658081E-1	1.770020E-1	3.222046E+0	1.052856E-1
122.75	-2.832031E-1	1.623535E-1	3.214417E+0	1.214600E-1
122.7657	-2.984619E-1	1.452637E-1	3.200989E+0	1.400757E-1
122.7813	-3.295898E-1	1.428223E-1	3.190918E+0	1.562500E-1
122.7813	-3.317261E-1	1.242065E-1	3.182373E+0	1.739502E-1
122.7969	-3.771973E-1	1.116943E-1	3.169556E+0	1.901245E-1
122.8125	-3.701782E-1	9.216309E-2	3.157043E+0	2.059937E-1
122.8125	-4.116821E-1	8.880615E-2	3.149719E+0	2.224731E-1
122.8282	-4.129028E-1	7.385254E-2	3.138733E+0	2.404785E-1
122.8438	-4.458618E-1	5.920410E-2	3.124390E+0	2.575684E-1
122.8438	-4.498291E-1	4.150391E-2	3.117981E+0	2.737427E-1
122.8594	-4.925537E-1	2.471924E-2	3.103638E+0	2.920532E-1
122.875	-4.974365E-1	1.251221E-2	3.092041E+0	3.079224E-1
122.875	-5.224609E-1	0.000000E+0	3.084412E+0	3.244019E-1
122.8907	-5.386353E-1	-1.251221E-2	3.072510E+0	3.424072E-1
122.8907	-5.593872E-1	-2.899170E-2	3.061218E+0	3.585815E-1
122.9063	-5.776978E-1	-3.814697E-2	3.052979E+0	3.753662E-1
122.9219	-6.021118E-1	-5.340576E-2	3.039246E+0	3.930664E-1
122.9219	-6.259155E-1	-7.110596E-2	3.026733E+0	4.095459E-1
122.9375	-6.472778E-1	-7.873535E-2	3.020630E+0	4.254150E-1
122.9532	-6.683350E-1	-9.765625E-2	3.007507E+0	4.428101E-1
122.9532	-6.811523E-1	-1.123047E-1	2.994995E+0	4.589844E-1
122.9688	-7.049561E-1	-1.138306E-1	2.988586E+0	4.757690E-1
122.9844	-7.302856E-1	-1.464844E-1	2.976379E+0	4.937744E-1
122.9844	-7.592773E-1	-1.574707E-1	2.962646E+0	5.111694E-1
123.0	-7.687378E-1	-1.632690E-1	2.957458E+0	5.258179E-1
123.0	-8.044434E-1	-1.766968E-1	2.946167E+0	5.444336E-1
123.0157	-8.184814E-1	-1.986694E-1	2.935181E+0	5.599976E-1
123.0313	-8.523560E-1	-2.026367E-1	2.922974E+0	5.783081E-1
123.0313	-8.666992E-1	-2.224731E-1	2.913208E+0	5.947876E-1
123.0469	-8.950806E-1	-2.331543E-1	2.903137E+0	6.094360E-1
123.0625	-9.069824E-1	-2.545166E-1	2.890320E+0	6.286621E-1
123.0625	-9.423828E-1	-2.700806E-1	2.878418E+0	6.454468E-1
123.0782	-9.579468E-1	-2.770996E-1	2.869873E+0	6.625366E-1
123.0938	-9.835815E-1	-2.929687E-1	2.856750E+0	6.796265E-1
123.0938	-9.960937E-1	-3.125000E-1	2.844238E+0	6.954956E-1
123.1094	-1.030579E+0	-3.192139E-1	2.837219E+0	7.119751E-1
123.1094	-1.045837E+0	-3.262329E-1	2.825623E+0	7.299805E-1
123.125	-1.080627E+0	-3.466797E-1	2.811279E+0	7.470703E-1
123.1407	-1.088562E+0	-3.637695E-1	2.804871E+0	7.623291E-1
123.1407	-1.127930E+0	-3.775024E-1	2.792969E+0	7.812500E-1
123.1563	-1.147461E+0	-3.933716E-1	2.778625E+0	7.962036E-1
123.1719	-1.172791E+0	-4.019165E-1	2.772522E+0	8.117676E-1
123.1719	-1.200867E+0	-4.144287E-1	2.763367E+0	8.303833E-1
123.1875	-1.213684E+0	-4.272461E-1	2.749023E+0	8.471680E-1
123.1875	-1.245728E+0	-4.397583E-1	2.739868E+0	8.636475E-1
123.2032	-1.265869E+0	-4.541016E-1	2.727356E+0	8.813477E-1
123.2188	-1.305542E+0	-4.669189E-1	2.715454E+0	8.981323E-1
123.2188	-1.322327E+0	-4.812622E-1	2.707825E+0	9.140015E-1
123.2344	-1.354980E+0	-4.934692E-1	2.694702E+0	9.313965E-1
123.25	-1.360474E+0	-5.114746E-1	2.682190E+0	9.484863E-1
123.25	-1.398315E+0	-5.181885E-1	2.675171E+0	9.640503E-1
123.2657	-1.418457E+0	-5.349731E-1	2.662659E+0	9.832764E-1
123.2813	-1.459656E+0	-5.511475E-1	2.652283E+0	9.988403E-1
123.2813	-1.463623E+0	-5.526733E-1	2.643127E+0	1.016235E+0
123.2969	-1.493530E+0	-5.746460E-1	2.630310E+0	1.033020E+0
123.3125	-1.525574E+0	-5.920410E-1	2.617798E+0	1.048584E+0
123.3125	-1.556702E+0	-6.045532E-1	2.610168E+0	1.065979E+0
123.3282	-1.578674E+0	-6.124878E-1	2.599792E+0	1.083374E+0
123.3438	-1.594238E+0	-6.304932E-1	2.585449E+0	1.100159E+0
123.3438	-1.632690E+0	-6.369019E-1	2.578430E+0	1.116028E+0
123.3594	-1.635437E+0	-6.533813E-1	2.565308E+0	1.134338E+0
123.375	-1.673279E+0	-6.689453E-1	2.552795E+0	1.150513E+0
123.375	-1.687012E+0	-6.793213E-1	2.545776E+0	1.166077E+0
123.3907	-1.716003E+0	-6.777954E-1	2.533264E+0	1.184998E+0
123.3907	-1.642456E+0	-6.811523E-1	2.522278E+0	1.200867E+0
123.4063	-1.055908E-1	-2.798462E-1	2.514343E+0	1.217651E+0
123.4219	-1.065063E-1	-2.813721E-1	2.501221E+0	1.235046E+0
123.4219	-1.101685E-1	-2.838135E-1	2.488403E+0	1.252136E+0
123.4375	-1.065063E-1	-2.813721E-1	2.482300E+0	1.268311E+0
123.4532	-1.080322E-1	-2.783203E-1	2.469177E+0	1.286011E+0
123.4532	-1.089478E-1	-2.810669E-1	2.455750E+0	1.301880E+0
123.4688	-1.007080E-1	-2.780151E-1	2.449951E+0	1.317749E+0
123.4844	-1.062012E-1	-2.783203E-1	2.436829E+0	1.336365E+0
123.4844	-1.040649E-1	-2.734375E-1	2.424927E+0	1.353149E+0
123.5	-1.019287E-1	-2.749634E-1	2.417603E+0	1.369019E+0
123.5	-9.674072E-2	-2.725220E-1	2.404785E+0	1.386719E+0
123.5157	-9.796143E-2	-2.706909E-1	2.391968E+0	1.402283E+0
123.5313	-1.007080E-1	-2.737427E-1	2.385254E+0	1.419678E+0
123.5313	-1.031494E-1	-2.703857E-1	2.373962E+0	1.437073E+0
123.5469	-1.028442E-1	-2.691650E-1	2.361450E+0	1.453247E+0
123.5469	-1.031494E-1	-2.609253E-1	2.352600E+0	1.470337E+0
123.5625	-9.582520E-2	-2.664185E-1	2.339783E+0	1.488037E+0
123.5782	-1.058960E-1	-2.630615E-1	2.326660E+0	1.504211E+0
123.5782	-1.022339E-1	-2.606201E-1	2.319946E+0	1.520386E+0
123.5938	-8.850098E-2	-2.551270E-1	2.307434E+0	1.538696E+0
123.6094	-1.013184E-1	-2.603149E-1	2.296753E+0	1.555176E+0
123.6094	-9.033203E-2	-2.523804E-1	2.288513E+0	1.571960E+0
123.625	-9.307861E-2	-2.563477E-1	2.274475E+0	1.589050E+0
123.6407	-1.025391E-1	-2.490234E-1	2.261658E+0	1.605530E+0
123.6407	-9.887695E-2	-2.478027E-1	2.255554E+0	1.622314E+0
123.6563	-9.429932E-2	-2.569580E-1	2.242126E+0	1.639099E+0
123.6719	-9.582520E-2	-2.493286E-1	2.230225E+0	1.655884E+0
123.6719	-9.674072E-2	-2.481079E-1	2.223206E+0	1.672058E+0
123.6875	-9.521484E-2	-2.526855E-1	2.211914E+0	1.690674E+0
123.7032	-9.033203E-2	-2.450562E-1	2.197876E+0	1.706238E+0
123.7032	-8.575439E-2	-2.474976E-1	2.190552E+0	1.722412E+0
123.7188	-9.155273E-2	-2.410889E-1	2.178345E+0	1.741028E+0
123.7344	-8.972168E-2	-2.444458E-1	2.167664E+0	1.756897E+0
123.7344	-8.697510E-2	-2.401733E-1	2.159424E+0	1.773376E+0
123.75	-8.880615E-2	-2.456665E-1	2.145691E+0	1.791382E+0
123.75	-8.453369E-2	-2.423096E-1	2.133179E+0	1.806641E+0
123.7657	-9.033203E-2	-2.377319E-1	2.126160E+0	1.823730E+0
123.7813	-8.361816E-2	-2.297974E-1	2.113647E+0	1.842346E+0
123.7813	-9.185791E-2	-2.374268E-1	2.106018E+0	1.858826E+0
123.7969	-8.758545E-2	-2.355957E-1	2.095642E+0	1.873169E+0
123.8125	-8.819580E-2	-2.328491E-1	2.082520E+0	1.891785E+0
123.8125	-9.063721E-2	-2.319336E-1	2.069702E+0	1.908569E+0
123.8282	-8.911133E-2	-2.340698E-1	2.061157E+0	1.925354E+0
123.8438	-8.636475E-2	-2.233887E-1	2.048950E+0	1.943359E+0
123.8438	-9.124756E-2	-2.252197E-1	2.036133E+0	1.959839E+0
123.8594	-9.307861E-2	-2.282715E-1	2.030029E+0	1.976013E+0
123.8594	-8.697510E-2	-2.301025E-1	2.018127E+0	1.993103E+0
123.875	-8.361816E-2	-2.304077E-1	2.004395E+0	2.009277E+0
123.8907	-8.758545E-2	-2.188110E-1	1.997681E+0	2.025146E+0
123.8907	-8.361816E-2	-2.178955E-1	1.983948E+0	2.044067E+0
123.9063	-8.331299E-2	-2.221680E-1	1.972961E+0	2.059631E+0
123.9219	-8.483887E-2	-2.270508E-1	1.964722E+0	2.076721E+0
123.9219	-8.575439E-2	-2.188110E-1	1.951904E+0	2.095032E+0
123.9375	-8.148193E-2	-2.160645E-1	1.941223E+0	2.110901E+0
123.9375	-8.087158E-2	-2.151489E-1	1.933289E+0	2.127380E+0
123.9532	-8.514404E-2	-2.139282E-1	1.920166E+0	2.144470E+0
123.9688	-8.636475E-2	-2.072144E-1	1.907043E+0	2.161255E+0
123.9688	-7.720947E-2	-2.120972E-1	1.900024E+0	2.177734E+0
123.9844	-7.751465E-2	-2.133179E-1	1.886902E+0	2.196045E+0
124.0	-8.331299E-2	-2.090454E-1	1.875610E+0	2.212219E+0
124.0	-8.605957E-2	-2.069092E-1	1.868286E+0	2.228394E+0
124.0157	-7.171631E-2	-2.053833E-1	1.854553E+0	2.245483E+0
124.0313	-8.087158E-2	-2.032471E-1	1.843262E+0	2.261963E+0
124.0313	-8.026123E-2	-2.041626E-1	1.835632E+0	2.279053E+0
124.0469	-8.819580E-2	-2.005005E-1	1.823425E+0	2.297058E+0
124.0625	-8.483887E-2	-2.014160E-1	1.810303E+0	2.312927E+0
124.0625	-7.354736E-2	-1.986694E-1	1.802979E+0	2.329712E+0
124.0782	-7.843018E-2	-1.940918E-1	1.791687E+0	2.347412E+0
124.0938	-6.744385E-2	-2.001953E-1	1.777954E+0	2.362976E+0
124.0938	-7.873535E-2	-1.986694E-1	1.770630E+0	2.379150E+0
124.1094	-7.415771E-2	-1.995850E-1	1.757812E+0	2.397461E+0
124.125	-7.904053E-2	-1.913452E-1	1.745605E+0	2.413940E+0
124.125	-7.415771E-2	-1.928711E-1	1.738586E+0	2.431641E+0
124.1407	-7.537842E-2	-1.950073E-1	1.726074E+0	2.449036E+0
124.1407	-7.232666E-2	-1.916504E-1	1.714783E+0	2.465210E+0
124.1563	-7.873535E-2	-1.910400E-1	1.706238E+0	2.480469E+0
124.1719	-7.324219E-2	-1.885986E-1	1.693726E+0	2.498474E+0
124.1719	-6.927490E-2	-1.876831E-1	1.681824E+0	2.514648E+0
124.1875	-7.629395E-2	-1.837158E-1	1.674500E+0	2.530823E+0
124.2032	-7.080078E-2	-1.824951E-1	1.660156E+0	2.549744E+0
124.2032	-7.019043E-2	-1.901245E-1	1.648560E+0	2.565613E+0
124.2188	-7.629395E-2	-1.757812E-1	1.641846E+0	2.582703E+0
124.2344	-7.476807E-2	-1.776123E-1	1.630859E+0	2.599182E+0
124.2344	-7.598877E-2	-1.760864E-1	1.616516E+0	2.615662E+0
124.25	-7.141113E-2	-1.770020E-1	1.609497E+0	2.631531E+0
124.25	-7.019043E-2	-1.770020E-1	1.596375E+0	2.650757E+0
124.2657	-6.866455E-2	-1.779175E-1	1.583557E+0	2.666321E+0
124.2813	-6.896973E-2	-1.742554E-1	1.577759E+0	2.683716E+0
124.2813	-6.195068E-2	-1.745605E-1	1.566467E+0	2.700806E+0
124.2969	-7.080078E-2	-1.724243E-1	1.553650E+0	2.716675E+0
124.2969	-6.927490E-2	-1.760864E-1	1.544189E+0	2.733154E+0
124.3125	-6.896973E-2	-1.672363E-1	1.531982E+0	2.751465E+0
124.3282	-7.263184E-2	-1.721191E-1	1.519775E+0	2.767334E+0
124.3282	-7.080078E-2	-1.672363E-1	1.513062E+0	2.783203E+0
124.3438	-7.415771E-2	-1.629639E-1	1.499329E+0	2.802734E+0
124.3594	-6.591797E-2	-1.641846E-1	1.488342E+0	2.818604E+0
124.3594	-6.530762E-2	-1.614380E-1	1.479797E+0	2.834778E+0
124.375	-6.164551E-2	-1.638794E-1	1.467590E+0	2.852783E+0
124.3907	-6.378174E-2	-1.574707E-1	1.454468E+0	2.868347E+0
124.3907	-6.134033E-2	-1.632690E-1	1.448364E+0	2.885132E+0
124.4063	-6.439209E-2	-1.617432E-1	1.434326E+0	2.902527E+0
124.4219	-6.347656E-2	-1.608276E-1	1.421814E+0	2.919312E+0
124.4219	-6.530762E-2	-1.589966E-1	1.415405E+0	2.935181E+0
124.4375	-5.950928E-2	-1.544189E-1	1.404724E+0	2.954407E+0
124.4532	-5.950928E-2	-1.574707E-1	1.390686E+0	2.969360E+0
124.4532	-6.469727E-2	-1.550293E-1	1.383667E+0	2.984619E+0
124.4688	-6.683350E-2	-1.477051E-1	1.370239E+0	3.004150E+0
124.4844	-6.347656E-2	-1.525879E-1	1.358948E+0	3.020325E+0
124.4844	-6.347656E-2	-1.507568E-1	1.350708E+0	3.036804E+0
124.5	-5.981445E-2	-1.492310E-1	1.338196E+0	3.054504E+0
124.5	-6.744385E-2	-1.498413E-1	1.325378E+0	3.071289E+0
124.5157	-6.225586E-2	-1.458740E-1	1.318665E+0	3.086548E+0
124.5313	-6.042480E-2	-1.452637E-1	1.305542E+0	3.104858E+0
124.5313	-6.530762E-2	-1.470947E-1	1.297607E+0	3.121033E+0
124.5469	-6.774902E-2	-1.443481E-1	1.288452E+0	3.135986E+0
124.5625	-6.225586E-2	-1.452637E-1	1.274719E+0	3.155212E+0
124.5625	-6.103516E-2	-1.434326E-1	1.262512E+0	3.171997E+0
124.5782	-5.493164E-2	-1.376343E-1	1.253967E+0	3.188782E+0
124.5938	-5.981445E-2	-1.403809E-1	1.240540E+0	3.205261E+0
124.5938	-5.950928E-2	-1.458740E-1	1.229248E+0	3.221436E+0
124.6094	-6.042480E-2	-1.339722E-1	1.222534E+0	3.238220E+0
124.6094	-5.645752E-2	-1.333618E-1	1.210327E+0	3.257141E+0
124.625	-5.767822E-2	-1.351929E-1	1.196289E+0	3.273010E+0
124.6407	-5.554199E-2	-1.370239E-1	1.188965E+0	3.289490E+0
124.6407	-5.584717E-2	-1.318359E-1	1.177673E+0	3.307495E+0
124.6563	-5.004883E-2	-1.309204E-1	1.165161E+0	3.323059E+0
124.6719	-5.279541E-2	-1.367187E-1	1.158142E+0	3.338623E+0
124.6719	-5.859375E-2	-1.354980E-1	1.144714E+0	3.357544E+0
124.6875	-5.035400E-2	-1.269531E-1	1.133118E+0	3.373718E+0
124.6875	-5.920410E-2	-1.315308E-1	1.124878E+0	3.390198E+0
124.7032	-5.950928E-2	-1.260376E-1	1.113281E+0	3.408203E+0
124.7188	-5.645752E-2	-1.232910E-1	1.100159E+0	3.424988E+0
124.7188	-5.554199E-2	-1.315308E-1	1.093140E+0	3.440247E+0
124.7344	-5.645752E-2	-1.251221E-1	1.079712E+0	3.457947E+0
124.75	-5.340576E-2	-1.239014E-1	1.067200E+0	3.474121E+0
124.75	-4.852295E-2	-1.174927E-1	1.060181E+0	3.489685E+0
124.7657	-4.852295E-2	-1.184082E-1	1.047974E+0	3.509216E+0
124.7813	-5.310059E-2	-1.187134E-1	1.036987E+0	3.525696E+0
124.7813	-4.547119E-2	-1.208496E-1	1.028748E+0	3.542480E+0
124.7969	-5.462646E-2	-1.232910E-1	1.015320E+0	3.559265E+0
124.8125	-5.157471E-2	-1.132202E-1	1.002502E+0	3.575134E+0
124.8125	-4.547119E-2	-1.165771E-1	9.960937E-1	3.592834E+0
124.8282	-4.760742E-2	-1.162720E-1	9.848022E-1	3.609924E+0
124.8438	-4.882812E-2	-1.223755E-1	9.710693E-1	3.627014E+0
124.8438	-5.493164E-2	-1.123047E-1	9.637451E-1	3.642273E+0
124.8594	-6.134033E-2	-1.150513E-1	9.497070E-1	3.660889E+0
124.875	-4.669189E-2	-1.113892E-1	9.371948E-1	3.675537E+0
124.875	-5.004883E-2	-1.104736E-1	9.313965E-1	3.691101E+0
124.8907	-4.455566E-2	-1.104736E-1	9.219360E-1	3.710937E+0
124.8907	-4.547119E-2	-1.083374E-1	9.112549E-1	3.726807E+0
124.9063	-4.638672E-2	-1.083374E-1	8.993530E-1	3.744202E+0
124.9219	-4.547119E-2	-1.089478E-1	8.843994E-1	3.760986E+0
124.9219	-4.699707E-2	-1.016235E-1	8.773804E-1	3.777466E+0
124.9375	-4.089355E-2	-1.107788E-1	8.663940E-1	3.796082E+0
124.9532	-4.638672E-2	-1.043701E-1	8.523560E-1	3.811646E+0
124.9532	-3.936768E-2	-9.826660E-2	8.456421E-1	3.827515E+0
124.9688	-4.455566E-2	-1.046753E-1	8.322144E-1	3.845215E+0
124.9844	-4.882812E-2	-1.043701E-1	8.200073E-1	3.861694E+0
124.9844	-4.364014E-2	-9.735107E-2	8.126831E-1	3.878174E+0
125.0	-4.272461E-2	-9.582520E-2	7.998657E-1	3.896484E+0
125.0	-4.577637E-2	-1.052856E-1	7.876587E-1	3.912659E+0
125.0157	-3.814697E-2	-9.887695E-2	7.806396E-1	3.927917E+0
125.0313	-4.241943E-2	-9.155273E-2	7.672119E-1	3.945618E+0
125.0313	-4.577637E-2	-9.033203E-2	7.595825E-1	3.963318E+0
125.0469	-4.547119E-2	-9.368896E-2	7.501221E-1	3.977661E+0
125.0625	-4.119873E-2	-9.552002E-2	7.379150E-1	3.996582E+0
125.0625	-3.845215E-2	-8.728027E-2	7.244873E-1	4.013977E+0
125.0782	-3.936768E-2	-8.941650E-2	7.165527E-1	4.031982E+0
125.0938	-3.845215E-2	-8.972168E-2	7.028198E-1	4.046631E+0
125.0938	-4.394531E-2	-9.124756E-2	6.912231E-1	4.063721E+0
125.1094	-4.302979E-2	-9.155273E-2	6.845093E-1	4.079590E+0
125.1094	-4.394531E-2	-8.758545E-2	6.726074E-1	4.097595E+0
125.125	-3.662109E-2	-8.422852E-2	6.585693E-1	4.114685E+0
125.1407	-4.333496E-2	-8.331299E-2	6.515503E-1	4.129639E+0
125.1407	-3.723145E-2	-7.598877E-2	6.399536E-1	4.148254E+0
125.1563	-3.326416E-2	-7.995605E-2	6.265259E-1	4.164429E+0
125.1719	-3.814697E-2	-7.720947E-2	6.198120E-1	4.179382E+0
125.1719	-3.814697E-2	-8.178711E-2	6.060791E-1	4.198608E+0
125.1875	-3.936768E-2	-8.117676E-2	5.953979E-1	4.215393E+0
125.1875	-4.333496E-2	-7.720947E-2	5.871582E-1	4.230957E+0
125.2032	-3.784180E-2	-7.873535E-2	5.746460E-1	4.249268E+0
125.2188	-3.387451E-2	-7.843018E-2	5.624390E-1	4.265442E+0
125.2188	-3.570557E-2	-7.904053E-2	5.545044E-1	4.281616E+0
125.2344	-3.173828E-2	-7.843018E-2	5.410767E-1	4.298706E+0
125.25	-3.387451E-2	-7.171631E-2	5.291748E-1	4.315796E+0
125.25	-3.326416E-2	-6.958008E-2	5.224609E-1	4.332275E+0
125.2657	-3.967285E-2	-7.415771E-2	5.093384E-1	4.349670E+0
125.2813	-3.723145E-2	-7.568359E-2	4.989624E-1	4.366455E+0
125.2813	-2.899170E-2	-7.019043E-2	4.904175E-1	4.383240E+0
125.2969	-3.387451E-2	-7.293701E-2	4.769897E-1	4.399414E+0
125.3125	-2.441406E-2	-6.774902E-2	4.647827E-1	4.416809E+0
125.3125	-3.540039E-2	-6.805420E-2	4.571533E-1	4.432678E+0
125.3282	-3.448486E-2	-6.530762E-2	4.461670E-1	4.450073E+0
125.3438	-3.326416E-2	-5.981445E-2	4.324341E-1	4.467163E+0
125.3438	-3.601074E-2	-6.835937E-2	4.260254E-1	4.482727E+0
125.3594	-3.387451E-2	-5.828857E-2	4.122925E-1	4.501343E+0
125.375	-3.173828E-2	-5.920410E-2	4.003906E-1	4.516907E+0
125.375	-3.112793E-2	-5.737305E-2	3.936768E-1	4.532471E+0
125.3907	-3.112793E-2	-6.439209E-2	3.811646E-1	4.551086E+0
125.3907	-2.990723E-2	-5.645752E-2	3.695679E-1	4.567871E+0
125.4063	-3.204346E-2	-6.256104E-2	3.613281E-1	4.584045E+0
125.4219	-3.112793E-2	-6.072998E-2	3.479004E-1	4.601746E+0
125.4219	-2.960205E-2	-5.493164E-2	3.353882E-1	4.619141E+0
125.4375	-2.838135E-2	-5.401611E-2	3.295898E-1	4.634399E+0
125.4532	-3.631592E-2	-5.218506E-2	3.158569E-1	4.651489E+0
125.4532	-2.838135E-2	-5.493164E-2	3.033447E-1	4.668274E+0
125.4688	-2.899170E-2	-5.126953E-2	2.969360E-1	4.684143E+0
125.4844	-2.471924E-2	-5.065918E-2	2.841187E-1	4.702454E+0
125.4844	-2.258301E-2	-5.157471E-2	2.722168E-1	4.719238E+0
125.5	-2.044678E-2	-5.706787E-2	2.651978E-1	4.734802E+0
125.5	-2.746582E-2	-4.211426E-2	2.517700E-1	4.752808E+0
125.5157	-3.601074E-2	-5.218506E-2	2.401733E-1	4.768372E+0
125.5313	-2.593994E-2	-4.638672E-2	2.319336E-1	4.785461E+0
125.5313	-2.258301E-2	-4.577637E-2	2.221680E-1	4.803162E+0
125.5469	-2.960205E-2	-4.394531E-2	2.102661E-1	4.820251E+0
125.5469	-2.960205E-2	-4.577637E-2	2.011108E-1	4.835510E+0
125.5625	-2.197266E-2	-3.997803E-2	1.876831E-1	4.854126E+0
125.5782	-2.502441E-2	-3.570557E-2	1.757812E-1	4.869995E+0
125.5782	-2.471924E-2	-3.601074E-2	1.684570E-1	4.884644E+0
125.5938	-2.319336E-2	-3.753662E-2	1.550293E-1	4.902954E+0
125.6094	-1.708984E-2	-3.753662E-2	1.455688E-1	4.920044E+0
125.6094	-1.739502E-2	-3.692627E-2	1.373291E-1	4.936523E+0
125.625	-2.471924E-2	-3.265381E-2	1.242065E-1	4.954224E+0
125.6407	-2.471924E-2	-3.448486E-2	1.116943E-1	4.970703E+0
125.6407	-2.258301E-2	-3.021240E-2	1.034546E-1	4.987183E+0
125.6563	-2.166748E-2	-3.143311E-2	9.155273E-2	5.003662E+0
125.6719	-2.227783E-2	-2.990723E-2	8.026123E-2	5.021057E+0
125.6719	-2.227783E-2	-2.593994E-2	7.141113E-2	5.036926E+0
125.6875	-2.380371E-2	-3.448486E-2	5.889893E-2	5.055237E+0
125.7032	-1.831055E-2	-2.685547E-2	4.730225E-2	5.071411E+0
125.7032	-1.861572E-2	-3.143311E-2	3.875732E-2	5.086975E+0
125.7188	-2.166748E-2	-2.685547E-2	2.746582E-2	5.105591E+0
125.7344	-1.617432E-2	-2.868652E-2	1.586914E-2	5.121765E+0
125.7344	-2.593994E-2	-2.441406E-2	8.239746E-3	5.137634E+0
125.75	-1.770020E-2	-2.929687E-2	5.798340E-3	5.040283E+0
125.75	-1.617432E-2	-2.075195E-2	5.493164E-3	4.943237E+0
125.7657	-1.953125E-2	-2.410889E-2	5.187988E-3	4.848022E+0
125.7813	-1.525879E-2	-2.502441E-2	5.798340E-3	4.737549E+0
125.7969	-2.166748E-2	-2.075195E-2	6.103516E-3	4.636536E+0
125.7969	-1.678467E-2	-2.685547E-2	5.493164E-3	4.538574E+0
125.8125	-1.922607E-2	-2.563477E-2	5.493164E-3	4.442139E+0
125.8125	-1.831055E-2	-2.380371E-2	6.713867E-3	4.332886E+0
125.8282	-2.105713E-2	-1.953125E-2	6.103516E-3	4.238586E+0
125.8282	-1.159668E-2	-1.617432E-2	5.493164E-3	4.135437E+0
125.8438	-1.556396E-2	-2.105713E-2	6.103516E-3	4.031982E+0
125.8594	-1.922607E-2	-1.953125E-2	6.713867E-3	3.930969E+0
125.8594	-2.471924E-2	-2.288818E-2	5.187988E-3	3.833313E+0
125.875	-2.380371E-2	-2.075195E-2	5.187988E-3	3.729553E+0
125.8907	-1.617432E-2	-1.953125E-2	6.103516E-3	3.628845E+0
125.8907	-2.197266E-2	-2.136230E-2	6.103516E-3	3.528748E+0
125.9063	-1.892090E-2	-2.105713E-2	6.103516E-3	3.425293E+0
125.9219	-1.129150E-2	-1.586914E-2	6.713867E-3	3.326111E+0
125.9219	-1.525879E-2	-2.166748E-2	6.103516E-3	3.229370E+0
125.9375	-1.464844E-2	-1.312256E-2	6.103516E-3	3.123779E+0
125.9532	-9.765625E-3	-1.525879E-2	7.019043E-3	3.023071E+0
125.9532	-1.770020E-2	-1.403809E-2	6.103516E-3	2.926025E+0
125.9688	-1.525879E-2	-1.525879E-2	6.103516E-3	2.820129E+0
125.9844	-1.556396E-2	-1.831055E-2	7.324219E-3	2.720032E+0
125.9844	-1.464844E-2	-1.495361E-2	5.798340E-3	2.621155E+0
126.0	-1.953125E-2	-1.556396E-2	6.713867E-3	2.518616E+0
126.0	-2.593994E-2	-1.312256E-2	7.019043E-3	2.418518E+0
126.0157	-1.403809E-2	-1.617432E-2	5.798340E-3	2.319336E+0
126.0313	-1.678467E-2	-1.098633E-2	6.713867E-3	2.214661E+0
126.0469	-1.220703E-2	-1.220703E-2	6.408691E-3	2.114563E+0
126.0469	-1.068115E-2	-7.629395E-3	6.103516E-3	2.019653E+0
126.0625	-1.403809E-2	-1.525879E-2	5.187988E-3	1.913757E+0
126.0625	-1.251221E-2	-3.356934E-3	6.713867E-3	1.811523E+0
126.0782	-7.324219E-3	-4.577637E-3	6.408691E-3	1.712036E+0
126.0782	-1.556396E-2	-3.662109E-3	6.103516E-3	1.615295E+0
126.0938	-1.007080E-2	-1.831055E-3	7.324219E-3	1.508179E+0
126.1094	-1.403809E-2	-5.187988E-3	6.408691E-3	1.410522E+0
126.1094	-8.239746E-3	-8.239746E-3	5.798340E-3	1.310120E+0
126.125	-1.678467E-2	-3.051758E-4	6.713867E-3	1.206665E+0
126.1407	-1.831055E-2	-9.155273E-4	7.629395E-3	1.107483E+0
126.1407	-1.007080E-2	-3.662109E-3	7.324219E-3	1.007996E+0
126.1563	-9.765625E-3	1.525879E-3	7.629395E-3	9.042358E-1
126.1719	-1.159668E-2	-9.155273E-4	9.155273E-3	8.050537E-1
126.1719	-1.098633E-2	1.220703E-3	7.324219E-3	7.073975E-1
126.1875	-1.220703E-2	2.441406E-3	7.629395E-3	6.021118E-1
126.2032	-1.403809E-2	-4.882812E-3	7.629395E-3	5.020142E-1
126.2032	-1.647949E-2	6.103516E-3	7.324219E-3	4.046631E-1
126.2188	-1.098633E-2	1.068115E-2	7.324219E-3	2.996826E-1
126.2344	-1.770020E-2	2.136230E-3	7.629395E-3	2.005005E-1
126.2344	-1.190186E-2	7.934570E-3	7.629395E-3	1.013184E-1
126.25	-1.098633E-2	7.324219E-3	7.934570E-3	-1.831055E-3
126.25	-1.281738E-2	7.629395E-3	7.934570E-3	6.103516E-4
126.2657	-3.967285E-3	5.493164E-3	7.934570E-3	2.746582E-3
126.2813	-5.798340E-3	5.187988E-3	7.934570E-3	3.662109E-3
126.2813	-1.617432E-2	7.934570E-3	7.629395E-3	3.967285E-3
126.2969	-1.342773E-2	4.272461E-3	7.934570E-3	4.272461E-3
126.3125	-1.281738E-2	5.493164E-3	8.239746E-3	4.272461E-3
126.3125	-1.495361E-2	7.629395E-3	8.239746E-3	4.272461E-3
126.3282	-1.403809E-2	9.155273E-3	7.934570E-3	4.882812E-3
126.3438	-1.281738E-2	4.272461E-3	8.239746E-3	5.187988E-3
126.3438	-8.544922E-3	9.460449E-3	7.629395E-3	4.882812E-3
126.3594	-6.713867E-3	5.798340E-3	7.934570E-3	4.882812E-3
126.3594	-1.037598E-2	3.662109E-3	7.934570E-3	5.187988E-3
126.375	-9.460449E-3	1.403809E-2	7.934570E-3	4.577637E-3
126.3907	-1.159668E-2	9.460449E-3	7.629395E-3	4.577637E-3
126.3907	-1.373291E-2	3.967285E-3	7.934570E-3	4.882812E-3
126.4063	-6.103516E-3	4.882812E-3	8.544922E-3	5.187988E-3
126.4219	-6.408691E-3	1.464844E-2	7.934570E-3	4.577637E-3
126.4219	-1.434326E-2	5.187988E-3	7.629395E-3	4.577637E-3
126.4375	-1.464844E-2	7.934570E-3	7.934570E-3	4.882812E-3
126.4532	-7.019043E-3	8.544922E-3	7.934570E-3	4.577637E-3
126.4532	-1.159668E-2	8.544922E-3	8.544922E-3	5.493164E-3
126.4688	-7.934570E-3	8.239746E-3	7.934570E-3	4.882812E-3
126.4688	-8.544922E-3	1.220703E-2	7.934570E-3	5.187988E-3
126.4844	-1.068115E-2	5.187988E-3	8.239746E-3	4.882812E-3
126.5	-1.800537E-2	7.934570E-3	7.934570E-3	5.187988E-3
126.5	-7.324219E-3	7.019043E-3	8.239746E-3	5.187988E-3
126.5157	-2.136230E-3	6.103516E-3	7.934570E-3	4.577637E-3
126.5313	-1.495361E-2	6.103516E-4	8.239746E-3	5.187988E-3
126.5313	-5.187988E-3	4.882812E-3	7.629395E-3	4.882812E-3
126.5469	-9.765625E-3	1.007080E-2	7.934570E-3	4.882812E-3
126.5625	-1.190186E-2	7.934570E-3	7.934570E-3	5.187988E-3
126.5625	-5.493164E-3	1.831055E-3	8.239746E-3	5.493164E-3
126.5782	-1.007080E-2	9.155273E-3	7.629395E-3	4.882812E-3
126.5938	1.220703E-3	8.239746E-3	8.239746E-3	4.577637E-3
126.5938	-6.408691E-3	3.662109E-3	8.239746E-3	5.187988E-3
126.6094	-8.239746E-3	8.850098E-3	7.934570E-3	4.272461E-3
126.625	-1.342773E-2	4.577637E-3	7.934570E-3	4.882812E-3
126.625	-4.577637E-3	6.103516E-3	7.324219E-3	4.882812E-3
126.6407	-3.662109E-3	7.629395E-3	7.934570E-3	5.187988E-3
126.6407	-1.190186E-2	9.460449E-3	8.544922E-3	5.493164E-3
126.6563	-1.129150E-2	3.051758E-4	7.934570E-3	5.187988E-3
126.6719	-1.190186E-2	7.629395E-3	7.629395E-3	5.798340E-3
126.6719	-6.713867E-3	1.342773E-2	8.239746E-3	5.187988E-3
126.6875	-1.373291E-2	9.765625E-3	8.239746E-3	5.187988E-3
126.7032	-9.155273E-3	5.493164E-3	7.629395E-3	5.493164E-3
126.7032	-1.007080E-2	6.103516E-3	7.934570E-3	5.187988E-3
126.7188	-7.934570E-3	8.544922E-3	8.239746E-3	5.493164E-3
126.7344	-1.190186E-2	2.136230E-3	7.934570E-3	5.493164E-3
126.7344	-1.251221E-2	7.324219E-3	7.629395E-3	4.882812E-3
126.75	-3.967285E-3	5.493164E-3	7.934570E-3	4.882812E-3
126.75	-1.556396E-2	1.068115E-2	8.239746E-3	4.882812E-3
126.7657	-1.220703E-2	4.882812E-3	8.544922E-3	4.882812E-3
126.7813	-7.324219E-3	8.239746E-3	7.934570E-3	4.882812E-3
126.7813	-6.713867E-3	-3.356934E-3	7.934570E-3	5.187988E-3
126.7969	-1.007080E-2	5.798340E-3	7.629395E-3	4.272461E-3
126.7969	-3.051758E-3	5.798340E-3	8.239746E-3	4.882812E-3
126.8125	-1.251221E-2	3.051758E-3	7.629395E-3	5.187988E-3
126.8282	-3.662109E-3	7.324219E-3	7.934570E-3	4.882812E-3
126.8282	-2.136230E-3	5.798340E-3	8.239746E-3	4.882812E-3
126.8438	-1.464844E-2	9.155273E-3	7.629395E-3	5.493164E-3
126.8594	-1.312256E-2	4.882812E-3	7.324219E-3	5.493164E-3
126.8594	-1.373291E-2	7.019043E-3	7.934570E-3	6.103516E-3
126.875	-1.220703E-2	4.577637E-3	7.629395E-3	4.882812E-3
126.8907	-3.967285E-3	9.765625E-3	8.239746E-3	4.882812E-3
126.8907	-1.831055E-3	2.746582E-3	7.934570E-3	4.882812E-3
126.9063	-1.098633E-2	2.136230E-3	7.629395E-3	5.493164E-3
126.9219	-9.765625E-3	1.129150E-2	7.629395E-3	5.493164E-3
126.9219	-6.103516E-3	4.577637E-3	8.239746E-3	5.187988E-3
126.9375	-6.713867E-3	6.408691E-3	7.629395E-3	4.577637E-3
126.9532	-1.220703E-2	1.068115E-2	8.544922E-3	4.882812E-3
126.9532	-1.220703E-3	1.068115E-2	7.934570E-3	4.882812E-3
126.9688	-3.662109E-3	8.850098E-3	7.934570E-3	5.187988E-3
126.9844	-1.342773E-2	5.187988E-3	7.629395E-3	5.493164E-3
126.9844	-6.103516E-3	1.098633E-2	7.934570E-3	5.187988E-3
127.0	-1.007080E-2	7.629395E-3	7.629395E-3	4.882812E-3
127.0	-1.037598E-2	1.068115E-2	8.239746E-3	5.187988E-3
127.0157	-1.556396E-2	1.831055E-3	7.934570E-3	5.798340E-3
127.0313	-1.068115E-2	5.493164E-3	7.934570E-3	5.187988E-3
127.0469	-1.159668E-2	6.408691E-3	7.629395E-3	5.187988E-3
127.0469	1.831055E-3	5.798340E-3	8.239746E-3	4.882812E-3
127.0625	-8.544922E-3	2.136230E-3	7.629395E-3	4.882812E-3
127.0625	-9.155273E-3	6.408691E-3	7.629395E-3	5.187988E-3
127.0782	-2.441406E-3	6.103516E-3	7.934570E-3	5.493164E-3
127.0782	-6.713867E-3	6.713867E-3	8.544922E-3	5.493164E-3
127.0938	-3.051758E-3	7.934570E-3	7.934570E-3	5.187988E-3
127.1094	-1.251221E-2	6.713867E-3	7.934570E-3	5.187988E-3
127.1094	-8.850098E-3	4.272461E-3	7.629395E-3	5.493164E-3
127.125	-6.713867E-3	8.239746E-3	7.629395E-3	5.187988E-3
127.1407	-9.765625E-3	2.746582E-3	7.629395E-3	5.187988E-3
127.1407	-9.460449E-3	4.882812E-3	7.934570E-3	4.882812E-3
127.1563	-6.408691E-3	1.464844E-2	8.239746E-3	5.493164E-3
127.1719	-1.129150E-2	9.460449E-3	7.324219E-3	5.493164E-3
127.1719	-4.272461E-3	2.746582E-3	7.629395E-3	5.187988E-3
127.1875	-9.460449E-3	5.187988E-3	8.239746E-3	5.187988E-3
127.2032	-9.155273E-3	1.159668E-2	7.629395E-3	5.493164E-3
127.2032	-1.098633E-2	5.493164E-3	7.629395E-3	5.493164E-3
127.2188	-1.281738E-2	4.882812E-3	7.629395E-3	5.187988E-3
127.2344	-7.324219E-3	8.239746E-3	7.934570E-3	5.187988E-3
127.2344	-9.460449E-3	3.356934E-3	8.239746E-3	5.187988E-3
127.25	-9.460449E-3	7.019043E-3	7.934570E-3	4.882812E-3
127.25	-1.037598E-2	8.544922E-3	8.239746E-3	4.882812E-3
127.2657	-7.934570E-3	6.713867E-3	7.934570E-3	5.493164E-3
127.2813	-4.882812E-3	4.882812E-3	7.324219E-3	5.493164E-3
127.2969	-3.967285E-3	3.051758E-4	8.239746E-3	5.187988E-3
127.2969	-8.850098E-3	1.037598E-2	8.544922E-3	5.187988E-3
127.3125	-7.324219E-3	8.850098E-3	7.629395E-3	5.187988E-3
127.3125	-1.312256E-2	1.525879E-3	8.239746E-3	5.493164E-3
127.3282	-5.187988E-3	1.831055E-3	7.934570E-3	4.882812E-3
127.3438	-7.324219E-3	2.746582E-3	7.934570E-3	5.798340E-3
127.3438	-5.798340E-3	3.356934E-3	7.934570E-3	5.187988E-3
