December 03, 2009 16:18
629a03
H:\026-20091203-sws12-ls\traj\LS_p33_d80_vp20_vd20.traj
lateral amplification = 100
normal amp = 100
pitch angle = -3
roll angle = 200
cantilever = 629a03
sample = sws12
<data>
time	voltageForceLateral	voltageForceNormal	voltagePositionX	voltagePositionY
26.3125	-3.051758E-3	3.662109E-3	7.934570E-3	5.187988E-3
26.3125	-1.220703E-2	2.746582E-3	7.629395E-3	5.187988E-3
26.3282	-9.460449E-3	-1.220703E-3	7.934570E-3	5.493164E-3
26.3438	-1.068115E-2	-1.525879E-3	7.934570E-3	5.187988E-3
26.3438	-1.495361E-2	1.251221E-2	7.934570E-3	5.493164E-3
26.3594	-4.577637E-3	1.831055E-3	7.629395E-3	5.187988E-3
26.3594	-1.190186E-2	-9.155273E-4	8.544922E-3	5.187988E-3
26.375	-1.220703E-3	7.934570E-3	8.544922E-3	5.493164E-3
26.3907	-1.373291E-2	5.493164E-3	8.239746E-3	5.493164E-3
26.3907	-7.019043E-3	1.831055E-3	8.544922E-3	5.493164E-3
26.4063	-8.239746E-3	3.051758E-4	7.629395E-3	5.187988E-3
26.4219	-5.798340E-3	3.662109E-3	8.239746E-3	5.187988E-3
26.4219	-4.577637E-3	3.662109E-3	7.934570E-3	5.187988E-3
26.4375	-9.155273E-3	4.882812E-3	7.934570E-3	4.882812E-3
26.4375	-1.525879E-3	1.220703E-3	7.934570E-3	5.798340E-3
26.4532	-3.967285E-3	1.220703E-3	7.629395E-3	4.882812E-3
26.4688	-5.493164E-3	-1.831055E-3	8.239746E-3	4.882812E-3
26.4688	-4.577637E-3	5.493164E-3	7.934570E-3	5.493164E-3
26.4844	-8.544922E-3	3.051758E-3	8.239746E-3	4.882812E-3
26.5	-4.882812E-3	5.798340E-3	8.544922E-3	5.798340E-3
26.5	-8.850098E-3	7.629395E-3	7.629395E-3	5.798340E-3
26.5157	-5.493164E-3	7.629395E-3	8.239746E-3	5.798340E-3
26.5313	-9.765625E-3	6.713867E-3	8.239746E-3	5.493164E-3
26.5313	-4.882812E-3	3.051758E-4	7.934570E-3	4.882812E-3
26.5469	-8.544922E-3	6.713867E-3	8.239746E-3	5.187988E-3
26.5625	-7.019043E-3	-3.662109E-3	7.934570E-3	5.187988E-3
26.5625	-1.068115E-2	4.272461E-3	8.239746E-3	5.493164E-3
26.5782	-1.007080E-2	-3.662109E-3	7.629395E-3	5.493164E-3
26.5938	-3.967285E-3	1.525879E-3	7.324219E-3	5.187988E-3
26.5938	-1.159668E-2	-1.220703E-3	7.934570E-3	5.187988E-3
26.6094	-1.831055E-3	-1.831055E-3	8.544922E-3	5.187988E-3
26.625	-8.239746E-3	1.831055E-3	8.239746E-3	5.493164E-3
26.625	-3.967285E-3	-5.493164E-3	7.934570E-3	4.882812E-3
26.6407	-2.746582E-3	6.103516E-3	7.934570E-3	5.187988E-3
26.6407	-9.155273E-3	3.051758E-4	7.934570E-3	5.493164E-3
26.6563	-3.051758E-3	2.746582E-3	7.934570E-3	4.882812E-3
26.6719	-2.746582E-3	6.103516E-4	8.239746E-3	5.187988E-3
26.6719	-1.556396E-2	1.068115E-2	7.629395E-3	5.493164E-3
26.6875	-1.068115E-2	9.155273E-4	8.850098E-3	4.882812E-3
26.7032	-9.460449E-3	2.136230E-3	7.629395E-3	5.493164E-3
26.7032	-3.051758E-3	7.629395E-3	7.934570E-3	4.882812E-3
26.7188	-6.103516E-3	3.051758E-3	8.239746E-3	5.493164E-3
26.7344	-6.103516E-4	9.155273E-4	7.934570E-3	5.187988E-3
26.7344	-6.408691E-3	6.103516E-4	8.239746E-3	5.187988E-3
26.75	-5.187988E-3	2.136230E-3	7.629395E-3	5.493164E-3
26.75	-4.272461E-3	8.850098E-3	7.934570E-3	4.882812E-3
26.7657	-9.155273E-3	8.239746E-3	7.629395E-3	4.882812E-3
26.7813	-1.068115E-2	-2.136230E-3	8.239746E-3	4.577637E-3
26.7813	-1.831055E-3	0.000000E+0	7.934570E-3	4.882812E-3
26.7969	-6.103516E-3	-1.525879E-3	7.934570E-3	5.493164E-3
26.7969	-1.129150E-2	5.493164E-3	8.239746E-3	4.577637E-3
26.8125	-5.798340E-3	1.831055E-3	7.934570E-3	5.187988E-3
26.8282	-7.019043E-3	4.882812E-3	8.544922E-3	5.493164E-3
26.8282	-9.155273E-3	6.103516E-3	7.934570E-3	5.187988E-3
26.8438	-4.577637E-3	3.051758E-4	7.629395E-3	5.187988E-3
26.8594	6.103516E-4	5.493164E-3	7.934570E-3	5.798340E-3
26.8594	-6.713867E-3	1.220703E-3	7.629395E-3	5.798340E-3
26.875	-1.373291E-2	1.220703E-3	8.544922E-3	5.493164E-3
26.8907	-5.798340E-3	4.272461E-3	7.934570E-3	5.493164E-3
26.8907	-8.544922E-3	0.000000E+0	7.934570E-3	5.187988E-3
26.9063	-6.103516E-4	6.103516E-4	7.934570E-3	5.187988E-3
26.9219	-1.831055E-3	7.019043E-3	7.934570E-3	5.187988E-3
26.9219	-2.746582E-3	7.934570E-3	7.934570E-3	5.493164E-3
26.9375	-8.850098E-3	5.798340E-3	7.934570E-3	5.187988E-3
26.9532	-8.239746E-3	2.441406E-3	8.239746E-3	4.882812E-3
26.9532	-9.460449E-3	3.356934E-3	7.934570E-3	4.577637E-3
26.9688	-5.187988E-3	6.103516E-3	7.934570E-3	4.882812E-3
26.9844	-7.019043E-3	1.220703E-3	7.934570E-3	5.187988E-3
26.9844	-9.765625E-3	5.493164E-3	7.934570E-3	5.187988E-3
27.0	-3.051758E-3	1.831055E-3	7.934570E-3	5.187988E-3
27.0	-1.068115E-2	4.577637E-3	7.629395E-3	5.187988E-3
27.0157	-1.037598E-2	7.324219E-3	7.629395E-3	4.882812E-3
27.0313	-4.882812E-3	3.356934E-3	7.324219E-3	5.187988E-3
27.0469	-7.934570E-3	5.493164E-3	7.629395E-3	4.882812E-3
27.0469	-1.037598E-2	3.051758E-4	7.629395E-3	5.187988E-3
27.0625	-5.493164E-3	5.187988E-3	7.934570E-3	5.493164E-3
27.0625	-3.051758E-3	7.629395E-3	7.629395E-3	5.187988E-3
27.0782	-6.103516E-3	2.746582E-3	7.324219E-3	5.187988E-3
27.0938	-6.408691E-3	3.662109E-3	7.934570E-3	5.187988E-3
27.0938	-8.239746E-3	3.051758E-3	8.239746E-3	5.798340E-3
27.1094	-1.037598E-2	7.019043E-3	8.544922E-3	5.493164E-3
27.1094	-1.403809E-2	-2.746582E-3	7.934570E-3	5.798340E-3
27.125	-1.037598E-2	7.324219E-3	7.934570E-3	5.493164E-3
27.1407	-5.798340E-3	-6.103516E-4	8.239746E-3	5.187988E-3
27.1407	-6.103516E-3	-1.831055E-3	7.629395E-3	5.187988E-3
27.1563	-3.662109E-3	3.967285E-3	7.934570E-3	5.187988E-3
27.1719	-1.068115E-2	1.220703E-3	8.239746E-3	5.187988E-3
27.1719	-1.373291E-2	2.746582E-3	7.629395E-3	4.882812E-3
27.1875	-8.850098E-3	8.239746E-3	7.934570E-3	5.187988E-3
27.1875	-2.441406E-3	6.103516E-4	8.239746E-3	5.187988E-3
27.2032	-7.019043E-3	3.051758E-4	8.239746E-3	4.577637E-3
27.2188	-9.460449E-3	8.239746E-3	7.629395E-3	5.187988E-3
27.2188	-4.577637E-3	-2.136230E-3	7.934570E-3	4.577637E-3
27.2344	-2.136230E-3	5.798340E-3	8.239746E-3	5.493164E-3
27.25	-8.544922E-3	3.662109E-3	8.239746E-3	5.187988E-3
27.25	-4.577637E-3	7.324219E-3	8.239746E-3	5.187988E-3
27.2657	-2.746582E-3	1.525879E-3	7.934570E-3	5.187988E-3
27.2813	-7.019043E-3	4.577637E-3	8.239746E-3	5.187988E-3
27.2813	0.000000E+0	-6.103516E-4	8.544922E-3	4.882812E-3
27.2969	-8.544922E-3	6.103516E-4	1.281738E-2	5.187988E-3
27.3125	-8.544922E-3	2.746582E-3	3.448486E-2	5.187988E-3
27.3125	-7.629395E-3	-4.272461E-3	4.852295E-2	5.798340E-3
27.3282	-8.544922E-3	-6.103516E-4	7.171631E-2	4.272461E-3
27.3438	-9.460449E-3	-9.155273E-4	9.552002E-2	4.882812E-3
27.3438	-1.068115E-2	-4.272461E-3	1.095581E-1	4.882812E-3
27.3594	-1.312256E-2	-6.408691E-3	1.345825E-1	4.882812E-3
27.375	-9.765625E-3	-8.544922E-3	1.568604E-1	5.493164E-3
27.375	-6.408691E-3	-9.460449E-3	1.693726E-1	5.187988E-3
27.3907	-1.098633E-2	-6.713867E-3	1.934814E-1	5.187988E-3
27.3907	-1.861572E-2	-1.556396E-2	2.133179E-1	5.493164E-3
27.4063	-1.129150E-2	-1.129150E-2	2.288818E-1	5.187988E-3
27.4219	-1.647949E-2	-1.495361E-2	2.536011E-1	5.187988E-3
27.4219	-1.312256E-2	-1.495361E-2	2.764893E-1	5.187988E-3
27.4375	-2.288818E-2	-1.831055E-2	2.893066E-1	5.187988E-3
27.4532	-8.544922E-3	-2.197266E-2	3.134155E-1	4.882812E-3
27.4532	-1.739502E-2	-2.716064E-2	3.363037E-1	5.493164E-3
27.4688	-1.129150E-2	-2.258301E-2	3.491211E-1	4.882812E-3
27.4844	-2.014160E-2	-3.143311E-2	3.704834E-1	4.882812E-3
27.4844	-1.556396E-2	-2.990723E-2	3.958130E-1	4.882812E-3
27.5	-1.525879E-2	-2.838135E-2	4.089355E-1	4.577637E-3
27.5	-2.014160E-2	-2.990723E-2	4.333496E-1	5.187988E-3
27.5157	-1.800537E-2	-3.631592E-2	4.562378E-1	5.187988E-3
27.5313	-2.136230E-2	-2.960205E-2	4.684448E-1	5.493164E-3
27.5313	-1.403809E-2	-3.509521E-2	4.888916E-1	5.493164E-3
27.5469	-2.441406E-2	-3.936768E-2	5.126953E-1	5.187988E-3
27.5469	-2.014160E-2	-3.723145E-2	5.282593E-1	4.577637E-3
27.5625	-1.953125E-2	-3.967285E-2	5.532837E-1	5.493164E-3
27.5782	-2.014160E-2	-4.302979E-2	5.749512E-1	5.187988E-3
27.5782	-1.678467E-2	-4.821777E-2	5.883789E-1	4.577637E-3
27.5938	-2.258301E-2	-4.699707E-2	6.124878E-1	4.882812E-3
27.6094	-2.807617E-2	-5.065918E-2	6.326294E-1	5.187988E-3
27.6094	-2.166748E-2	-5.218506E-2	6.475830E-1	5.493164E-3
27.625	-2.502441E-2	-5.340576E-2	6.723022E-1	5.798340E-3
27.6407	-2.593994E-2	-5.432129E-2	6.945801E-1	5.493164E-3
27.6407	-2.319336E-2	-5.828857E-2	7.089233E-1	5.187988E-3
27.6563	-3.051758E-2	-5.645752E-2	7.318115E-1	4.882812E-3
27.6719	-2.563477E-2	-6.072998E-2	7.550049E-1	5.187988E-3
27.6719	-2.380371E-2	-6.195068E-2	7.675171E-1	5.493164E-3
27.6875	-3.326416E-2	-6.378174E-2	7.891846E-1	5.187988E-3
27.7032	-2.807617E-2	-6.195068E-2	8.139038E-1	4.882812E-3
27.7032	-2.899170E-2	-7.202148E-2	8.273315E-1	5.493164E-3
27.7188	-3.204346E-2	-7.080078E-2	8.511353E-1	5.187988E-3
27.7344	-2.166748E-2	-7.385254E-2	8.709717E-1	5.187988E-3
27.7344	-3.112793E-2	-7.263184E-2	8.862305E-1	5.187988E-3
27.75	-2.838135E-2	-6.988525E-2	9.088135E-1	5.493164E-3
27.75	-3.479004E-2	-7.354736E-2	9.347534E-1	4.882812E-3
27.7657	-3.356934E-2	-7.751465E-2	9.463501E-1	5.798340E-3
27.7813	-3.570557E-2	-7.659912E-2	9.716797E-1	5.187988E-3
27.7813	-4.150391E-2	-8.544922E-2	9.848022E-1	5.187988E-3
27.7969	-3.753662E-2	-7.659912E-2	1.003723E+0	5.187988E-3
27.8125	-4.058838E-2	-8.636475E-2	1.028137E+0	5.187988E-3
27.8125	-4.150391E-2	-9.155273E-2	1.052551E+0	4.882812E-3
27.8282	-4.455566E-2	-9.246826E-2	1.065369E+0	5.493164E-3
27.8438	-3.845215E-2	-8.575439E-2	1.090393E+0	5.187988E-3
27.8438	-3.814697E-2	-9.185791E-2	1.112976E+0	4.577637E-3
27.8594	-3.845215E-2	-9.490967E-2	1.125793E+0	5.187988E-3
27.8594	-4.455566E-2	-9.277344E-2	1.148071E+0	5.493164E-3
27.875	-4.730225E-2	-1.000977E-1	1.173401E+0	5.187988E-3
27.8907	-3.753662E-2	-1.000977E-1	1.186218E+0	5.493164E-3
27.8907	-4.577637E-2	-1.031494E-1	1.207581E+0	4.882812E-3
27.9063	-4.119873E-2	-1.019287E-1	1.232300E+0	5.187988E-3
27.9219	-4.577637E-2	-1.098633E-1	1.244507E+0	5.187988E-3
27.9219	-4.852295E-2	-1.083374E-1	1.268921E+0	5.493164E-3
27.9375	-4.272461E-2	-1.107788E-1	1.289368E+0	5.187988E-3
27.9375	-4.882812E-2	-1.144409E-1	1.305237E+0	5.798340E-3
27.9532	-4.150391E-2	-1.119995E-1	1.328735E+0	5.187988E-3
27.9688	-4.486084E-2	-1.141357E-1	1.351624E+0	5.493164E-3
27.9688	-4.669189E-2	-1.214600E-1	1.364136E+0	5.187988E-3
27.9844	-4.821777E-2	-1.293945E-1	1.390076E+0	5.187988E-3
28.0	-5.249023E-2	-1.162720E-1	1.412964E+0	5.493164E-3
28.0	-4.516602E-2	-1.229858E-1	1.424561E+0	5.493164E-3
28.0157	-5.004883E-2	-1.342773E-1	1.449280E+0	5.187988E-3
28.0313	-4.699707E-2	-1.312256E-1	1.468811E+0	5.493164E-3
28.0313	-5.187988E-2	-1.403809E-1	1.484375E+0	5.187988E-3
28.0469	-5.462646E-2	-1.361084E-1	1.507874E+0	5.798340E-3
28.0625	-5.889893E-2	-1.379395E-1	1.531677E+0	4.882812E-3
28.0625	-5.554199E-2	-1.336670E-1	1.543274E+0	4.882812E-3
28.0782	-5.401611E-2	-1.449585E-1	1.566467E+0	5.187988E-3
28.0938	-6.103516E-2	-1.419067E-1	1.592102E+0	4.882812E-3
28.0938	-5.126953E-2	-1.416016E-1	1.603699E+0	5.187988E-3
28.1094	-6.164551E-2	-1.461792E-1	1.628418E+0	5.493164E-3
28.125	-5.889893E-2	-1.409912E-1	1.650391E+0	5.493164E-3
28.125	-5.828857E-2	-1.535034E-1	1.662903E+0	5.493164E-3
28.1407	-5.828857E-2	-1.550293E-1	1.687927E+0	5.798340E-3
28.1407	-6.134033E-2	-1.568604E-1	1.707764E+0	4.577637E-3
28.1563	-5.981445E-2	-1.574707E-1	1.723328E+0	5.798340E-3
28.1719	-6.072998E-2	-1.672363E-1	1.746521E+0	5.187988E-3
28.1719	-6.439209E-2	-1.666260E-1	1.770630E+0	5.187988E-3
28.1875	-7.171631E-2	-1.699829E-1	1.782837E+0	4.882812E-3
28.2032	-6.225586E-2	-1.708984E-1	1.807556E+0	4.882812E-3
28.2032	-6.896973E-2	-1.675415E-1	1.830139E+0	5.493164E-3
28.2188	-7.019043E-2	-1.812744E-1	1.842651E+0	5.187988E-3
28.2344	-5.950928E-2	-1.702881E-1	1.864319E+0	4.882812E-3
28.2344	-6.866455E-2	-1.800537E-1	1.889343E+0	5.187988E-3
28.25	-7.080078E-2	-1.779175E-1	1.901855E+0	5.493164E-3
28.25	-7.476807E-2	-1.867676E-1	1.926270E+0	5.798340E-3
28.2657	-6.530762E-2	-1.876831E-1	1.949768E+0	5.798340E-3
28.2813	-6.896973E-2	-1.876831E-1	1.962280E+0	4.882812E-3
28.2813	-7.965088E-2	-1.916504E-1	1.981812E+0	4.577637E-3
28.2969	-7.232666E-2	-1.953125E-1	2.007141E+0	6.103516E-3
28.2969	-7.568359E-2	-1.913452E-1	2.021179E+0	5.187988E-3
28.3125	-7.446289E-2	-2.005005E-1	2.046509E+0	4.882812E-3
28.3282	-7.568359E-2	-2.014160E-1	2.068787E+0	4.882812E-3
28.3282	-7.904053E-2	-2.072144E-1	2.081604E+0	5.187988E-3
28.3438	-7.263184E-2	-2.105713E-1	2.105713E+0	5.798340E-3
28.3594	-8.148193E-2	-2.053833E-1	2.125244E+0	4.882812E-3
28.3594	-7.385254E-2	-2.117920E-1	2.140503E+0	5.187988E-3
28.375	-7.965088E-2	-2.148437E-1	2.162476E+0	5.187988E-3
28.3907	-8.636475E-2	-2.130127E-1	2.187805E+0	4.882812E-3
28.3907	-7.873535E-2	-2.188110E-1	2.200928E+0	5.187988E-3
28.4063	-8.392334E-2	-2.227783E-1	2.225647E+0	4.577637E-3
28.4219	-8.666992E-2	-2.209473E-1	2.248840E+0	5.493164E-3
28.4219	-8.117676E-2	-2.243042E-1	2.260437E+0	5.187988E-3
28.4375	-8.911133E-2	-2.343750E-1	2.281799E+0	4.882812E-3
28.4532	-8.789062E-2	-2.416992E-1	2.307434E+0	5.187988E-3
28.4532	-8.819580E-2	-2.337646E-1	2.319641E+0	5.493164E-3
28.4688	-9.460449E-2	-2.392578E-1	2.344360E+0	5.493164E-3
28.4844	-9.002686E-2	-2.404785E-1	2.364197E+0	5.493164E-3
28.4844	-8.789062E-2	-2.453613E-1	2.379456E+0	5.493164E-3
28.5	-8.972168E-2	-2.499390E-1	2.403870E+0	4.882812E-3
28.5	-9.857178E-2	-2.523804E-1	2.427368E+0	5.493164E-3
28.5157	-8.850098E-2	-2.581787E-1	2.440186E+0	5.493164E-3
28.5313	-1.007080E-1	-2.557373E-1	2.463989E+0	5.493164E-3
28.5469	-9.704590E-2	-2.642822E-1	2.478333E+0	4.882812E-3
28.5469	-8.941650E-2	-2.587891E-1	2.497559E+0	5.187988E-3
28.5625	-9.796143E-2	-2.621460E-1	2.521667E+0	5.493164E-3
28.5625	-9.979248E-2	-2.725220E-1	2.544250E+0	4.882812E-3
28.5782	-9.521484E-2	-2.764893E-1	2.558899E+0	5.187988E-3
28.5938	-1.000977E-1	-2.731323E-1	2.583313E+0	4.882812E-3
28.5938	-9.796143E-2	-2.798462E-1	2.606506E+0	5.798340E-3
28.6094	-1.031494E-1	-2.795410E-1	2.618713E+0	5.798340E-3
28.6094	-1.098633E-1	-2.828979E-1	2.640686E+0	4.882812E-3
28.625	-1.025391E-1	-2.890015E-1	2.665710E+0	4.882812E-3
28.6407	-1.028442E-1	-2.990723E-1	2.678833E+0	5.798340E-3
28.6407	-1.074219E-1	-2.975464E-1	2.700195E+0	5.493164E-3
28.6563	-1.055908E-1	-3.067017E-1	2.724609E+0	6.103516E-3
28.6719	-1.101685E-1	-3.027344E-1	2.737732E+0	5.493164E-3
28.6719	-9.216309E-2	-3.439331E-1	2.762146E+0	5.187988E-3
28.6875	-8.911133E-2	-3.427124E-1	2.782288E+0	5.187988E-3
28.6875	-1.062012E-1	-3.146362E-1	2.797852E+0	5.493164E-3
28.7032	-9.490967E-2	-2.935791E-1	2.821960E+0	5.493164E-3
28.7188	-1.068115E-1	-2.639771E-1	2.845459E+0	4.882812E-3
28.7188	-9.185791E-2	-2.456665E-1	2.857361E+0	5.187988E-3
28.7344	-1.144409E-1	-2.288818E-1	2.882385E+0	4.882812E-3
28.75	-9.826660E-2	-1.910400E-1	2.905579E+0	5.187988E-3
28.75	-1.205444E-1	-1.797485E-1	2.917175E+0	5.187988E-3
28.7657	-1.135254E-1	-1.486206E-1	2.941895E+0	5.493164E-3
28.7813	-1.171875E-1	-1.312256E-1	2.960815E+0	5.493164E-3
28.7813	-1.147461E-1	-1.110840E-1	2.976685E+0	4.882812E-3
28.7969	-1.211548E-1	-8.850098E-2	3.001404E+0	5.187988E-3
28.8125	-1.278687E-1	-5.889893E-2	3.023987E+0	5.493164E-3
28.8125	-1.171875E-1	-4.699707E-2	3.036499E+0	4.882812E-3
28.8282	-1.330566E-1	-2.044678E-2	3.057861E+0	5.798340E-3
28.8438	-1.254272E-1	8.850098E-3	3.083191E+0	4.272461E-3
28.8438	-1.339722E-1	2.624512E-2	3.096619E+0	4.882812E-3
28.8594	-1.232910E-1	5.828857E-2	3.121643E+0	5.187988E-3
28.875	-1.422119E-1	8.697510E-2	3.143921E+0	5.187988E-3
28.875	-1.272583E-1	1.028442E-1	3.156128E+0	5.493164E-3
28.8907	-1.467896E-1	1.187134E-1	3.180237E+0	5.187988E-3
28.8907	-1.315308E-1	1.455688E-1	3.201294E+0	5.187988E-3
28.9063	-1.449585E-1	1.696777E-1	3.215637E+0	5.493164E-3
28.9219	-1.470947E-1	1.913452E-1	3.240051E+0	5.493164E-3
28.9219	-1.510620E-1	2.194214E-1	3.262329E+0	5.493164E-3
28.9375	-1.443481E-1	2.383423E-1	3.276367E+0	5.798340E-3
28.9532	-1.507568E-1	2.505493E-1	3.292847E+0	5.187988E-3
28.9532	-1.791382E-1	2.450562E-1	3.290710E+0	2.441406E-2
28.9688	-1.913452E-1	2.542114E-1	3.290100E+0	4.302979E-2
28.9844	-2.301025E-1	2.514648E-1	3.288574E+0	6.530762E-2
28.9844	-2.371216E-1	2.450562E-1	3.287048E+0	8.483887E-2
29.0	-2.630615E-1	2.441406E-1	3.286438E+0	1.034546E-1
29.0	-2.893066E-1	2.465820E-1	3.284607E+0	1.245117E-1
29.0157	-3.085327E-1	2.420044E-1	3.284912E+0	1.449585E-1
29.0313	-3.207397E-1	2.398682E-1	3.283386E+0	1.638794E-1
29.0313	-3.579712E-1	2.352905E-1	3.282776E+0	1.852417E-1
29.0469	-3.591919E-1	2.340698E-1	3.281250E+0	2.041626E-1
29.0469	-3.961182E-1	2.368164E-1	3.279114E+0	2.233887E-1
29.0625	-3.997803E-1	2.325439E-1	3.277588E+0	2.453613E-1
29.0782	-4.351807E-1	2.288818E-1	3.276978E+0	2.648926E-1
29.0782	-4.403687E-1	2.157593E-1	3.276978E+0	2.838135E-1
29.0938	-4.849243E-1	2.230835E-1	3.275146E+0	3.051758E-1
29.1094	-4.840088E-1	2.185059E-1	3.273926E+0	3.247070E-1
29.1094	-5.184937E-1	2.178955E-1	3.272705E+0	3.448486E-1
29.125	-5.261230E-1	2.117920E-1	3.272400E+0	3.656006E-1
29.1407	-5.523682E-1	2.105713E-1	3.270874E+0	3.839111E-1
29.1407	-5.715942E-1	2.087402E-1	3.270264E+0	4.031372E-1
29.1563	-5.880737E-1	2.047729E-1	3.268433E+0	4.238892E-1
29.1719	-6.130981E-1	2.069092E-1	3.268433E+0	4.437256E-1
29.1719	-6.359863E-1	1.965332E-1	3.267517E+0	4.623413E-1
29.1875	-6.613159E-1	1.937866E-1	3.266602E+0	4.840088E-1
29.2032	-6.674194E-1	1.943970E-1	3.265381E+0	5.038452E-1
29.2032	-6.942749E-1	1.885986E-1	3.264160E+0	5.233765E-1
29.2188	-7.098389E-1	1.849365E-1	3.263245E+0	5.444336E-1
29.2344	-7.476807E-1	1.843262E-1	3.262024E+0	5.636597E-1
29.2344	-7.546997E-1	1.800537E-1	3.261414E+0	5.831909E-1
29.25	-7.907104E-1	1.776123E-1	3.260193E+0	6.039429E-1
29.25	-7.974243E-1	1.705933E-1	3.258667E+0	6.240845E-1
29.2657	-8.312988E-1	1.754761E-1	3.258362E+0	6.423950E-1
29.2813	-8.425903E-1	1.629639E-1	3.256226E+0	6.631470E-1
29.2813	-8.798218E-1	1.577759E-1	3.255310E+0	6.845093E-1
29.2969	-8.795166E-1	1.513672E-1	3.254395E+0	7.012939E-1
29.3125	-9.265137E-1	1.538086E-1	3.253174E+0	7.241821E-1
29.3125	-9.301758E-1	1.525879E-1	3.251953E+0	7.437134E-1
29.3282	-9.722900E-1	1.477051E-1	3.251648E+0	7.635498E-1
29.3438	-9.750366E-1	1.431274E-1	3.250122E+0	7.836914E-1
29.3438	-1.008301E+0	1.382446E-1	3.249512E+0	8.032227E-1
29.3594	-1.022644E+0	1.309204E-1	3.248596E+0	8.227539E-1
29.3594	-1.050110E+0	1.327515E-1	3.247375E+0	8.432007E-1
29.375	-1.072083E+0	1.278687E-1	3.246155E+0	8.642578E-1
29.3907	-1.091309E+0	1.217651E-1	3.245239E+0	8.819580E-1
29.3907	-1.124573E+0	1.208496E-1	3.244019E+0	9.039307E-1
29.4063	-1.132507E+0	1.126099E-1	3.242798E+0	9.237671E-1
29.4219	-1.163635E+0	1.043701E-1	3.242493E+0	9.423828E-1
29.4219	-1.176147E+0	1.062012E-1	3.241272E+0	9.637451E-1
29.4375	-1.207581E+0	1.037598E-1	3.240356E+0	9.832764E-1
29.4375	-1.218872E+0	9.460449E-2	3.238525E+0	1.003418E+0
29.4532	-1.252441E+0	9.643555E-2	3.238220E+0	1.024170E+0
29.4688	-1.261292E+0	8.636475E-2	3.237000E+0	1.043701E+0
29.4688	-1.296997E+0	8.209229E-2	3.236084E+0	1.062622E+0
29.4844	-1.318054E+0	8.300781E-2	3.233948E+0	1.083984E+0
29.5	-1.351013E+0	6.744385E-2	3.232727E+0	1.102600E+0
29.5	-1.366577E+0	6.622314E-2	3.232422E+0	1.121521E+0
29.5157	-1.401062E+0	6.439209E-2	3.231812E+0	1.142883E+0
29.5313	-1.411743E+0	5.889893E-2	3.229980E+0	1.162109E+0
29.5313	-1.446228E+0	5.676270E-2	3.229065E+0	1.182251E+0
29.5469	-1.466064E+0	4.638672E-2	3.228149E+0	1.202393E+0
29.5625	-1.489868E+0	4.302979E-2	3.227539E+0	1.222534E+0
29.5625	-1.520996E+0	3.784180E-2	3.225708E+0	1.241150E+0
29.5782	-1.538696E+0	2.716064E-2	3.225098E+0	1.263123E+0
29.5938	-1.570435E+0	3.204346E-2	3.224487E+0	1.282654E+0
29.5938	-1.590576E+0	2.227783E-2	3.223877E+0	1.300659E+0
29.6094	-1.622925E+0	1.647949E-2	3.222656E+0	1.323242E+0
29.625	-1.633911E+0	1.281738E-2	3.221130E+0	1.342163E+0
29.625	-1.670532E+0	3.356934E-3	3.220520E+0	1.360779E+0
29.6407	-1.682129E+0	9.155273E-4	3.218994E+0	1.382751E+0
29.6407	-1.728821E+0	-9.155273E-3	3.217773E+0	1.402588E+0
29.6563	-1.737671E+0	-9.765625E-3	3.217163E+0	1.421814E+0
29.6719	-1.787415E+0	-1.556396E-2	3.215942E+0	1.442871E+0
29.6719	-1.794739E+0	-1.617432E-2	3.214417E+0	1.462402E+0
29.6875	-1.839294E+0	-2.746582E-2	3.213806E+0	1.481323E+0
29.7032	-1.853943E+0	-3.204346E-2	3.212280E+0	1.502686E+0
29.7032	-1.895142E+0	-4.241943E-2	3.211060E+0	1.522217E+0
29.7188	-1.901245E+0	-3.997803E-2	3.209839E+0	1.541138E+0
29.7344	-1.945496E+0	-4.852295E-2	3.209229E+0	1.562500E+0
29.7344	-1.968689E+0	-5.157471E-2	3.208008E+0	1.581421E+0
29.75	-1.998291E+0	-6.011963E-2	3.207703E+0	1.600342E+0
29.75	-2.031860E+0	-6.134033E-2	3.205872E+0	1.622314E+0
29.7657	-2.053833E+0	-7.293701E-2	3.204956E+0	1.642151E+0
29.7813	-2.086792E+0	-7.415771E-2	3.204041E+0	1.661072E+0
29.7813	-2.103271E+0	-8.026123E-2	3.203125E+0	1.682434E+0
29.7969	-2.137146E+0	-8.666992E-2	3.202515E+0	1.701965E+0
29.7969	-2.168274E+0	-9.002686E-2	3.200989E+0	1.721497E+0
29.8125	-2.208862E+0	-9.582520E-2	3.200073E+0	1.742554E+0
29.8282	-2.211304E+0	-1.074219E-1	3.198853E+0	1.761475E+0
29.8282	-2.260132E+0	-1.052856E-1	3.198242E+0	1.780701E+0
29.8438	-2.273560E+0	-1.141357E-1	3.196716E+0	1.802368E+0
29.8594	-2.319336E+0	-1.239014E-1	3.195801E+0	1.821594E+0
29.8594	-2.330627E+0	-1.272583E-1	3.195801E+0	1.840210E+0
29.875	-2.379456E+0	-1.330566E-1	3.193665E+0	1.861572E+0
29.8907	-2.393799E+0	-1.385498E-1	3.192444E+0	1.880798E+0
29.8907	-2.438049E+0	-1.489258E-1	3.191833E+0	1.900024E+0
29.9063	-2.463989E+0	-1.419067E-1	3.190918E+0	1.921692E+0
29.9219	-2.499390E+0	-1.626587E-1	3.188782E+0	1.940918E+0
29.9219	-2.519226E+0	-1.577759E-1	3.188782E+0	1.960144E+0
29.9375	-2.554626E+0	-1.757812E-1	3.187561E+0	1.981201E+0
29.9532	-2.597046E+0	-1.770020E-1	3.185425E+0	2.001038E+0
29.9532	-2.624817E+0	-1.837158E-1	3.185730E+0	2.019653E+0
29.9688	-2.659302E+0	-1.879883E-1	3.184509E+0	2.041016E+0
29.9844	-2.683716E+0	-1.934814E-1	3.183289E+0	2.060242E+0
29.9844	-2.723083E+0	-1.956177E-1	3.182678E+0	2.080078E+0
30.0	-2.740784E+0	-2.038574E-1	3.181458E+0	2.100525E+0
30.0	-2.796021E+0	-2.203369E-1	3.179626E+0	2.120361E+0
30.0157	-2.800293E+0	-2.178955E-1	3.179016E+0	2.139587E+0
30.0313	-2.860107E+0	-2.267456E-1	3.178406E+0	2.160950E+0
30.0469	-2.873840E+0	-2.288818E-1	3.177490E+0	2.181396E+0
30.0469	-2.916870E+0	-2.319336E-1	3.176270E+0	2.197876E+0
30.0625	-2.942810E+0	-2.435303E-1	3.175354E+0	2.221069E+0
30.0625	-2.991028E+0	-2.505493E-1	3.174133E+0	2.240601E+0
30.0782	-3.000793E+0	-2.548218E-1	3.173218E+0	2.260132E+0
30.0938	-3.054810E+0	-2.603149E-1	3.172607E+0	2.280579E+0
30.0938	-3.071594E+0	-2.676392E-1	3.171387E+0	2.299500E+0
30.1094	-3.134766E+0	-2.743530E-1	3.169861E+0	2.320251E+0
30.1094	-3.143921E+0	-2.746582E-1	3.168945E+0	2.341003E+0
30.125	-3.189087E+0	-2.819824E-1	3.167114E+0	2.360840E+0
30.1407	-3.212891E+0	-2.935791E-1	3.165894E+0	2.379150E+0
30.1407	-3.256226E+0	-2.972412E-1	3.164673E+0	2.400513E+0
30.1563	-3.298340E+0	-3.033447E-1	3.163757E+0	2.420654E+0
30.1719	-3.321838E+0	-3.192139E-1	3.163147E+0	2.439270E+0
30.1719	-3.364563E+0	-3.170776E-1	3.162231E+0	2.461243E+0
30.1875	-3.380432E+0	-3.213501E-1	3.161011E+0	2.480469E+0
30.1875	-3.436279E+0	-3.247070E-1	3.160095E+0	2.500000E+0
30.2032	-3.459167E+0	-3.356934E-1	3.159790E+0	2.520752E+0
30.2188	-3.512878E+0	-3.405762E-1	3.157959E+0	2.539978E+0
30.2188	-3.518982E+0	-3.378296E-1	3.157043E+0	2.558899E+0
30.2344	-3.578796E+0	-3.546143E-1	3.156128E+0	2.579651E+0
30.25	-3.588867E+0	-3.524780E-1	3.154602E+0	2.599182E+0
30.25	-3.635254E+0	-3.662109E-1	3.154297E+0	2.618103E+0
30.2657	-3.661499E+0	-3.756714E-1	3.153076E+0	2.639771E+0
30.2813	-3.706360E+0	-3.839111E-1	3.152161E+0	2.658997E+0
30.2813	-3.720398E+0	-3.750610E-1	3.151550E+0	2.678833E+0
30.2969	-3.770142E+0	-3.897095E-1	3.149719E+0	2.699585E+0
30.3125	-3.788147E+0	-3.933716E-1	3.148804E+0	2.719116E+0
30.3125	-3.837891E+0	-3.982544E-1	3.148499E+0	2.737732E+0
30.3282	-3.858948E+0	-4.028320E-1	3.147278E+0	2.759705E+0
30.3438	-3.896790E+0	-4.110718E-1	3.145447E+0	2.778320E+0
30.3438	-3.923950E+0	-4.159546E-1	3.144531E+0	2.797852E+0
30.3594	-3.961792E+0	-4.244995E-1	3.143005E+0	2.819214E+0
30.375	-4.012451E+0	-4.284668E-1	3.142090E+0	2.838135E+0
30.375	-4.045715E+0	-4.309082E-1	3.141174E+0	2.857666E+0
30.3907	-4.078979E+0	-4.379272E-1	3.139954E+0	2.879639E+0
30.3907	-4.093628E+0	-4.492187E-1	3.139343E+0	2.898560E+0
30.4063	-4.139404E+0	-4.501343E-1	3.137512E+0	2.918396E+0
30.4219	-4.161072E+0	-4.577637E-1	3.136902E+0	2.940063E+0
30.4219	-4.210510E+0	-4.602051E-1	3.135681E+0	2.958069E+0
30.4375	-4.228821E+0	-4.663086E-1	3.135376E+0	2.977905E+0
30.4532	-4.259644E+0	-4.714966E-1	3.134155E+0	2.999268E+0
30.4532	-4.234314E+0	-4.696655E-1	3.132935E+0	3.018494E+0
30.4688	-4.226685E+0	-4.641724E-1	3.132019E+0	3.037720E+0
30.4844	-4.021606E+0	-4.531860E-1	3.131104E+0	3.058777E+0
30.4844	-3.930359E+0	-4.385376E-1	3.129578E+0	3.078613E+0
30.5	-3.855896E+0	-4.299927E-1	3.129272E+0	3.096924E+0
30.5	-3.737793E+0	-4.110718E-1	3.128052E+0	3.118896E+0
30.5157	-3.624878E+0	-3.979492E-1	3.126526E+0	3.138428E+0
30.5313	-3.577576E+0	-3.906250E-1	3.126526E+0	3.157959E+0
30.5313	-3.395386E+0	-3.735352E-1	3.125000E+0	3.179016E+0
30.5469	-3.322449E+0	-3.631592E-1	3.123779E+0	3.198242E+0
30.5469	-3.228455E+0	-3.540039E-1	3.122253E+0	3.217468E+0
30.5625	-3.135376E+0	-3.417969E-1	3.120728E+0	3.238831E+0
30.5782	-3.100891E+0	-3.329468E-1	3.120728E+0	3.257446E+0
30.5782	-3.072815E+0	-3.323364E-1	3.119507E+0	3.277893E+0
30.5938	-3.024902E+0	-3.253174E-1	3.118286E+0	3.298035E+0
30.6094	-2.995911E+0	-3.295898E-1	3.117371E+0	3.316956E+0
30.6094	-3.007507E+0	-3.308105E-1	3.116760E+0	3.336487E+0
30.625	-2.980347E+0	-3.280640E-1	3.115234E+0	3.357544E+0
30.6407	-2.999878E+0	-3.280640E-1	3.114319E+0	3.377075E+0
30.6407	-2.969055E+0	-3.256226E-1	3.113708E+0	3.396301E+0
30.6563	-2.975769E+0	-3.289795E-1	3.112183E+0	3.417664E+0
30.6719	-2.939453E+0	-3.259277E-1	3.110657E+0	3.437500E+0
30.6719	-2.954102E+0	-3.277588E-1	3.110657E+0	3.456116E+0
30.6875	-2.921753E+0	-3.231812E-1	3.109436E+0	3.477783E+0
30.7032	-2.921448E+0	-3.308105E-1	3.108521E+0	3.497009E+0
30.7032	-2.908020E+0	-3.253174E-1	3.107605E+0	3.515625E+0
30.7188	-2.924500E+0	-3.314209E-1	3.106384E+0	3.537598E+0
30.7344	-2.909851E+0	-3.253174E-1	3.105469E+0	3.556519E+0
30.7344	-2.923889E+0	-3.338623E-1	3.104553E+0	3.576965E+0
30.75	-2.919617E+0	-3.250122E-1	3.103333E+0	3.596802E+0
30.75	-2.927246E+0	-3.341675E-1	3.101807E+0	3.616333E+0
30.7657	-2.941895E+0	-3.421021E-1	3.100281E+0	3.635254E+0
30.7813	-2.951355E+0	-3.372192E-1	3.099060E+0	3.656921E+0
30.7969	-2.978821E+0	-3.417969E-1	3.098450E+0	3.677063E+0
30.7969	-2.955627E+0	-3.485107E-1	3.098450E+0	3.694763E+0
30.8125	-2.986755E+0	-3.399658E-1	3.096619E+0	3.717041E+0
30.8125	-2.948914E+0	-3.442383E-1	3.096924E+0	3.736572E+0
30.8282	-2.984619E+0	-3.475952E-1	3.094788E+0	3.756104E+0
30.8438	-2.948303E+0	-3.448486E-1	3.093262E+0	3.776245E+0
30.8438	-2.957764E+0	-3.472900E-1	3.092346E+0	3.795776E+0
30.8594	-2.935181E+0	-3.521729E-1	3.091431E+0	3.815918E+0
30.8594	-2.950745E+0	-3.488159E-1	3.090820E+0	3.836975E+0
30.875	-2.918396E+0	-3.466797E-1	3.090210E+0	3.856201E+0
30.8907	-2.951050E+0	-3.555298E-1	3.088684E+0	3.875732E+0
30.8907	-2.928467E+0	-3.488159E-1	3.087769E+0	3.897400E+0
30.9063	-2.936096E+0	-3.530884E-1	3.086548E+0	3.915710E+0
30.9219	-2.953491E+0	-3.582764E-1	3.085327E+0	3.934937E+0
30.9219	-2.967834E+0	-3.552246E-1	3.084412E+0	3.956604E+0
30.9375	-2.978210E+0	-3.567505E-1	3.083801E+0	3.976135E+0
30.9375	-2.998657E+0	-3.637695E-1	3.082886E+0	3.994751E+0
30.9532	-2.992249E+0	-3.579712E-1	3.081360E+0	4.015503E+0
30.9688	-2.982483E+0	-3.686523E-1	3.080139E+0	4.034729E+0
30.9688	-2.990417E+0	-3.680420E-1	3.079529E+0	4.054260E+0
30.9844	-2.971497E+0	-3.659058E-1	3.077393E+0	4.075012E+0
31.0	-2.988892E+0	-3.695679E-1	3.077087E+0	4.094849E+0
31.0	-2.992859E+0	-3.732300E-1	3.075867E+0	4.113159E+0
31.0157	-3.009033E+0	-3.683472E-1	3.074646E+0	4.136047E+0
31.0313	-2.987061E+0	-3.738403E-1	3.073730E+0	4.154053E+0
31.0313	-3.005676E+0	-3.713989E-1	3.072510E+0	4.174194E+0
31.0469	-2.987976E+0	-3.723145E-1	3.071594E+0	4.194946E+0
31.0625	-3.000793E+0	-3.747559E-1	3.070068E+0	4.214172E+0
31.0625	-2.998962E+0	-3.765869E-1	3.069763E+0	4.233398E+0
31.0782	-3.009338E+0	-3.762817E-1	3.068848E+0	4.255066E+0
31.0938	-3.016968E+0	-3.814697E-1	3.067322E+0	4.274292E+0
31.0938	-3.041687E+0	-3.778076E-1	3.066711E+0	4.292603E+0
31.1094	-3.052368E+0	-3.820801E-1	3.065186E+0	4.314880E+0
31.125	-3.065491E+0	-3.973389E-1	3.064880E+0	4.333496E+0
31.125	-3.076477E+0	-3.918457E-1	3.063965E+0	4.352722E+0
31.1407	-3.076782E+0	-4.000854E-1	3.062744E+0	4.374390E+0
31.1407	-3.099976E+0	-3.930664E-1	3.061523E+0	4.393311E+0
31.1563	-3.109741E+0	-4.013062E-1	3.059998E+0	4.412842E+0
31.1719	-3.121948E+0	-3.982544E-1	3.059387E+0	4.434509E+0
31.1719	-3.115234E+0	-4.019165E-1	3.058472E+0	4.453125E+0
31.1875	-3.130493E+0	-4.025269E-1	3.057861E+0	4.472961E+0
31.2032	-3.114319E+0	-3.985596E-1	3.055115E+0	4.493408E+0
31.2032	-3.132019E+0	-4.055786E-1	3.054810E+0	4.512939E+0
31.2188	-3.119812E+0	-4.141235E-1	3.053894E+0	4.532471E+0
31.2344	-3.119507E+0	-4.067993E-1	3.052979E+0	4.554138E+0
31.2344	-3.104858E+0	-4.092407E-1	3.051453E+0	4.572754E+0
31.25	-3.111877E+0	-4.067993E-1	3.050842E+0	4.591064E+0
31.25	-3.106384E+0	-4.080200E-1	3.049622E+0	4.613342E+0
31.2657	-3.095093E+0	-4.122925E-1	3.048096E+0	4.632263E+0
31.2813	-3.097534E+0	-4.135132E-1	3.047791E+0	4.652100E+0
31.2813	-3.103638E+0	-4.113770E-1	3.047180E+0	4.673157E+0
31.2969	-3.118591E+0	-4.211426E-1	3.045654E+0	4.691772E+0
31.2969	-3.133240E+0	-4.132080E-1	3.044739E+0	4.711914E+0
31.3125	-3.128052E+0	-4.162598E-1	3.043213E+0	4.732666E+0
31.3282	-3.112793E+0	-4.104614E-1	3.042603E+0	4.750061E+0
31.3282	-3.116150E+0	-4.223633E-1	3.042603E+0	4.769897E+0
31.3438	-3.088684E+0	-4.153442E-1	3.040771E+0	4.791260E+0
31.3594	-3.091431E+0	-4.165649E-1	3.039246E+0	4.811096E+0
31.3594	-3.086243E+0	-4.168701E-1	3.038635E+0	4.830322E+0
31.375	-3.073730E+0	-4.183960E-1	3.037720E+0	4.851074E+0
31.3907	-3.049011E+0	-4.135132E-1	3.036499E+0	4.870605E+0
31.3907	-3.039856E+0	-4.162598E-1	3.035583E+0	4.889221E+0
31.4063	-3.014221E+0	-4.034424E-1	3.034363E+0	4.911194E+0
31.4219	-3.000488E+0	-4.022217E-1	3.032532E+0	4.930115E+0
31.4219	-2.974854E+0	-3.900146E-1	3.031921E+0	4.948425E+0
31.4375	-1.510620E-1	-4.141235E-1	3.030701E+0	4.970398E+0
31.4532	-1.541138E-1	-4.165649E-1	3.029480E+0	4.990234E+0
31.4532	-1.495361E-1	-4.168701E-1	3.029175E+0	5.008545E+0
31.4688	-1.580811E-1	-4.113770E-1	3.027649E+0	5.030212E+0
31.4844	-1.446533E-1	-4.141235E-1	3.026123E+0	5.049744E+0
31.4844	-1.467896E-1	-4.141235E-1	3.026123E+0	5.069275E+0
31.5	-1.489258E-1	-4.177856E-1	3.025513E+0	5.090332E+0
31.5	-1.535034E-1	-4.129028E-1	3.023682E+0	5.109253E+0
31.5157	-1.437378E-1	-4.125977E-1	3.023376E+0	5.127869E+0
31.5313	-1.455688E-1	-4.147339E-1	3.021545E+0	5.150146E+0
31.5469	-1.541138E-1	-4.144287E-1	3.020630E+0	5.169373E+0
31.5469	-1.489258E-1	-4.171753E-1	3.019409E+0	5.188293E+0
31.5625	-1.495361E-1	-4.132080E-1	3.019104E+0	5.207214E+0
31.5625	-1.525879E-1	-4.141235E-1	3.017883E+0	5.229492E+0
31.5782	-1.516724E-1	-4.129028E-1	3.016663E+0	5.247803E+0
31.5782	-1.473999E-1	-4.159546E-1	3.016052E+0	5.267944E+0
31.5938	-1.501465E-1	-4.138184E-1	3.014526E+0	5.288391E+0
31.6094	-1.519775E-1	-4.132080E-1	3.013306E+0	5.307922E+0
31.6094	-1.434326E-1	-4.156494E-1	3.013000E+0	5.327148E+0
31.625	-1.449585E-1	-4.168701E-1	3.010559E+0	5.348206E+0
31.6407	-1.544189E-1	-4.156494E-1	3.009644E+0	5.367432E+0
31.6407	-1.483154E-1	-4.190063E-1	3.008728E+0	5.386963E+0
31.6563	-1.446533E-1	-4.177856E-1	3.008118E+0	5.407715E+0
31.6719	-1.489258E-1	-4.199219E-1	3.006897E+0	5.427856E+0
31.6719	-1.528931E-1	-4.156494E-1	3.005371E+0	5.445862E+0
31.6875	-1.480103E-1	-4.122925E-1	3.005371E+0	5.466919E+0
31.7032	-1.501465E-1	-4.125977E-1	3.003540E+0	5.485840E+0
31.7032	-1.467896E-1	-4.153442E-1	3.003235E+0	5.505066E+0
31.7188	-1.464844E-1	-4.159546E-1	3.001709E+0	5.526123E+0
31.7344	-1.452637E-1	-4.202271E-1	3.000488E+0	5.545959E+0
31.7344	-1.467896E-1	-4.190063E-1	3.000183E+0	5.564880E+0
31.75	-1.495361E-1	-4.165649E-1	2.998657E+0	5.585022E+0
31.75	-1.416016E-1	-4.177856E-1	2.997742E+0	5.605164E+0
31.7657	-1.495361E-1	-4.141235E-1	2.996826E+0	5.623169E+0
31.7813	-1.565552E-1	-4.110718E-1	2.995300E+0	5.645447E+0
31.7969	-1.489258E-1	-4.122925E-1	2.994690E+0	5.664978E+0
31.7969	-1.483154E-1	-4.141235E-1	2.993774E+0	5.683899E+0
31.8125	-1.498413E-1	-4.153442E-1	2.992859E+0	5.703735E+0
31.8125	-1.467896E-1	-4.122925E-1	2.992554E+0	5.725098E+0
31.8282	-1.464844E-1	-4.089355E-1	2.990417E+0	5.743103E+0
31.8282	-1.507568E-1	-4.220581E-1	2.989197E+0	5.763245E+0
31.8438	-1.535034E-1	-4.183960E-1	2.987976E+0	5.784607E+0
31.8594	-1.486206E-1	-4.165649E-1	2.987061E+0	5.803528E+0
31.8594	-1.553345E-1	-4.144287E-1	2.985840E+0	5.822754E+0
31.875	-1.440430E-1	-4.122925E-1	2.984619E+0	5.844116E+0
31.8907	-1.437378E-1	-4.171753E-1	2.984009E+0	5.863037E+0
31.8907	-1.446533E-1	-4.132080E-1	2.983093E+0	5.881958E+0
31.9063	-1.510620E-1	-4.119873E-1	2.982178E+0	5.903931E+0
31.9219	-1.443481E-1	-4.110718E-1	2.980652E+0	5.922546E+0
31.9219	-1.470947E-1	-4.177856E-1	2.980042E+0	5.941467E+0
31.9375	-1.470947E-1	-4.168701E-1	2.979126E+0	5.963135E+0
31.9532	-1.510620E-1	-4.205322E-1	2.977600E+0	5.982971E+0
31.9532	-1.477051E-1	-4.174805E-1	2.976990E+0	6.000671E+0
31.9688	-1.483154E-1	-4.144287E-1	2.975464E+0	6.022644E+0
31.9844	-1.492310E-1	-4.144287E-1	2.975159E+0	6.041565E+0
31.9844	-1.467896E-1	-4.144287E-1	2.974548E+0	6.061401E+0
32.0	-1.528931E-1	-4.129028E-1	2.973022E+0	6.082153E+0
32.0	-1.464844E-1	-4.138184E-1	2.971802E+0	6.101685E+0
32.0157	-1.464844E-1	-4.107666E-1	2.971497E+0	6.119690E+0
32.0313	-1.443481E-1	-4.159546E-1	2.970276E+0	6.141357E+0
32.0469	-1.492310E-1	-4.119873E-1	2.969055E+0	6.161804E+0
32.0469	-1.455688E-1	-4.150391E-1	2.967834E+0	6.179504E+0
32.0625	-1.492310E-1	-4.150391E-1	2.966614E+0	6.199036E+0
32.0625	-1.519775E-1	-4.180908E-1	2.964783E+0	6.220398E+0
32.0782	-1.473999E-1	-4.159546E-1	2.963867E+0	6.239624E+0
32.0782	-1.513672E-1	-4.168701E-1	2.962952E+0	6.258545E+0
32.0938	-1.528931E-1	-4.174805E-1	2.962036E+0	6.279602E+0
32.1094	-1.492310E-1	-4.098511E-1	2.961121E+0	6.298523E+0
32.1094	-1.516724E-1	-4.144287E-1	2.961121E+0	6.318970E+0
32.125	-1.498413E-1	-4.135132E-1	2.959595E+0	6.339111E+0
32.1407	-1.519775E-1	-4.162598E-1	2.958069E+0	6.358948E+0
32.1407	-1.538086E-1	-4.141235E-1	2.957764E+0	6.377869E+0
32.1563	-1.452637E-1	-4.135132E-1	2.955627E+0	6.398621E+0
32.1719	-1.473999E-1	-4.177856E-1	2.955322E+0	6.418152E+0
32.1719	-1.507568E-1	-4.165649E-1	2.953796E+0	6.436462E+0
32.1875	-1.470947E-1	-4.080200E-1	2.953186E+0	6.458435E+0
32.2032	-1.489258E-1	-4.171753E-1	2.952576E+0	6.477966E+0
32.2032	-1.535034E-1	-4.138184E-1	2.951660E+0	6.495361E+0
32.2188	-1.599121E-1	-4.202271E-1	2.950134E+0	6.517944E+0
32.2344	-1.431274E-1	-4.138184E-1	2.948303E+0	6.536865E+0
32.2344	-1.513672E-1	-4.141235E-1	2.948608E+0	6.556091E+0
32.25	-1.486206E-1	-4.196167E-1	2.946777E+0	6.576538E+0
32.25	-1.486206E-1	-4.159546E-1	2.945862E+0	6.595764E+0
32.2657	-1.535034E-1	-4.122925E-1	2.943726E+0	6.614380E+0
32.2813	-1.428223E-1	-4.125977E-1	2.942810E+0	6.636963E+0
32.2813	-1.492310E-1	-4.165649E-1	2.942810E+0	6.656494E+0
32.2969	-1.477051E-1	-4.107666E-1	2.941284E+0	6.672363E+0
32.3125	-1.547241E-1	-4.110718E-1	2.940063E+0	6.695862E+0
32.3125	-1.483154E-1	-4.101562E-1	2.939453E+0	6.715088E+0
32.3282	-1.522827E-1	-4.113770E-1	2.938843E+0	6.734314E+0
32.3438	-1.504517E-1	-4.135132E-1	2.937927E+0	6.755066E+0
32.3438	-1.473999E-1	-4.141235E-1	2.936401E+0	6.774902E+0
32.3594	-1.580811E-1	-4.135132E-1	2.935791E+0	6.793823E+0
32.3594	-1.528931E-1	-4.110718E-1	2.934570E+0	6.815186E+0
32.375	-1.519775E-1	-4.187012E-1	2.933350E+0	6.833801E+0
32.3907	-1.477051E-1	-4.162598E-1	2.932739E+0	6.852417E+0
32.3907	-1.452637E-1	-4.116821E-1	2.931824E+0	6.875000E+0
32.4063	-1.528931E-1	-4.138184E-1	2.930298E+0	6.893616E+0
32.4219	-1.522827E-1	-4.187012E-1	2.929077E+0	6.910400E+0
32.4219	-1.492310E-1	-4.135132E-1	2.928467E+0	6.932983E+0
32.4375	-1.431274E-1	-4.080200E-1	2.926941E+0	6.951599E+0
32.4375	-1.550293E-1	-4.177856E-1	2.926331E+0	6.970520E+0
32.4532	-1.470947E-1	-4.177856E-1	2.925110E+0	6.992187E+0
32.4688	-1.501465E-1	-4.147339E-1	2.924500E+0	7.011108E+0
32.4688	-1.461792E-1	-4.171753E-1	2.922974E+0	7.030334E+0
32.4844	-1.425171E-1	-4.174805E-1	2.921143E+0	7.052307E+0
32.5	-1.544189E-1	-4.177856E-1	2.920227E+0	7.071228E+0
32.5	-1.495361E-1	-4.107666E-1	2.919312E+0	7.089233E+0
32.5157	-1.434326E-1	-4.135132E-1	2.918396E+0	7.110901E+0
32.5313	-1.504517E-1	-4.107666E-1	2.917175E+0	7.129822E+0
32.5313	-1.495361E-1	-4.177856E-1	2.916565E+0	7.150269E+0
32.5469	-1.510620E-1	-4.071045E-1	2.915039E+0	7.170410E+0
32.5625	-1.519775E-1	-4.138184E-1	2.914429E+0	7.189331E+0
32.5625	-1.464844E-1	-4.116821E-1	2.913208E+0	7.208862E+0
32.5782	-1.495361E-1	-4.116821E-1	2.912292E+0	7.229614E+0
32.5938	-1.525879E-1	-4.119873E-1	2.911072E+0	7.248535E+0
32.5938	-1.458740E-1	-4.135132E-1	2.910461E+0	7.266846E+0
32.6094	-1.538086E-1	-4.122925E-1	2.908630E+0	7.289124E+0
32.625	-1.501465E-1	-4.147339E-1	2.908325E+0	7.308350E+0
32.625	-1.498413E-1	-4.083252E-1	2.907715E+0	7.326355E+0
32.6407	-1.480103E-1	-4.098511E-1	2.906494E+0	7.348328E+0
32.6407	-1.477051E-1	-4.144287E-1	2.904968E+0	7.367554E+0
32.6563	-1.504517E-1	-4.150391E-1	2.904663E+0	7.387085E+0
32.6719	-1.486206E-1	-4.129028E-1	2.904053E+0	7.408447E+0
32.6719	-1.470947E-1	-4.168701E-1	2.902527E+0	7.427063E+0
32.6875	-1.489258E-1	-4.116821E-1	2.901306E+0	7.445679E+0
32.7032	-1.477051E-1	-4.122925E-1	2.898865E+0	7.467346E+0
32.7032	-1.504517E-1	-4.150391E-1	2.898254E+0	7.485962E+0
32.7188	-1.535034E-1	-4.132080E-1	2.897949E+0	7.504883E+0
32.7344	-1.507568E-1	-4.156494E-1	2.896423E+0	7.526855E+0
32.7344	-1.516724E-1	-4.101562E-1	2.895203E+0	7.545776E+0
32.75	-1.464844E-1	-4.074097E-1	2.893982E+0	7.564087E+0
32.75	-1.577759E-1	-4.083252E-1	2.893372E+0	7.585754E+0
32.7657	-1.510620E-1	-4.132080E-1	2.892151E+0	7.604980E+0
32.7813	-1.507568E-1	-4.125977E-1	2.891541E+0	7.624512E+0
32.7813	-1.525879E-1	-4.141235E-1	2.890930E+0	7.644348E+0
32.7969	-1.538086E-1	-4.092407E-1	2.889404E+0	7.663269E+0
32.7969	-1.516724E-1	-4.101562E-1	2.889099E+0	7.682190E+0
32.8125	-1.458740E-1	-4.116821E-1	2.887878E+0	7.703247E+0
32.8282	-1.425171E-1	-4.083252E-1	2.886658E+0	7.722473E+0
32.8282	-1.480103E-1	-4.141235E-1	2.885437E+0	7.740784E+0
32.8438	-1.489258E-1	-4.037476E-1	2.884216E+0	7.763062E+0
32.8594	-1.507568E-1	-4.113770E-1	2.882996E+0	7.781372E+0
32.8594	-1.470947E-1	-4.064941E-1	2.882385E+0	7.801208E+0
32.875	-1.504517E-1	-4.129028E-1	2.881470E+0	7.821960E+0
32.8907	-1.501465E-1	-4.071045E-1	2.879333E+0	7.841187E+0
32.8907	-1.498413E-1	-4.080200E-1	2.879639E+0	7.860107E+0
32.9063	-1.470947E-1	-4.074097E-1	2.877808E+0	7.881470E+0
32.9219	-1.480103E-1	-4.095459E-1	2.876282E+0	7.900696E+0
32.9219	-1.501465E-1	-4.089355E-1	2.875671E+0	7.918701E+0
32.9375	-1.470947E-1	-4.125977E-1	2.874451E+0	7.940979E+0
32.9532	-1.498413E-1	-3.955078E-1	2.821350E+0	7.959900E+0
32.9532	-1.403809E-1	-3.845215E-1	2.758789E+0	7.960815E+0
32.9688	-1.315308E-1	-3.598022E-1	2.631836E+0	7.960205E+0
32.9844	-1.226807E-1	-3.390503E-1	2.525024E+0	7.960205E+0
32.9844	-1.214600E-1	-3.262329E-1	2.449951E+0	7.960205E+0
33.0	-1.135254E-1	-3.048706E-1	2.323303E+0	7.959290E+0
33.0	-1.083374E-1	-2.822876E-1	2.204285E+0	7.959290E+0
33.0157	-1.062012E-1	-2.700806E-1	2.141418E+0	7.959290E+0
33.0313	-1.010132E-1	-2.569580E-1	2.007446E+0	7.958984E+0
33.0469	-9.643555E-2	-2.383423E-1	1.903076E+0	7.959595E+0
33.0469	-8.819580E-2	-2.233887E-1	1.788940E+0	7.958374E+0
33.0625	-8.514404E-2	-2.160645E-1	1.730652E+0	7.958984E+0
33.0625	-7.293701E-2	-1.989746E-1	1.603088E+0	7.959290E+0
33.0782	-7.476807E-2	-1.895142E-1	1.503296E+0	7.959595E+0
33.0782	-7.049561E-2	-1.782227E-1	1.423035E+0	7.958984E+0
33.0938	-6.683350E-2	-1.693726E-1	1.312866E+0	7.959290E+0
33.1094	-6.103516E-2	-1.553345E-1	1.193542E+0	7.959290E+0
33.1094	-6.134033E-2	-1.434326E-1	1.116638E+0	7.958374E+0
33.125	-5.523682E-2	-1.269531E-1	9.912109E-1	7.959595E+0
33.1407	-5.249023E-2	-1.153564E-1	8.703613E-1	7.958679E+0
33.1407	-5.157471E-2	-1.080322E-1	8.093262E-1	7.959290E+0
33.1563	-4.425049E-2	-9.033203E-2	6.802368E-1	7.958374E+0
33.1719	-3.997803E-2	-8.453369E-2	5.648804E-1	7.958679E+0
33.1719	-3.570557E-2	-7.995605E-2	5.035400E-1	7.958984E+0
33.1875	-3.814697E-2	-7.202148E-2	3.961182E-1	7.958679E+0
33.2032	-3.112793E-2	-5.523682E-2	2.764893E-1	7.958984E+0
33.2032	-3.051758E-2	-4.882812E-2	2.066040E-1	7.958984E+0
33.2188	-2.441406E-2	-3.997803E-2	8.514404E-2	7.959290E+0
33.2344	-2.319336E-2	-3.234863E-2	9.155273E-3	7.958374E+0
33.2344	-2.197266E-2	-2.563477E-2	1.525879E-3	7.870483E+0
33.25	-1.953125E-2	-3.295898E-2	3.051758E-3	7.764282E+0
33.25	-2.288818E-2	-3.051758E-2	4.272461E-3	7.666626E+0
33.2657	-2.349854E-2	-3.387451E-2	4.272461E-3	7.570801E+0
33.2813	-2.868652E-2	-2.990723E-2	5.798340E-3	7.460327E+0
33.2969	-2.105713E-2	-2.960205E-2	6.408691E-3	7.360840E+0
33.2969	-2.624512E-2	-3.356934E-2	5.187988E-3	7.274170E+0
33.3125	-2.075195E-2	-3.112793E-2	6.103516E-3	7.161255E+0
33.3125	-2.044678E-2	-3.692627E-2	6.103516E-3	7.060852E+0
33.3282	-2.929687E-2	-2.899170E-2	5.798340E-3	6.963501E+0
33.3438	-2.075195E-2	-2.807617E-2	6.408691E-3	6.858521E+0
33.3438	-2.014160E-2	-2.990723E-2	6.408691E-3	6.760559E+0
33.3594	-2.136230E-2	-3.417969E-2	6.103516E-3	6.661377E+0
33.3594	-2.593994E-2	-2.868652E-2	6.408691E-3	6.556702E+0
33.375	-2.349854E-2	-3.021240E-2	6.713867E-3	6.456299E+0
33.3907	-2.166748E-2	-2.807617E-2	5.798340E-3	6.370544E+0
33.3907	-2.288818E-2	-3.662109E-2	6.408691E-3	6.255798E+0
33.4063	-1.892090E-2	-3.540039E-2	7.019043E-3	6.158447E+0
33.4219	-2.258301E-2	-2.471924E-2	5.798340E-3	6.056213E+0
33.4219	-2.227783E-2	-3.356934E-2	7.019043E-3	5.953064E+0
33.4375	-2.441406E-2	-3.265381E-2	7.019043E-3	5.853577E+0
33.4375	-2.319336E-2	-3.662109E-2	6.103516E-3	5.756531E+0
33.4532	-2.410889E-2	-3.540039E-2	7.324219E-3	5.650940E+0
33.4688	-2.044678E-2	-3.356934E-2	6.713867E-3	5.553284E+0
33.4688	-2.319336E-2	-2.899170E-2	6.103516E-3	5.454102E+0
33.4844	-2.227783E-2	-3.723145E-2	6.713867E-3	5.349731E+0
33.5	-2.471924E-2	-2.838135E-2	6.713867E-3	5.251770E+0
33.5	-1.953125E-2	-3.509521E-2	6.408691E-3	5.154114E+0
33.5157	-2.349854E-2	-3.692627E-2	7.019043E-3	5.046692E+0
33.5313	-2.532959E-2	-2.899170E-2	6.408691E-3	4.949036E+0
33.5313	-2.593994E-2	-3.295898E-2	6.713867E-3	4.848022E+0
33.5469	-2.471924E-2	-3.356934E-2	6.713867E-3	4.745178E+0
33.5625	-2.502441E-2	-3.082275E-2	6.713867E-3	4.646606E+0
33.5625	-2.014160E-2	-3.173828E-2	6.408691E-3	4.546509E+0
33.5782	-2.197266E-2	-2.746582E-2	6.713867E-3	4.444275E+0
33.5938	-1.770020E-2	-3.173828E-2	6.713867E-3	4.342651E+0
33.5938	-2.014160E-2	-2.624512E-2	7.019043E-3	4.246216E+0
33.6094	-1.861572E-2	-2.197266E-2	7.019043E-3	4.140015E+0
33.625	-1.770020E-2	-3.021240E-2	7.019043E-3	4.040527E+0
33.625	-2.105713E-2	-2.624512E-2	6.408691E-3	3.942566E+0
33.6407	-1.739502E-2	-2.807617E-2	6.713867E-3	3.837280E+0
33.6407	-2.258301E-2	-2.380371E-2	6.713867E-3	3.737793E+0
33.6563	-1.617432E-2	-2.502441E-2	6.408691E-3	3.638611E+0
33.6719	-1.800537E-2	-2.471924E-2	6.408691E-3	3.533325E+0
33.6719	-1.953125E-2	-2.136230E-2	6.408691E-3	3.434753E+0
33.6875	-1.464844E-2	-2.197266E-2	6.713867E-3	3.334961E+0
33.7032	-1.861572E-2	-1.892090E-2	6.103516E-3	3.230896E+0
33.7032	-1.647949E-2	-1.953125E-2	6.713867E-3	3.130493E+0
33.7188	-1.739502E-2	-2.288818E-2	5.798340E-3	3.034363E+0
33.7344	-1.098633E-2	-2.349854E-2	7.019043E-3	2.927856E+0
33.7344	-1.678467E-2	-2.075195E-2	7.324219E-3	2.828369E+0
33.75	-1.678467E-2	-2.044678E-2	6.713867E-3	2.730713E+0
33.75	-2.075195E-2	-2.258301E-2	6.408691E-3	2.624512E+0
33.7657	-2.746582E-2	-2.136230E-2	6.713867E-3	2.524719E+0
33.7813	-1.190186E-2	-1.739502E-2	6.408691E-3	2.425537E+0
33.7813	-1.586914E-2	-1.159668E-2	6.408691E-3	2.322388E+0
33.7969	-1.800537E-2	-2.075195E-2	6.408691E-3	2.222900E+0
33.7969	-1.525879E-2	-2.227783E-2	5.798340E-3	2.122803E+0
33.8125	-2.471924E-2	-1.373291E-2	6.713867E-3	2.018127E+0
33.8282	-1.831055E-2	-1.953125E-2	6.408691E-3	1.918640E+0
33.8282	-1.281738E-2	-1.373291E-2	6.103516E-3	1.820374E+0
33.8438	-1.556396E-2	-1.220703E-2	6.408691E-3	1.715393E+0
33.8594	-1.861572E-2	-1.495361E-2	6.713867E-3	1.616211E+0
33.8594	-1.434326E-2	-1.617432E-2	6.103516E-3	1.515198E+0
33.875	-1.800537E-2	-5.798340E-3	7.019043E-3	1.411438E+0
33.8907	-1.495361E-2	-1.312256E-2	7.019043E-3	1.311951E+0
33.8907	-1.098633E-2	-3.662109E-3	7.629395E-3	1.214294E+0
33.9063	-1.495361E-2	-6.713867E-3	7.934570E-3	1.108398E+0
33.9219	-1.464844E-2	-3.662109E-3	7.629395E-3	1.008606E+0
33.9219	-1.159668E-2	-3.967285E-3	7.629395E-3	9.115601E-1
33.9375	-1.098633E-2	-7.019043E-3	8.239746E-3	8.053589E-1
33.9532	-5.493164E-3	-3.662109E-3	7.934570E-3	7.058716E-1
33.9532	-1.708984E-2	-1.525879E-3	7.324219E-3	6.079102E-1
33.9688	-1.281738E-2	-9.155273E-4	6.713867E-3	5.026245E-1
33.9844	-1.373291E-2	4.577637E-3	7.934570E-3	4.037476E-1
33.9844	-1.098633E-2	-4.577637E-3	7.629395E-3	3.018188E-1
34.0	-1.312256E-2	2.441406E-3	7.324219E-3	1.995850E-1
34.0	-1.220703E-2	2.441406E-3	7.629395E-3	9.979248E-2
34.0157	-1.312256E-2	5.798340E-3	7.934570E-3	1.220703E-3
34.0313	-9.155273E-3	9.155273E-4	7.934570E-3	1.220703E-3
34.0469	-1.007080E-2	8.239746E-3	7.934570E-3	2.441406E-3
34.0469	-8.239746E-3	7.629395E-3	8.239746E-3	3.051758E-3
34.0625	-1.403809E-2	3.051758E-4	8.544922E-3	4.882812E-3
34.0625	-2.014160E-2	3.356934E-3	8.239746E-3	4.577637E-3
34.0782	-1.159668E-2	3.051758E-4	8.239746E-3	4.577637E-3
34.0782	-1.586914E-2	3.967285E-3	7.629395E-3	4.272461E-3
34.0938	-8.850098E-3	6.408691E-3	8.544922E-3	4.577637E-3
34.1094	-2.105713E-2	6.103516E-3	7.934570E-3	4.577637E-3
34.1094	-1.190186E-2	-6.103516E-4	7.629395E-3	4.577637E-3
34.125	-1.251221E-2	-9.155273E-4	7.934570E-3	4.882812E-3
34.1407	-1.251221E-2	3.051758E-4	7.934570E-3	4.272461E-3
34.1407	-9.765625E-3	-2.441406E-3	8.239746E-3	5.187988E-3
34.1563	-1.861572E-2	7.629395E-3	7.629395E-3	3.967285E-3
34.1719	-1.373291E-2	3.051758E-3	7.629395E-3	4.577637E-3
34.1719	-2.136230E-2	6.713867E-3	8.544922E-3	4.577637E-3
34.1875	-5.493164E-3	-1.831055E-3	7.934570E-3	4.882812E-3
34.2032	-7.629395E-3	-2.441406E-3	7.629395E-3	5.493164E-3
34.2032	-1.129150E-2	4.272461E-3	8.239746E-3	5.493164E-3
34.2188	-1.098633E-2	5.493164E-3	8.544922E-3	5.187988E-3
34.2344	-1.342773E-2	3.967285E-3	7.629395E-3	4.577637E-3
34.2344	-6.408691E-3	7.019043E-3	8.239746E-3	5.187988E-3
34.25	-1.342773E-2	2.136230E-3	7.934570E-3	4.882812E-3
34.25	-1.098633E-2	5.493164E-3	7.934570E-3	4.882812E-3
34.2657	-1.007080E-2	3.051758E-3	7.934570E-3	5.493164E-3
34.2813	-1.617432E-2	3.967285E-3	8.239746E-3	5.187988E-3
34.2969	-7.324219E-3	-6.103516E-4	8.239746E-3	4.882812E-3
34.2969	-1.281738E-2	1.220703E-3	7.934570E-3	5.187988E-3
34.3125	-1.739502E-2	3.051758E-3	8.544922E-3	5.187988E-3
34.3125	-8.544922E-3	3.356934E-3	7.629395E-3	5.493164E-3
34.3282	-1.373291E-2	4.882812E-3	7.934570E-3	5.187988E-3
34.3282	-7.934570E-3	3.356934E-3	7.934570E-3	5.493164E-3
34.3438	-3.356934E-3	3.051758E-4	7.934570E-3	5.187988E-3
34.3594	-1.037598E-2	6.103516E-4	8.544922E-3	5.187988E-3
34.3594	-1.495361E-2	2.441406E-3	7.629395E-3	4.272461E-3
34.375	-2.075195E-2	2.441406E-3	7.629395E-3	4.882812E-3
34.3907	-1.068115E-2	0.000000E+0	8.239746E-3	4.272461E-3
34.3907	-9.765625E-3	1.831055E-3	7.934570E-3	4.882812E-3
34.4063	-1.098633E-2	-2.441406E-3	8.544922E-3	5.493164E-3
34.4219	-1.617432E-2	3.356934E-3	8.239746E-3	4.882812E-3
34.4219	-7.934570E-3	5.187988E-3	7.629395E-3	5.187988E-3
34.4375	-1.342773E-2	-2.441406E-3	7.934570E-3	4.577637E-3
34.4532	-9.765625E-3	-1.831055E-3	8.239746E-3	4.577637E-3
34.4532	-9.155273E-3	-6.103516E-4	7.934570E-3	5.493164E-3
34.4688	-9.460449E-3	4.272461E-3	8.239746E-3	5.187988E-3
34.4844	-1.037598E-2	4.577637E-3	8.239746E-3	4.882812E-3
34.4844	-8.850098E-3	5.493164E-3	8.239746E-3	5.187988E-3
34.5	-1.495361E-2	2.136230E-3	7.934570E-3	4.882812E-3
34.5	-1.129150E-2	1.831055E-3	8.544922E-3	5.187988E-3
34.5157	-1.464844E-2	5.187988E-3	8.544922E-3	5.187988E-3
34.5313	-1.251221E-2	2.136230E-3	7.934570E-3	4.882812E-3
34.5469	-1.159668E-2	9.155273E-4	7.629395E-3	5.493164E-3
34.5469	-1.373291E-2	1.831055E-3	8.544922E-3	5.187988E-3
34.5625	-5.798340E-3	1.831055E-3	8.544922E-3	4.882812E-3
34.5625	-2.166748E-2	1.831055E-3	7.934570E-3	5.493164E-3
34.5782	-7.934570E-3	3.051758E-4	8.544922E-3	4.882812E-3
34.5782	-1.464844E-2	9.155273E-4	7.934570E-3	5.187988E-3
34.5938	-6.408691E-3	1.831055E-3	7.934570E-3	5.493164E-3
34.6094	-6.408691E-3	6.408691E-3	8.239746E-3	5.187988E-3
34.6094	-3.662109E-3	3.967285E-3	8.239746E-3	4.577637E-3
34.625	-7.019043E-3	1.525879E-3	7.934570E-3	4.577637E-3
34.6407	-1.251221E-2	1.525879E-3	7.629395E-3	4.882812E-3
34.6407	-1.525879E-2	7.324219E-3	7.934570E-3	5.798340E-3
34.6563	-9.765625E-3	6.103516E-3	8.239746E-3	4.577637E-3
34.6719	-1.159668E-2	6.408691E-3	7.934570E-3	5.493164E-3
34.6719	-8.850098E-3	-1.220703E-3	7.629395E-3	5.187988E-3
34.6875	-1.220703E-2	3.051758E-4	8.544922E-3	5.187988E-3
34.7032	-5.493164E-3	8.850098E-3	7.934570E-3	5.187988E-3
34.7032	-1.068115E-2	3.051758E-4	7.934570E-3	5.493164E-3
34.7188	-1.525879E-2	-6.103516E-4	7.934570E-3	4.882812E-3
34.7344	-8.544922E-3	3.051758E-4	7.934570E-3	4.577637E-3
34.7344	-1.251221E-2	3.051758E-4	7.934570E-3	4.882812E-3
34.75	-6.713867E-3	3.662109E-3	7.934570E-3	4.577637E-3
34.75	-8.850098E-3	-2.136230E-3	7.324219E-3	5.493164E-3
34.7657	-7.324219E-3	-2.441406E-3	8.544922E-3	5.187988E-3
34.7813	-8.850098E-3	1.525879E-3	8.544922E-3	5.493164E-3
34.7813	-1.159668E-2	1.831055E-3	7.934570E-3	4.882812E-3
34.7969	-9.460449E-3	-6.103516E-4	8.239746E-3	5.187988E-3
34.8125	-1.007080E-2	9.155273E-4	7.934570E-3	5.187988E-3
34.8125	-7.019043E-3	3.662109E-3	8.239746E-3	5.187988E-3
34.8282	-5.187988E-3	-1.220703E-3	8.239746E-3	5.187988E-3
34.8438	-1.434326E-2	6.103516E-4	7.629395E-3	5.187988E-3
34.8438	-1.434326E-2	-1.220703E-3	7.629395E-3	4.577637E-3
34.8594	-7.324219E-3	5.493164E-3	7.934570E-3	5.187988E-3
34.875	-8.239746E-3	-3.051758E-4	7.934570E-3	4.882812E-3
34.875	-1.129150E-2	2.441406E-3	7.019043E-3	4.882812E-3
34.8907	-8.544922E-3	-1.525879E-3	7.934570E-3	4.882812E-3
34.8907	-4.272461E-3	0.000000E+0	7.629395E-3	4.882812E-3
34.9063	-1.373291E-2	-4.882812E-3	7.934570E-3	4.882812E-3
34.9219	-8.544922E-3	3.967285E-3	7.629395E-3	4.577637E-3
34.9219	-9.460449E-3	-3.051758E-4	7.934570E-3	5.187988E-3
34.9375	-1.281738E-2	1.831055E-3	7.934570E-3	4.882812E-3
34.9375	-1.037598E-2	3.051758E-4	7.629395E-3	5.493164E-3
34.9532	-6.713867E-3	-2.136230E-3	7.629395E-3	5.187988E-3
34.9688	-8.544922E-3	7.629395E-3	7.934570E-3	5.187988E-3
34.9688	-1.373291E-2	5.187988E-3	8.239746E-3	5.187988E-3
34.9844	-1.159668E-2	3.356934E-3	8.239746E-3	5.187988E-3
35.0	-1.342773E-2	2.441406E-3	7.934570E-3	5.187988E-3
35.0	-8.850098E-3	-7.934570E-3	8.239746E-3	5.493164E-3
35.0157	-8.544922E-3	-4.577637E-3	8.544922E-3	5.187988E-3
